27, 8, pa1-debug-e-output1.txt
  205.42,   204.49,   194.78
  396.37,   396.95,   197.21
  212.90,   209.56,   211.11
  214.29,   210.30,   332.80
  215.99,   211.06,   455.74
  208.55,   333.47,   209.67
  211.28,   333.77,   331.82
  213.69,   334.41,   455.86
  204.60,   457.10,   207.77
  207.86,   457.92,   331.08
  210.64,   458.92,   455.91
  337.76,   212.32,   207.68
  338.89,   212.71,   331.73
  340.06,   213.31,   456.10
  333.42,   336.14,   206.18
  335.37,   337.34,   330.67
  337.24,   338.51,   455.48
  329.39,   460.41,   204.91
  331.98,   462.14,   329.72
  334.32,   463.72,   455.01
  461.99,   214.77,   204.29
  463.46,   215.39,   330.57
  465.13,   216.18,   456.30
  458.14,   339.05,   202.77
  459.95,   340.97,   329.14
  461.65,   342.11,   454.87
  454.35,   464.25,   202.25
  456.38,   466.21,   327.85
  458.08,   467.83,   453.60
  209.04,   212.94,   446.27
  212.44,   213.10,   572.69
  216.46,   212.98,   701.84
  211.35,   336.26,   447.38
  214.02,   336.96,   574.04
  216.26,   337.53,   702.87
  212.89,   460.90,   448.39
  215.06,   461.02,   575.04
  215.84,   461.26,   702.15
  333.13,   210.62,   445.44
  336.26,   210.34,   570.56
  340.20,   210.05,   696.22
  334.91,   335.77,   445.88
  337.70,   335.53,   571.47
  340.33,   334.84,   697.50
  336.59,   461.05,   446.40
  339.02,   460.61,   572.41
  340.62,   459.61,   698.34
  458.12,   208.77,   444.63
  461.22,   208.19,   568.18
  464.29,   207.77,   690.61
  459.34,   334.72,   444.26
  462.22,   334.37,   568.53
  465.37,   333.55,   692.04
  460.41,   460.49,   443.89
  463.35,   460.34,   569.36
  466.91,   459.48,   694.13
  210.94,   450.02,   210.23
  211.99,   452.62,   333.51
  212.51,   455.41,   458.37
  207.97,   574.45,   206.78
  208.17,   578.55,   330.95
  208.43,   581.88,   455.55
  204.98,   700.45,   204.32
  204.50,   705.72,   328.32
  204.27,   709.28,   452.21
  335.74,   452.93,   209.51
  336.09,   456.47,   334.35
  336.19,   459.83,   459.65
  332.56,   578.38,   206.88
  332.86,   581.99,   331.96
  332.92,   584.76,   457.03
  329.77,   705.24,   204.90
  329.58,   707.85,   329.88
  329.11,   709.79,   454.22
  460.78,   456.36,   209.02
  460.52,   460.13,   334.69
  459.98,   463.52,   460.43
  457.35,   582.45,   207.29
  457.30,   585.25,   332.51
  457.07,   587.70,   457.93
  453.72,   709.45,   205.86
  454.08,   709.90,   331.03
  454.13,   710.61,   455.68
  210.00,   450.58,   447.48
  206.06,   453.55,   574.08
  200.84,   456.86,   701.19
  207.73,   577.09,   444.82
  204.06,   578.62,   570.76
  198.97,   580.16,   696.55
  205.34,   704.55,   441.64
  201.97,   704.92,   566.24
  198.00,   703.89,   691.50
  333.67,   453.27,   451.67
  329.95,   455.55,   577.70
  325.22,   457.34,   703.78
  332.21,   578.33,   449.16
  328.54,   580.12,   574.80
  324.14,   581.78,   700.62
  330.20,   703.37,   446.47
  326.93,   704.95,   571.14
  324.01,   706.45,   696.48
  457.46,   455.24,   455.38
  454.26,   457.76,   580.76
  451.50,   459.61,   705.52
  456.31,   579.62,   452.91
  453.31,   581.95,   578.52
  450.50,   584.78,   703.94
  455.18,   702.56,   450.73
  452.14,   705.68,   575.60
  449.34,   710.20,   701.07
  449.34,   207.97,   209.52
  450.45,   209.15,   335.62
  451.77,   210.55,   461.18
  446.99,   332.24,   207.25
  448.50,   334.76,   333.55
  449.94,   336.50,   459.17
  444.73,   457.34,   205.91
  446.53,   460.02,   331.54
  448.02,   462.29,   457.26
  573.35,   209.19,   207.64
  575.57,   210.91,   333.85
  578.21,   213.12,   459.44
  572.09,   333.90,   205.21
  574.00,   336.36,   331.49
  575.94,   338.54,   457.29
  570.78,   459.68,   204.04
  572.08,   461.69,   329.26
  573.23,   464.00,   454.97
  697.16,   210.90,   207.44
  701.11,   213.88,   331.36
  705.12,   216.70,   455.56
  697.15,   335.98,   204.36
  700.00,   338.17,   328.51
  702.86,   340.44,   453.70
  696.76,   461.84,   202.78
  698.03,   463.14,   326.32
  699.64,   465.08,   451.54
  449.57,   210.89,   451.71
  452.29,   211.24,   575.22
  455.05,   211.80,   697.88
  447.81,   336.83,   450.50
  450.30,   337.40,   574.81
  453.09,   337.50,   698.54
  445.97,   462.59,   449.37
  448.49,   463.27,   574.86
  451.50,   463.32,   699.69
  575.89,   213.34,   449.06
  578.80,   213.69,   572.14
  580.35,   213.66,   694.62
  573.74,   338.78,   447.67
  576.45,   339.56,   571.95
  579.09,   339.27,   695.78
  571.13,   464.23,   446.11
  574.14,   465.33,   571.89
  577.92,   465.39,   697.26
  702.72,   216.81,   444.26
  705.94,   217.35,   568.42
  706.75,   216.56,   694.03
  700.60,   340.61,   443.10
  703.48,   341.63,   568.52
  705.97,   342.07,   694.84
  697.51,   465.28,   441.69
  700.29,   466.49,   568.29
  703.41,   467.88,   695.09
  450.11,   451.08,   208.66
  450.39,   453.90,   334.35
  450.37,   456.31,   460.09
  448.49,   577.16,   207.84
  448.95,   579.10,   333.10
  449.21,   580.67,   458.57
  446.71,   704.21,   207.38
  447.51,   703.84,   332.58
  448.00,   703.66,   457.26
  576.19,   452.77,   208.28
  575.98,   454.96,   333.56
  575.67,   457.43,   459.30
  574.34,   578.80,   207.88
  574.25,   580.15,   332.34
  574.24,   581.91,   457.48
  571.31,   704.91,   207.89
  572.70,   704.60,   331.99
  573.72,   704.94,   456.13
  702.10,   454.30,   208.45
  701.97,   455.82,   332.04
  702.16,   457.92,   457.39
  700.47,   579.53,   207.98
  700.03,   581.00,   330.86
  700.00,   583.00,   455.17
  696.69,   703.89,   207.76
  698.24,   706.12,   330.26
  699.20,   707.96,   453.36
  450.62,   451.67,   450.74
  452.06,   450.29,   576.14
  454.00,   448.21,   700.85
  449.10,   576.14,   452.27
  450.75,   574.57,   577.93
  452.67,   573.41,   703.36
  447.57,   699.15,   454.04
  449.24,   698.32,   579.01
  451.16,   698.81,   704.63
  575.92,   453.11,   448.58
  577.83,   452.12,   574.31
  580.45,   449.98,   699.55
  574.10,   577.69,   449.83
  576.29,   576.65,   575.85
  578.71,   575.86,   702.05
  573.22,   700.77,   451.58
  574.95,   700.38,   576.74
  576.10,   701.28,   703.07
  702.39,   453.98,   445.28
  704.08,   453.12,   571.89
  706.15,   452.42,   698.63
  699.87,   579.08,   446.18
  701.58,   578.21,   572.84
  703.14,   577.53,   700.45
  698.69,   704.05,   447.50
  700.11,   703.01,   572.78
  700.62,   702.16,   700.35
