27, 8, pa1-debug-c-output1.txt
  200.36,   196.76,   207.22
  402.96,   408.05,   198.29
  210.74,   210.23,   210.82
  208.07,   213.45,   335.80
  205.24,   216.52,   460.68
  212.83,   335.18,   207.83
  210.15,   338.39,   332.87
  207.30,   341.44,   457.87
  214.84,   460.23,   204.87
  212.05,   463.22,   329.89
  209.13,   466.21,   454.96
  335.59,   208.43,   213.77
  332.86,   211.32,   338.79
  330.02,   214.27,   463.70
  337.74,   333.28,   210.83
  334.92,   336.37,   335.73
  332.07,   339.36,   460.70
  339.85,   458.25,   207.80
  336.92,   461.38,   332.65
  334.03,   464.40,   457.69
  460.62,   206.56,   216.70
  457.60,   209.16,   341.64
  454.66,   212.03,   466.57
  462.76,   331.51,   213.78
  459.69,   334.28,   338.56
  456.78,   337.11,   463.51
  464.90,   456.33,   210.78
  461.85,   459.39,   335.50
  458.95,   462.34,   460.48
  211.78,   209.02,   448.97
  215.07,   205.79,   573.87
  218.17,   202.47,   698.85
  210.99,   333.97,   452.11
  214.20,   330.82,   576.98
  217.20,   327.61,   701.81
  209.96,   458.75,   455.17
  213.19,   455.75,   580.02
  216.40,   452.79,   704.71
  336.55,   209.64,   445.58
  339.97,   206.66,   570.37
  343.29,   203.74,   695.20
  335.74,   334.76,   448.51
  339.14,   331.62,   573.47
  342.54,   328.47,   698.46
  334.84,   459.82,   451.46
  338.25,   456.60,   576.51
  341.69,   453.33,   701.52
  461.18,   210.27,   442.02
  464.74,   207.52,   566.87
  468.43,   205.06,   691.73
  460.44,   335.39,   444.90
  464.08,   332.33,   569.98
  467.85,   329.46,   695.09
  459.76,   460.64,   447.83
  463.35,   457.40,   573.01
  467.03,   454.03,   698.22
  210.13,   449.39,   208.26
  207.66,   451.54,   333.32
  205.04,   453.68,   458.40
  211.39,   574.38,   206.08
  208.75,   576.37,   331.17
  206.06,   578.48,   456.22
  212.75,   699.25,   203.92
  210.07,   701.21,   329.06
  207.34,   703.36,   453.94
  335.15,   448.26,   210.87
  332.53,   450.53,   335.75
  329.94,   452.68,   460.81
  336.36,   573.30,   208.65
  333.69,   575.47,   333.62
  331.01,   577.64,   458.69
  337.67,   698.32,   206.41
  334.97,   700.35,   331.61
  332.21,   702.49,   456.64
  460.21,   447.19,   213.52
  457.46,   449.37,   338.26
  454.86,   451.45,   463.27
  461.46,   572.20,   211.29
  458.81,   574.43,   336.18
  456.17,   576.64,   461.22
  462.70,   697.30,   209.09
  460.17,   699.33,   334.24
  457.40,   701.62,   459.32
  209.85,   451.37,   449.31
  207.92,   448.49,   574.21
  205.93,   445.67,   698.93
  207.37,   576.14,   452.07
  205.51,   573.35,   576.98
  203.78,   570.59,   701.71
  205.16,   700.99,   454.73
  203.41,   698.17,   579.74
  201.81,   695.28,   704.70
  334.74,   453.78,   450.80
  332.97,   450.70,   575.89
  331.21,   447.58,   700.92
  332.33,   578.71,   453.63
  330.59,   575.72,   578.70
  328.90,   572.73,   703.62
  330.04,   703.51,   456.53
  328.33,   700.75,   581.50
  326.64,   698.09,   706.26
  459.66,   455.95,   452.37
  458.09,   452.83,   577.60
  456.59,   449.61,   702.84
  457.49,   581.11,   455.27
  455.75,   578.12,   580.42
  454.08,   574.95,   705.49
  455.23,   706.04,   458.32
  453.32,   703.43,   583.24
  451.50,   700.79,   707.94
  450.03,   210.76,   210.88
  446.59,   207.54,   335.83
  443.23,   204.56,   460.75
  447.66,   335.67,   213.69
  444.19,   332.65,   338.47
  440.85,   329.64,   463.42
  445.30,   460.51,   216.40
  441.84,   457.75,   341.13
  438.51,   454.86,   466.12
  575.17,   213.12,   214.36
  571.41,   209.66,   339.13
  567.82,   206.57,   464.02
  572.75,   338.12,   217.14
  569.11,   334.73,   341.94
  565.70,   331.56,   466.86
  570.28,   462.92,   219.93
  566.81,   459.87,   344.79
  563.46,   456.85,   469.73
  700.22,   215.22,   217.97
  696.34,   211.80,   342.49
  692.66,   208.68,   467.21
  697.81,   340.40,   220.72
  694.32,   336.75,   345.59
  690.88,   333.49,   470.42
  695.19,   465.32,   223.51
  692.01,   461.83,   348.71
  688.66,   458.72,   473.63
  448.09,   209.93,   449.11
  447.54,   207.18,   573.99
  447.05,   204.64,   698.88
  448.15,   335.05,   451.97
  447.67,   331.98,   577.10
  447.28,   329.06,   702.24
  448.27,   460.29,   454.89
  447.73,   457.01,   580.13
  447.27,   453.63,   705.37
  572.76,   209.55,   449.59
  572.28,   206.86,   574.63
  572.21,   204.60,   699.73
  573.09,   334.57,   452.66
  572.68,   331.63,   577.77
  572.41,   329.07,   702.95
  573.30,   459.87,   455.78
  572.84,   456.79,   580.82
  572.41,   453.78,   705.96
  697.69,   209.31,   450.01
  697.23,   206.41,   575.25
  697.29,   203.95,   700.76
  698.35,   334.13,   453.47
  697.73,   331.31,   578.48
  697.26,   329.00,   703.64
  698.60,   459.34,   456.93
  697.88,   456.57,   581.59
  697.15,   454.30,   706.27
  450.44,   449.92,   208.61
  449.47,   451.18,   333.39
  448.65,   452.32,   458.43
  453.32,   574.93,   207.33
  452.45,   576.20,   332.25
  451.59,   577.48,   457.33
  456.18,   700.02,   206.06
  455.44,   701.09,   331.26
  454.46,   702.42,   456.38
  575.45,   447.19,   209.60
  574.49,   448.11,   334.53
  573.64,   449.09,   459.55
  578.39,   572.06,   208.32
  577.53,   573.25,   333.41
  576.67,   574.45,   458.45
  581.36,   697.07,   207.11
  580.56,   698.33,   332.26
  579.68,   699.73,   457.26
  700.38,   444.48,   210.58
  699.72,   444.92,   335.86
  698.92,   445.75,   460.89
  703.31,   569.17,   209.32
  702.62,   570.16,   334.72
  701.73,   571.32,   459.78
  706.51,   693.85,   208.13
  705.46,   695.55,   333.28
  704.49,   697.08,   458.19
  450.79,   448.56,   451.35
  448.73,   447.37,   576.60
  446.73,   446.06,   701.86
  447.21,   573.71,   452.29
  445.00,   572.63,   577.47
  442.84,   571.38,   702.57
  443.55,   698.62,   453.38
  441.18,   697.91,   578.35
  438.88,   697.18,   703.09
  575.75,   451.84,   453.82
  573.77,   450.83,   578.87
  571.81,   449.89,   704.03
  572.27,   577.19,   454.74
  570.02,   576.24,   579.70
  567.82,   575.21,   704.69
  568.75,   702.42,   455.60
  566.25,   701.69,   580.49
  563.79,   700.79,   705.28
  701.00,   455.01,   456.53
  698.74,   454.32,   581.20
  696.47,   454.10,   705.90
  697.28,   580.60,   457.39
  694.94,   579.70,   581.99
  692.61,   579.09,   706.56
  693.55,   706.31,   457.83
  691.21,   705.20,   582.63
  688.88,   703.78,   707.54
