27, 8, pa1-debug-b-output1.txt
  205.07,   194.32,   201.72
  409.97,   406.38,   195.08
  208.81,   209.92,   209.32
  208.73,   210.33,   334.83
  209.21,   211.61,   459.67
  209.47,   334.63,   208.90
  209.28,   335.66,   334.14
  209.21,   336.02,   459.18
  210.15,   459.54,   207.75
  209.80,   460.05,   333.04
  209.87,   461.06,   458.06
  334.42,   208.88,   209.71
  334.35,   209.59,   334.60
  334.08,   210.36,   460.08
  334.73,   333.56,   209.22
  334.64,   334.62,   333.93
  334.93,   335.61,   459.04
  334.87,   459.10,   208.53
  334.64,   459.76,   333.29
  335.10,   460.34,   458.09
  459.28,   208.27,   210.28
  458.76,   209.27,   335.35
  458.37,   209.85,   459.88
  460.06,   333.32,   208.76
  459.34,   333.84,   334.17
  459.56,   335.37,   459.52
  460.58,   458.45,   208.43
  460.21,   458.93,   333.07
  459.57,   459.52,   458.21
  209.91,   210.30,   449.37
  209.38,   207.59,   573.65
  208.81,   204.69,   698.57
  206.46,   335.70,   452.03
  205.95,   332.34,   577.40
  205.93,   329.94,   701.73
  202.54,   460.57,   455.25
  202.65,   457.98,   580.01
  201.84,   454.68,   704.99
  334.85,   214.31,   449.10
  334.49,   211.29,   574.70
  334.16,   208.07,   699.87
  331.69,   339.51,   452.97
  330.73,   336.49,   577.20
  330.63,   332.80,   702.86
  327.32,   464.16,   456.02
  327.26,   461.51,   580.70
  327.05,   458.19,   705.60
  459.93,   217.89,   449.87
  459.81,   214.69,   575.33
  458.75,   212.39,   700.32
  456.04,   343.25,   453.59
  455.92,   340.33,   577.78
  455.48,   337.16,   703.48
  452.72,   467.98,   456.39
  451.99,   464.48,   580.87
  452.07,   461.82,   705.71
  208.67,   448.27,   211.68
  209.30,   448.29,   335.94
  209.96,   448.32,   461.80
  208.67,   573.26,   211.09
  209.97,   573.72,   336.55
  209.85,   573.10,   461.72
  208.86,   698.24,   211.39
  209.38,   697.79,   336.92
  210.25,   698.09,   461.34
  333.97,   448.18,   210.95
  333.99,   448.24,   335.27
  334.67,   447.59,   460.67
  333.54,   573.67,   210.62
  334.48,   572.70,   335.53
  335.02,   572.67,   460.93
  334.67,   698.54,   210.77
  334.46,   698.12,   335.96
  335.64,   697.76,   460.78
  459.12,   448.21,   210.55
  459.78,   448.19,   335.15
  459.82,   447.45,   460.01
  458.97,   572.77,   210.76
  459.93,   573.24,   335.27
  459.95,   572.52,   460.27
  459.66,   698.18,   210.31
  459.56,   698.17,   336.11
  460.04,   698.05,   460.20
  209.89,   452.20,   451.51
  209.85,   453.44,   577.11
  210.01,   455.24,   702.23
  206.06,   576.36,   450.57
  206.98,   578.77,   575.35
  207.26,   579.78,   700.23
  202.73,   701.83,   448.31
  203.73,   703.40,   573.62
  203.15,   705.42,   698.70
  334.75,   454.90,   452.04
  334.89,   456.53,   576.66
  334.82,   458.25,   702.05
  331.30,   580.09,   450.28
  331.91,   581.24,   575.35
  332.08,   583.69,   700.50
  327.85,   704.57,   447.97
  328.56,   706.40,   573.49
  328.88,   708.42,   698.07
  460.01,   458.61,   451.57
  459.79,   459.63,   576.52
  459.59,   461.91,   701.68
  456.31,   583.13,   450.16
  456.57,   584.96,   574.54
  456.37,   586.93,   700.07
  453.24,   707.96,   447.89
  452.98,   710.02,   572.92
  453.66,   711.55,   698.06
  450.11,   210.63,   208.42
  451.65,   207.05,   333.35
  452.24,   204.08,   458.37
  446.48,   335.57,   212.15
  447.68,   332.39,   336.76
  448.81,   329.13,   461.92
  442.87,   461.00,   215.60
  444.64,   457.49,   339.94
  446.14,   453.59,   464.93
  574.75,   214.59,   206.82
  575.93,   210.76,   331.68
  577.18,   207.26,   456.57
  571.08,   339.84,   210.42
  572.84,   336.36,   335.41
  574.60,   332.17,   460.24
  567.86,   464.66,   214.47
  569.82,   460.86,   339.07
  570.75,   457.44,   463.60
  699.81,   217.86,   206.06
  701.41,   214.46,   330.35
  702.24,   210.90,   455.27
  696.47,   343.14,   208.97
  698.17,   339.45,   334.72
  699.35,   336.21,   459.08
  693.47,   467.77,   213.11
  693.97,   464.12,   338.30
  695.89,   460.26,   462.66
  449.23,   210.79,   448.44
  448.94,   207.76,   573.16
  448.51,   204.54,   698.38
  448.62,   335.65,   452.09
  448.44,   332.74,   576.97
  448.30,   329.45,   701.97
  449.28,   460.96,   454.50
  448.60,   457.71,   579.47
  447.90,   453.96,   704.79
  574.06,   211.04,   448.92
  573.79,   207.50,   573.49
  572.95,   204.23,   698.74
  573.72,   336.22,   452.10
  573.40,   332.81,   577.14
  572.75,   329.55,   701.64
  574.62,   460.81,   455.37
  573.79,   457.15,   580.64
  572.92,   453.96,   705.51
  698.99,   210.40,   449.33
  698.19,   207.15,   574.32
  697.79,   204.57,   698.99
  698.70,   335.31,   452.28
  699.10,   331.99,   577.18
  697.91,   328.95,   702.19
  698.96,   460.35,   455.97
  698.65,   457.39,   581.24
  698.22,   454.05,   706.30
  450.24,   451.12,   207.96
  452.91,   450.22,   333.07
  455.00,   450.00,   458.42
  451.98,   575.76,   209.28
  454.70,   575.44,   333.47
  456.72,   574.52,   458.92
  453.06,   701.15,   209.77
  456.30,   700.68,   334.36
  459.48,   699.93,   459.01
  574.29,   449.61,   205.54
  577.65,   448.03,   330.62
  580.52,   447.97,   455.54
  576.23,   574.45,   205.93
  579.37,   573.24,   330.61
  581.60,   572.42,   455.80
  577.98,   699.15,   206.33
  581.37,   698.97,   331.60
  583.70,   698.28,   457.11
  699.57,   447.86,   202.28
  701.97,   446.30,   327.81
  705.30,   446.02,   452.16
  701.47,   572.53,   203.16
  704.60,   572.01,   328.07
  707.39,   571.41,   453.62
  703.56,   697.29,   204.17
  706.25,   696.75,   328.95
  708.60,   695.66,   453.97
  449.09,   451.16,   450.34
  451.49,   450.71,   575.45
  452.65,   451.28,   700.68
  448.48,   576.41,   449.76
  450.46,   576.45,   575.49
  452.09,   576.58,   699.77
  448.36,   700.63,   450.20
  449.57,   701.60,   574.51
  451.75,   701.48,   700.01
  574.71,   451.15,   448.35
  575.85,   451.98,   572.97
  577.72,   452.11,   698.03
  574.11,   576.30,   448.69
  575.49,   577.11,   573.54
  577.48,   577.08,   698.07
  573.11,   701.27,   448.45
  575.14,   701.69,   573.59
  576.72,   702.23,   698.57
  699.62,   452.38,   446.93
  700.75,   452.44,   571.20
  703.00,   452.38,   696.70
  698.77,   577.39,   446.55
  700.57,   576.87,   571.23
  702.45,   577.58,   696.80
  698.47,   702.42,   446.17
  699.41,   702.08,   571.54
  702.03,   702.12,   696.23
