27, 125, pa2-debug-b-output1.txt
  201.43,   195.19,   200.36
  405.78,   390.98,   209.43
   98.54,   101.65,   101.14
   96.00,   103.95,   226.32
   94.15,   106.09,   351.57
   95.26,   226.95,    98.91
   92.78,   228.88,   224.67
   91.12,   230.59,   349.31
   92.24,   351.58,    97.35
   89.37,   353.60,   221.92
   87.81,   355.56,   347.58
  223.23,   105.29,   102.95
  221.25,   107.08,   228.28
  219.32,   109.17,   353.36
  219.59,   230.14,   100.96
  218.39,   232.63,   226.05
  215.83,   234.51,   351.12
  216.48,   354.76,    99.20
  214.52,   356.88,   224.15
  212.40,   358.99,   349.23
  348.06,   108.15,   105.44
  346.01,   110.18,   230.00
  343.69,   112.53,   355.49
  345.15,   233.37,   103.39
  343.26,   235.95,   228.67
  340.74,   237.34,   353.37
  341.40,   358.80,   101.05
  340.01,   360.45,   226.53
  337.47,   362.58,   351.46
  101.82,    97.70,   224.69
   98.37,   100.06,   349.88
   94.79,   101.70,   475.04
  104.75,   223.05,   222.76
  101.22,   224.55,   348.36
   97.49,   226.07,   472.71
  107.64,   348.34,   221.58
  103.97,   349.30,   346.19
  100.93,   350.87,   471.33
  227.02,    94.67,   228.74
  223.10,    96.57,   353.39
  219.83,    98.33,   478.12
  229.95,   220.29,   227.00
  226.50,   222.03,   351.81
  222.18,   223.67,   477.09
  232.41,   344.64,   225.05
  229.06,   346.76,   350.09
  225.48,   347.87,   474.62
  351.96,    91.48,   232.21
  348.20,    94.07,   356.79
  344.05,    95.15,   481.45
  354.98,   216.55,   230.07
  351.12,   218.66,   355.71
  347.26,   220.04,   479.74
  357.88,   341.67,   228.64
  354.38,   343.47,   353.27
  350.73,   345.07,   479.03
   99.61,   102.06,   348.99
  101.79,    99.61,   473.60
  103.41,    97.57,   599.16
  102.48,   227.26,   350.86
  103.34,   225.05,   475.55
  104.70,   222.88,   600.88
  104.20,   352.28,   352.66
  105.34,   350.41,   477.85
  107.05,   348.05,   602.89
  225.20,   100.21,   347.23
  226.49,    97.76,   472.14
  228.34,    96.01,   597.02
  227.28,   225.09,   348.90
  228.66,   222.78,   474.26
  229.82,   220.76,   599.73
  229.14,   350.00,   351.51
  230.37,   347.86,   476.15
  232.22,   345.62,   601.65
  349.85,    97.74,   346.01
  351.46,    96.26,   471.16
  353.15,    94.48,   595.60
  351.76,   222.58,   347.40
  353.59,   220.79,   472.82
  355.13,   219.09,   597.78
  353.83,   347.87,   349.61
  355.64,   345.59,   475.01
  356.90,   343.86,   599.59
  100.69,    99.47,   476.36
   96.87,    95.82,   601.55
   93.73,    92.58,   726.50
  102.49,   224.19,   480.30
   99.15,   220.41,   604.70
   96.02,   217.68,   729.25
  103.74,   349.30,   483.07
  100.90,   345.68,   607.72
   97.68,   341.86,   733.09
  225.79,    96.98,   479.94
  222.47,    93.29,   605.04
  218.41,    90.45,   729.61
  226.87,   221.83,   483.00
  223.49,   218.21,   608.36
  220.35,   214.99,   733.19
  229.11,   346.58,   487.03
  225.81,   343.86,   611.52
  222.26,   340.49,   736.32
  350.17,    94.77,   482.98
  346.75,    92.13,   607.76
  344.01,    88.33,   732.86
  352.61,   219.97,   486.28
  349.20,   216.48,   611.64
  345.23,   213.43,   736.53
  354.09,   345.38,   490.02
  350.76,   341.46,   614.75
  347.82,   337.86,   739.96
  101.42,    98.19,   599.61
   98.10,    99.46,   724.65
   94.97,   101.48,   849.32
  102.53,   223.12,   598.23
   98.44,   224.22,   722.67
   95.89,   225.48,   847.70
  103.01,   347.88,   596.59
   99.85,   349.31,   721.16
   96.40,   351.01,   846.06
  226.08,    97.24,   602.82
  223.27,    98.52,   727.74
  219.71,    99.77,   852.55
  227.54,   222.83,   601.56
  223.64,   223.85,   726.39
  220.31,   225.62,   851.23
  228.04,   347.06,   599.23
  224.91,   349.13,   724.36
  221.59,   350.34,   850.06
  351.03,    96.35,   605.76
  348.26,    98.12,   730.54
  345.11,    99.18,   855.62
  352.14,   221.59,   604.31
  348.81,   223.07,   729.40
  345.89,   224.65,   854.80
  352.71,   346.36,   602.62
  349.48,   348.34,   727.51
  346.48,   349.72,   852.76
  100.05,   224.38,   101.26
  101.29,   224.13,   226.50
  101.62,   223.51,   351.32
   98.65,   349.36,   101.41
  100.36,   349.10,   226.21
  101.22,   348.51,   351.17
   98.05,   474.09,   101.41
   99.22,   474.30,   227.16
   99.93,   473.71,   351.80
  224.72,   224.86,    99.81
  225.84,   225.37,   225.42
  227.01,   225.06,   350.13
  224.35,   350.37,   100.40
  225.30,   350.41,   225.38
  225.49,   349.97,   350.39
  223.83,   475.39,   100.37
  224.66,   475.04,   225.43
  224.77,   474.57,   350.70
  349.94,   226.09,    99.33
  350.35,   225.41,   224.67
  351.93,   225.35,   349.67
  349.41,   351.44,    99.59
  350.21,   350.70,   224.37
  351.02,   350.56,   349.59
  348.47,   476.21,    99.76
  348.95,   475.56,   225.37
  350.40,   475.59,   349.65
  100.67,   226.97,   226.62
  101.51,   230.18,   351.58
  102.82,   232.91,   476.70
  101.79,   352.33,   224.01
  102.94,   354.98,   348.46
  103.49,   358.27,   474.08
  103.40,   477.31,   221.17
  103.82,   479.81,   345.82
  104.26,   482.93,   470.69
  226.35,   225.43,   226.23
  226.18,   228.78,   351.10
  227.79,   231.42,   476.07
  227.00,   351.15,   223.33
  227.27,   353.33,   348.24
  228.37,   356.68,   472.91
  227.65,   475.43,   220.48
  228.92,   479.21,   345.34
  229.06,   481.43,   469.50
  351.27,   225.09,   225.37
  351.59,   227.59,   350.14
  352.47,   230.63,   475.16
  351.89,   350.12,   222.52
  352.42,   352.60,   347.66
  353.01,   355.20,   472.11
  353.19,   474.94,   219.37
  354.26,   477.47,   344.41
  354.12,   481.03,   468.93
   98.83,   223.99,   350.33
  100.98,   222.01,   475.16
  102.68,   219.49,   600.12
  101.78,   348.93,   352.22
  103.57,   347.33,   477.24
  105.79,   344.82,   602.00
  105.00,   474.13,   354.77
  106.87,   471.53,   479.32
  109.46,   469.64,   604.47
  224.20,   221.59,   348.49
  225.98,   219.46,   473.45
  228.26,   217.07,   597.64
  227.11,   345.85,   349.96
  229.09,   344.28,   475.03
  230.99,   341.70,   599.68
  230.20,   471.05,   352.56
  231.81,   469.27,   477.54
  234.09,   466.71,   602.69
  349.03,   218.24,   346.32
  351.03,   216.16,   470.66
  352.75,   213.86,   595.92
  352.14,   343.37,   347.62
  354.34,   340.85,   472.62
  356.08,   338.81,   598.39
  355.29,   468.04,   350.19
  357.23,   465.60,   475.31
  359.19,   463.70,   599.68
  100.03,   224.05,   474.39
   99.13,   222.89,   599.25
   98.41,   221.67,   724.07
  103.69,   349.33,   475.45
  102.28,   347.52,   601.31
  102.61,   345.99,   726.14
  106.98,   474.01,   477.84
  105.99,   473.12,   602.75
  105.55,   471.37,   727.31
  224.15,   220.50,   474.78
  224.32,   219.16,   600.25
  223.41,   217.68,   725.13
  228.15,   346.02,   476.25
  227.67,   343.94,   601.52
  227.59,   342.27,   726.13
  231.86,   470.37,   478.14
  231.66,   468.94,   602.87
  231.17,   467.67,   728.12
  349.87,   217.41,   475.31
  349.12,   215.05,   600.37
  348.19,   214.03,   725.46
  353.61,   342.48,   476.93
  352.81,   340.31,   601.47
  351.80,   338.54,   726.97
  356.37,   466.81,   478.42
  356.69,   465.78,   603.37
  355.90,   463.81,   728.31
  101.23,   224.59,   599.04
   99.33,   223.14,   724.03
   97.53,   221.80,   849.44
   99.49,   349.71,   601.12
   97.75,   347.96,   725.54
   95.91,   347.11,   850.86
   98.92,   474.49,   601.84
   97.10,   472.99,   727.23
   95.57,   471.92,   852.18
  225.92,   225.40,   601.33
  224.54,   223.80,   726.38
  221.89,   222.57,   850.68
  225.20,   350.90,   602.96
  223.27,   348.74,   727.55
  221.14,   348.07,   852.53
  223.42,   474.97,   603.95
  221.83,   473.96,   729.29
  220.71,   473.07,   853.77
  350.59,   226.28,   602.74
  348.67,   224.80,   727.93
  347.59,   223.32,   852.64
  349.40,   351.79,   604.65
  347.82,   350.55,   729.26
  346.20,   348.21,   854.72
  349.13,   476.55,   605.93
  346.60,   474.59,   730.82
  344.86,   473.20,   855.34
  101.14,   349.35,   100.50
  103.14,   348.68,   225.31
  104.26,   348.91,   349.82
   99.16,   473.96,   100.50
  101.03,   473.81,   225.95
  102.46,   473.62,   350.35
   96.86,   599.51,   100.61
   98.90,   599.20,   225.97
  100.09,   599.18,   350.83
  226.67,   351.80,    98.57
  228.42,   351.34,   223.18
  229.30,   351.24,   348.43
  224.28,   476.29,    99.11
  225.37,   476.71,   224.07
  227.36,   475.98,   348.64
  221.87,   601.92,    99.18
  223.55,   601.72,   223.92
  225.50,   601.14,   349.07
  351.53,   353.85,    97.09
  352.59,   353.86,   222.39
  354.84,   352.73,   346.91
  349.02,   479.20,    97.03
  350.69,   478.46,   222.09
  352.35,   478.17,   346.98
  346.63,   603.97,    97.35
  348.65,   602.98,   222.54
  350.32,   603.57,   347.51
   98.39,   349.96,   223.98
   98.05,   352.41,   349.27
   98.01,   354.10,   473.78
  100.78,   474.36,   221.52
  100.29,   476.70,   346.61
   99.21,   479.33,   471.33
  102.65,   599.34,   218.71
  101.44,   601.79,   344.26
  101.23,   604.80,   468.75
  224.05,   347.41,   225.01
  222.88,   350.14,   349.65
  222.68,   352.56,   475.03
  225.35,   472.86,   222.29
  224.83,   475.03,   347.30
  224.80,   477.78,   471.66
  226.96,   597.54,   219.65
  226.84,   600.48,   344.46
  226.31,   602.97,   469.08
  348.74,   345.36,   225.27
  347.93,   348.52,   350.60
  347.73,   351.35,   475.10
  350.98,   470.85,   222.36
  349.91,   473.42,   347.94
  349.01,   475.50,   472.64
  352.48,   596.11,   220.18
  351.48,   598.13,   345.06
  351.02,   600.83,   469.89
   98.86,   351.08,   351.93
   95.71,   351.85,   476.69
   91.85,   353.61,   601.88
   95.55,   475.81,   350.50
   91.65,   477.03,   475.77
   88.74,   477.74,   600.25
   92.07,   600.69,   349.23
   87.98,   601.93,   473.89
   85.21,   603.39,   599.42
  223.70,   354.58,   355.41
  220.09,   355.41,   480.34
  216.78,   357.03,   604.98
  219.81,   479.29,   353.86
  216.36,   480.56,   478.40
  213.17,   481.97,   603.53
  217.03,   604.04,   352.26
  213.01,   605.82,   477.30
  209.76,   607.04,   602.45
  348.36,   358.04,   358.17
  344.91,   358.96,   483.41
  341.83,   359.81,   607.94
  345.45,   482.37,   357.00
  341.31,   484.07,   482.15
  338.42,   484.77,   606.53
  341.56,   607.93,   355.72
  337.97,   609.03,   480.68
  334.74,   609.96,   605.33
   98.60,   351.85,   476.75
   97.17,   352.98,   601.26
   95.81,   354.60,   725.99
   95.99,   476.84,   474.95
   94.55,   477.60,   600.09
   93.27,   479.41,   725.55
   93.06,   602.09,   474.15
   92.43,   603.51,   599.21
   90.61,   603.84,   724.26
  223.38,   354.25,   477.89
  222.02,   355.59,   602.24
  220.96,   356.90,   727.80
  220.76,   479.67,   475.64
  219.28,   481.00,   601.33
  218.72,   481.71,   725.97
  217.89,   604.28,   475.31
  217.41,   605.81,   599.38
  216.41,   606.96,   725.30
  347.95,   357.30,   478.30
  347.29,   358.65,   603.82
  346.03,   360.06,   728.10
  345.63,   481.93,   477.35
  344.14,   483.38,   602.16
  343.89,   484.76,   727.42
  343.12,   607.15,   476.33
  342.03,   607.92,   601.04
  341.38,   609.11,   725.44
  100.98,   347.89,   600.95
  101.56,   345.37,   726.16
  102.91,   342.85,   851.12
   98.41,   473.36,   603.60
   99.19,   470.50,   728.84
   99.51,   467.46,   853.88
   95.18,   597.94,   606.44
   95.78,   594.80,   731.76
   96.89,   591.74,   856.39
  226.48,   351.38,   600.30
  226.90,   348.22,   725.52
  227.13,   345.23,   850.41
  223.08,   476.29,   602.94
  224.10,   473.27,   727.78
  224.51,   470.42,   853.10
  220.34,   600.72,   605.49
  221.31,   597.96,   730.54
  221.21,   595.51,   855.87
  351.01,   354.25,   599.56
  351.73,   350.79,   724.28
  352.50,   348.94,   850.17
  348.65,   479.27,   602.94
  349.11,   476.24,   727.51
  349.11,   473.53,   853.00
  345.52,   603.60,   605.78
  345.75,   600.79,   730.81
  346.92,   598.24,   855.31
   98.04,   476.46,   100.81
   95.75,   478.05,   225.10
   93.82,   478.80,   349.95
  100.60,   600.97,    98.57
   97.96,   602.34,   224.15
   96.49,   604.47,   348.69
  103.12,   726.26,    97.88
  100.76,   728.11,   222.04
   98.85,   729.63,   347.56
  223.06,   473.52,   102.33
  220.45,   474.93,   228.17
  218.50,   476.37,   352.98
  225.72,   598.49,   100.92
  223.68,   600.09,   226.70
  221.00,   601.92,   351.31
  228.48,   723.58,    99.87
  226.01,   724.96,   224.67
  223.80,   726.41,   349.55
  347.71,   471.11,   105.45
  346.08,   472.33,   229.99
  343.74,   473.85,   354.94
  351.07,   596.34,   104.19
  348.23,   597.25,   228.97
  346.30,   599.21,   354.11
  352.98,   721.02,   102.62
  350.87,   722.54,   227.04
  348.88,   723.69,   352.44
   98.87,   475.23,   223.48
   96.02,   478.35,   348.75
   92.99,   481.45,   473.14
   96.68,   600.60,   220.21
   94.05,   603.19,   345.22
   91.63,   606.09,   470.79
   95.77,   725.45,   217.57
   92.64,   727.95,   343.04
   90.56,   731.02,   468.27
  223.19,   476.86,   226.18
  220.56,   479.63,   350.53
  217.95,   482.01,   475.66
  222.16,   601.92,   223.47
  219.32,   605.02,   348.53
  216.78,   607.00,   472.91
  220.86,   727.17,   221.00
  218.52,   729.43,   345.87
  215.79,   732.79,   470.64
  348.46,   478.15,   228.42
  345.26,   480.80,   354.02
  342.59,   483.78,   478.93
  346.92,   603.45,   225.90
  344.15,   606.14,   351.13
  341.75,   609.30,   475.99
  345.21,   727.95,   223.63
  342.94,   731.39,   348.49
  340.70,   734.12,   472.95
   98.93,   473.76,   348.26
   99.08,   473.74,   474.11
   99.91,   474.66,   598.98
   98.90,   598.41,   347.84
   98.64,   598.91,   472.58
   99.26,   599.31,   597.94
   98.69,   723.67,   347.28
   98.60,   723.72,   472.54
   98.57,   724.64,   597.07
  224.50,   473.48,   348.23
  223.77,   474.47,   473.42
  224.81,   475.20,   598.33
  223.51,   598.78,   347.44
  223.83,   599.62,   472.83
  224.10,   599.54,   597.87
  223.19,   723.61,   346.76
  223.26,   724.19,   472.11
  223.76,   724.93,   597.52
  348.89,   473.65,   348.75
  349.56,   474.33,   473.31
  349.78,   475.58,   598.31
  348.44,   598.73,   347.85
  349.44,   599.87,   472.46
  349.27,   599.88,   597.61
  348.06,   723.55,   347.27
  348.25,   724.85,   472.39
  348.50,   724.83,   597.22
   97.58,   473.88,   476.75
   98.38,   475.15,   601.07
   97.89,   475.79,   725.97
   98.01,   598.64,   475.11
   97.30,   599.58,   600.77
   97.60,   600.39,   725.71
   96.89,   724.39,   474.70
   96.96,   724.81,   599.45
   96.83,   725.49,   724.08
  223.06,   474.21,   475.78
  222.89,   475.53,   601.56
  223.18,   476.69,   726.02
  222.17,   599.07,   475.13
  222.18,   600.84,   600.10
  222.60,   601.60,   725.12
  222.35,   724.69,   474.14
  221.69,   725.02,   599.35
  222.46,   726.03,   723.86
  348.06,   474.60,   476.35
  348.57,   475.45,   600.92
  348.75,   477.11,   726.29
  347.74,   600.18,   474.59
  347.77,   600.79,   600.37
  347.51,   601.87,   725.15
  347.00,   724.99,   474.02
  347.55,   726.06,   599.12
  347.49,   726.87,   723.87
   99.84,   474.60,   598.02
   97.84,   477.43,   722.91
   96.16,   480.19,   847.72
   97.48,   599.14,   594.82
   95.14,   602.68,   720.37
   93.93,   605.44,   844.91
   95.20,   724.00,   591.68
   93.60,   727.26,   716.90
   91.53,   730.08,   841.73
  224.32,   476.34,   599.87
  222.79,   480.10,   724.90
  221.33,   482.66,   849.39
  222.50,   602.01,   596.60
  220.36,   604.27,   721.81
  218.96,   607.34,   846.51
  220.49,   727.08,   593.79
  218.23,   729.39,   718.61
  216.10,   732.50,   843.35
  349.95,   478.89,   601.84
  348.35,   482.30,   726.58
  346.40,   485.13,   851.94
  347.18,   603.91,   598.83
  345.98,   607.32,   724.00
  343.49,   610.10,   848.34
  344.66,   729.21,   595.82
  342.91,   732.27,   720.71
  341.87,   735.48,   845.67
  100.30,   600.31,   100.50
   99.81,   596.63,   225.66
   98.13,   593.59,   350.51
   99.60,   725.01,   104.05
   98.24,   721.63,   228.54
   97.08,   718.98,   354.22
   98.66,   850.37,   106.83
   97.86,   846.51,   231.94
   96.48,   843.95,   356.73
  225.20,   601.33,   101.64
  224.30,   597.82,   226.97
  222.96,   594.52,   352.29
  224.36,   725.50,   105.30
  223.05,   722.68,   230.13
  222.68,   720.25,   355.46
  223.85,   851.36,   107.85
  223.00,   848.23,   233.24
  221.18,   845.19,   358.12
  350.29,   601.61,   103.43
  349.83,   598.66,   227.85
  347.84,   595.97,   353.20
  349.71,   727.07,   106.47
  348.57,   724.17,   230.77
  347.62,   721.10,   355.68
  348.69,   852.06,   109.65
  347.70,   849.14,   234.49
  346.51,   846.06,   358.88
   99.79,   598.96,   226.32
   97.48,   598.23,   351.84
   95.11,   597.53,   476.36
   96.58,   723.44,   226.66
   93.82,   722.95,   351.94
   91.85,   722.05,   477.28
   93.85,   848.75,   227.62
   91.34,   847.57,   352.83
   88.72,   846.96,   477.99
  224.30,   602.21,   228.94
  222.41,   601.22,   353.50
  219.77,   600.58,   478.30
  221.39,   726.47,   229.20
  219.58,   726.08,   354.58
  216.79,   725.28,   479.60
  219.09,   851.56,   230.38
  215.96,   851.15,   355.08
  213.48,   850.36,   480.54
  349.21,   605.35,   230.87
  346.94,   604.49,   355.84
  344.86,   603.34,   481.57
  346.61,   730.27,   231.92
  343.92,   729.19,   357.17
  341.97,   728.34,   481.50
  343.12,   854.97,   232.07
  341.18,   854.30,   357.50
  338.30,   853.69,   482.87
  102.04,   600.46,   350.59
  101.53,   597.95,   475.13
  101.85,   594.86,   600.72
   98.76,   726.25,   353.79
   99.54,   723.40,   478.17
   99.27,   719.86,   603.68
   96.46,   851.06,   356.38
   96.73,   847.86,   480.89
   96.37,   844.94,   606.05
  226.27,   604.01,   349.99
  226.48,   600.39,   475.79
  227.56,   597.84,   599.89
  224.21,   728.45,   352.87
  224.15,   726.08,   478.41
  224.44,   722.56,   603.34
  221.58,   853.87,   355.50
  221.84,   850.72,   481.26
  221.50,   847.99,   606.41
  351.70,   606.59,   350.36
  351.91,   603.20,   475.20
  352.15,   600.39,   600.58
  349.20,   731.00,   352.92
  349.29,   728.91,   478.24
  349.73,   726.02,   603.12
  345.66,   856.58,   355.85
  346.45,   853.10,   481.26
  346.26,   850.99,   605.69
   99.84,   600.72,   475.02
   99.32,   600.84,   599.20
   97.76,   601.11,   724.73
   98.78,   725.60,   474.10
   98.00,   725.61,   599.80
   97.79,   725.74,   724.63
   98.22,   851.07,   474.49
   98.01,   851.16,   599.28
   96.68,   851.07,   724.47
  224.53,   601.39,   475.39
  223.82,   601.93,   600.17
  223.46,   602.14,   725.70
  224.53,   726.42,   475.07
  223.74,   726.06,   599.96
  222.39,   726.77,   725.63
  223.65,   850.81,   474.87
  223.21,   851.59,   599.91
  222.30,   851.33,   725.25
  350.14,   602.09,   476.52
  348.64,   601.71,   601.17
  348.41,   602.41,   726.43
  349.49,   727.14,   476.35
  347.91,   727.26,   600.83
  347.12,   727.34,   725.86
  348.28,   851.30,   475.84
  347.90,   852.06,   600.44
  346.98,   851.90,   725.77
  100.80,   600.61,   599.79
   99.43,   600.14,   724.88
   99.42,   599.82,   849.72
  101.35,   725.46,   600.11
  101.10,   724.35,   725.09
  100.06,   724.70,   850.02
  103.13,   849.75,   600.25
  102.02,   850.09,   725.42
  100.79,   849.53,   849.68
  225.68,   598.73,   599.76
  224.82,   598.85,   725.01
  224.16,   598.32,   850.71
  226.48,   723.71,   600.60
  225.78,   724.07,   726.04
  225.42,   723.67,   850.50
  227.32,   849.06,   600.68
  226.52,   848.38,   725.54
  226.43,   847.93,   851.22
  351.04,   598.06,   600.95
  349.67,   597.79,   725.68
  348.74,   596.97,   850.69
  351.86,   723.39,   601.55
  351.17,   722.82,   726.94
  349.96,   721.95,   851.82
  352.50,   848.29,   601.52
  352.06,   847.21,   727.06
  350.98,   847.42,   851.80
  226.66,   100.64,    99.44
  229.96,   103.97,   224.78
  233.43,   106.53,   349.85
  226.61,   226.07,    97.69
  230.45,   228.75,   222.55
  233.67,   231.46,   346.94
  226.67,   350.64,    95.23
  229.91,   353.97,   219.51
  233.17,   356.23,   344.16
  352.30,   101.03,    96.61
  355.23,   103.91,   221.12
  358.75,   105.80,   346.26
  351.95,   226.45,    94.41
  355.09,   228.70,   218.52
  358.70,   230.55,   344.17
  351.65,   351.13,    91.41
  354.84,   353.04,   216.12
  358.43,   356.18,   341.55
  477.35,   100.60,    92.97
  479.75,   103.88,   218.23
  483.70,   105.80,   342.78
  477.31,   225.70,    90.48
  480.03,   228.39,   215.56
  483.23,   231.04,   341.07
  477.04,   350.71,    88.43
  479.95,   353.35,   213.37
  483.29,   355.50,   338.11
  223.20,    99.72,   226.54
  219.74,   101.37,   351.08
  216.78,   103.48,   476.19
  220.48,   224.35,   224.30
  217.03,   226.02,   348.96
  213.19,   228.09,   474.01
  216.92,   349.90,   222.12
  213.48,   351.03,   347.02
  210.20,   353.47,   471.34
  348.14,   103.21,   230.08
  345.05,   104.56,   354.40
  341.84,   106.84,   479.31
  345.55,   227.47,   228.03
  341.47,   230.19,   352.20
  338.44,   231.67,   477.18
  341.95,   352.57,   225.12
  338.17,   354.66,   350.41
  334.71,   356.64,   475.54
  473.20,   106.13,   233.31
  469.42,   108.06,   357.90
  465.89,   110.41,   483.36
  470.70,   231.03,   231.06
  466.79,   232.63,   356.30
  463.26,   235.43,   480.62
  467.09,   355.37,   228.78
  464.00,   357.89,   354.38
  460.15,   360.22,   478.67
  225.64,    99.47,   351.06
  226.98,    99.19,   475.37
  229.99,    99.75,   600.77
  221.91,   224.78,   350.38
  224.23,   224.24,   475.67
  226.86,   224.77,   601.06
  219.39,   349.71,   350.46
  221.16,   349.85,   475.45
  223.53,   349.51,   600.50
  349.89,   102.57,   348.87
  351.94,   102.90,   473.71
  354.10,   102.12,   598.57
  346.86,   227.04,   348.59
  349.03,   227.13,   473.91
  351.75,   227.46,   598.73
  344.70,   352.47,   348.13
  346.26,   352.61,   473.54
  348.77,   351.97,   598.32
  475.08,   105.20,   346.10
  477.82,   104.97,   471.17
  479.86,   105.07,   595.77
  472.59,   230.39,   346.51
  474.27,   230.26,   471.26
  476.50,   230.29,   596.40
  469.04,   355.51,   346.36
  471.87,   354.86,   471.74
  473.63,   355.12,   596.44
  224.71,   100.39,   474.98
  226.90,    97.65,   599.89
  229.18,    95.17,   724.39
  226.03,   225.09,   477.26
  228.16,   222.89,   601.63
  231.22,   220.47,   726.63
  228.11,   350.73,   479.28
  230.34,   347.59,   604.52
  232.66,   345.58,   729.15
  350.20,    98.73,   472.09
  351.51,    96.10,   596.91
  353.89,    93.86,   722.57
  351.74,   223.99,   475.05
  353.30,   220.88,   600.01
  355.50,   218.85,   725.06
  352.98,   349.05,   477.16
  355.25,   345.94,   602.47
  357.81,   343.50,   727.40
  475.10,    97.28,   469.78
  477.29,    94.47,   594.64
  479.15,    91.92,   720.22
  476.68,   222.59,   472.80
  478.04,   219.68,   597.60
  480.29,   217.76,   722.14
  477.54,   347.58,   474.55
  479.91,   344.47,   599.60
  481.98,   342.58,   725.19
  226.04,    98.70,   601.49
  226.19,    96.49,   727.19
  226.13,    92.97,   852.01
  225.42,   223.96,   604.67
  225.08,   220.94,   729.64
  225.78,   218.40,   854.16
  224.02,   348.52,   607.79
  224.29,   346.31,   732.73
  224.09,   343.40,   857.49
  350.81,    99.84,   601.32
  351.66,    97.21,   726.97
  351.36,    94.66,   851.82
  349.96,   224.65,   604.20
  349.74,   221.76,   729.79
  350.71,   219.18,   854.65
  348.35,   350.00,   607.44
  349.01,   346.82,   731.86
  349.04,   344.12,   857.50
  476.47,   101.76,   601.47
  475.88,    98.24,   726.85
  476.90,    95.41,   850.99
  475.18,   226.48,   603.99
  475.39,   223.91,   728.82
  475.64,   220.42,   854.00
  473.83,   351.67,   606.70
  474.14,   348.33,   731.58
  474.09,   345.38,   856.98
  225.04,   227.19,    98.51
  221.70,   225.63,   222.90
  218.18,   224.14,   348.10
  227.80,   351.37,    99.53
  223.80,   349.93,   224.26
  220.84,   348.78,   349.81
  229.38,   476.88,   100.74
  226.58,   475.37,   226.04
  223.18,   473.65,   350.86
  350.70,   224.32,   101.25
  347.25,   223.49,   226.83
  343.56,   222.18,   351.87
  351.95,   350.03,   102.65
  349.18,   348.47,   228.41
  345.74,   346.97,   352.51
  354.18,   474.11,   105.00
  351.20,   472.88,   229.38
  347.29,   471.46,   354.29
  475.67,   221.84,   104.87
  471.78,   221.15,   229.78
  468.69,   219.31,   354.89
  477.18,   347.54,   107.04
  473.62,   345.51,   231.80
  470.65,   344.13,   356.33
  479.15,   472.70,   108.44
  476.36,   470.42,   232.57
  472.57,   469.56,   358.34
  225.60,   226.29,   226.67
  223.44,   227.97,   351.13
  221.80,   229.82,   476.89
  226.26,   351.45,   224.51
  224.24,   352.95,   349.79
  222.25,   354.28,   474.39
  225.90,   475.93,   223.41
  225.09,   478.04,   347.95
  223.43,   479.16,   472.43
  350.19,   225.76,   228.26
  349.21,   227.36,   353.36
  347.37,   228.98,   478.14
  351.07,   350.72,   226.75
  348.87,   351.97,   351.69
  347.77,   353.92,   476.64
  351.45,   475.70,   225.08
  349.63,   476.95,   349.90
  347.96,   479.65,   475.01
  475.47,   224.84,   229.68
  473.93,   226.95,   354.75
  472.25,   228.57,   479.69
  475.75,   350.51,   228.06
  473.75,   351.95,   352.84
  472.30,   354.23,   478.48
  476.25,   474.92,   226.82
  475.03,   477.31,   350.88
  472.81,   478.65,   476.18
  225.09,   224.28,   347.62
  224.33,   225.71,   472.91
  222.22,   227.80,   598.28
  226.99,   348.89,   346.18
  224.82,   351.31,   471.24
  223.57,   353.68,   595.35
  227.63,   473.46,   343.47
  226.59,   475.83,   468.86
  224.82,   478.16,   593.41
  350.06,   222.36,   349.78
  349.01,   224.85,   474.33
  346.95,   226.65,   599.41
  352.10,   347.38,   347.62
  349.76,   349.80,   472.15
  348.25,   352.27,   597.36
  352.92,   472.90,   345.04
  351.16,   474.94,   470.55
  349.48,   476.70,   594.99
  475.45,   221.44,   351.58
  474.06,   223.66,   475.84
  472.04,   225.54,   601.48
  476.82,   345.85,   349.06
  475.25,   348.19,   474.33
  473.81,   350.69,   599.07
  478.20,   471.61,   347.38
  476.10,   473.34,   471.39
  474.62,   475.82,   596.77
  223.49,   223.77,   474.93
  224.46,   227.24,   599.73
  225.34,   230.59,   724.89
  224.51,   348.66,   471.77
  224.74,   352.22,   597.04
  226.09,   355.57,   721.63
  225.34,   473.79,   468.52
  225.82,   477.42,   592.79
  226.87,   480.90,   717.81
  349.05,   223.30,   474.62
  350.01,   226.96,   599.32
  349.96,   230.35,   724.40
  349.83,   348.10,   471.03
  349.61,   351.81,   596.07
  350.70,   355.89,   720.68
  350.35,   473.72,   467.75
  350.55,   477.21,   592.69
  351.47,   480.45,   717.40
  473.80,   222.66,   473.91
  474.71,   225.89,   599.00
  474.86,   229.57,   723.79
  474.67,   347.42,   470.02
  475.28,   351.83,   595.59
  475.37,   354.33,   720.36
  475.39,   472.37,   467.07
  475.24,   476.39,   591.77
  476.02,   479.88,   716.51
  226.96,   224.41,   599.81
  225.85,   222.61,   724.67
  224.71,   219.63,   849.78
  223.18,   349.46,   602.29
  222.11,   346.75,   726.90
  220.92,   344.54,   852.38
  220.40,   474.15,   604.60
  218.75,   471.74,   729.90
  217.39,   469.40,   854.80
  352.15,   227.59,   601.09
  350.77,   225.04,   725.97
  349.19,   223.56,   851.16
  348.27,   352.62,   603.98
  347.05,   349.91,   728.32
  345.86,   347.83,   853.39
  344.85,   477.61,   605.36
  343.75,   475.69,   730.36
  342.45,   472.67,   855.78
  476.85,   231.23,   602.62
  475.92,   228.83,   727.41
  473.85,   226.55,   852.43
  473.09,   356.22,   605.13
  471.89,   353.95,   730.09
  470.96,   351.68,   855.16
  470.10,   480.59,   606.88
  468.51,   478.69,   732.22
  467.34,   476.36,   856.71
  226.29,   349.95,   100.09
  223.53,   348.91,   224.96
  221.16,   346.87,   349.69
  224.74,   475.46,   101.16
  222.03,   474.00,   226.68
  219.53,   472.18,   351.10
  223.41,   599.93,   102.73
  220.75,   598.75,   227.77
  218.46,   596.44,   352.88
  351.79,   352.01,   102.40
  349.39,   349.86,   227.87
  346.14,   348.79,   352.98
  350.53,   477.16,   104.68
  347.19,   475.33,   228.73
  344.70,   473.78,   354.03
  348.83,   601.82,   106.29
  345.31,   600.29,   231.07
  342.88,   598.45,   355.99
  476.59,   353.30,   105.03
  474.34,   351.17,   230.24
  470.79,   350.08,   354.89
  475.07,   478.16,   106.98
  471.96,   476.61,   231.76
  469.17,   474.80,   357.20
  473.00,   603.26,   108.23
  471.00,   602.06,   233.44
  467.99,   599.92,   358.50
  225.49,   351.28,   224.07
  227.88,   353.95,   349.67
  230.95,   357.27,   474.26
  224.84,   476.21,   221.37
  227.81,   479.30,   346.60
  230.95,   481.88,   471.66
  225.17,   601.09,   218.84
  228.26,   604.03,   343.61
  231.44,   607.30,   468.62
  349.61,   351.32,   221.15
  353.45,   354.82,   346.32
  356.30,   357.14,   470.67
  350.52,   476.52,   218.55
  353.20,   479.81,   343.60
  356.38,   482.36,   467.89
  350.21,   601.36,   215.10
  353.41,   604.32,   340.50
  355.89,   607.13,   465.71
  474.64,   351.85,   218.45
  478.04,   353.93,   343.45
  480.89,   356.95,   467.61
  474.82,   476.35,   215.34
  478.03,   479.20,   340.03
  481.73,   482.11,   464.62
  475.11,   601.71,   211.92
  478.20,   604.61,   337.46
  480.78,   607.37,   462.50
  225.99,   351.54,   348.40
  228.18,   351.97,   472.55
  230.53,   351.42,   597.91
  222.16,   476.41,   348.45
  224.59,   476.56,   473.70
  226.79,   476.16,   598.03
  219.01,   602.22,   348.88
  221.28,   601.24,   473.28
  224.26,   601.52,   598.97
  350.73,   355.23,   345.72
  352.46,   354.88,   470.93
  355.39,   354.79,   595.90
  347.40,   480.10,   346.39
  349.83,   479.88,   470.94
  352.20,   478.93,   596.44
  344.03,   605.07,   346.28
  346.26,   605.01,   471.67
  348.47,   604.42,   596.95
  475.46,   357.90,   343.18
  477.69,   358.19,   469.00
  479.64,   357.73,   593.37
  472.55,   483.55,   344.39
  474.26,   483.07,   468.40
  476.90,   482.79,   593.58
  469.07,   608.38,   343.91
  471.37,   608.26,   469.73
  474.12,   607.50,   594.42
  224.29,   349.62,   476.49
  227.90,   351.82,   602.20
  232.05,   353.44,   726.83
  223.39,   474.79,   474.85
  226.79,   476.36,   599.67
  229.80,   479.07,   724.88
  222.04,   599.74,   473.31
  225.43,   601.67,   598.05
  228.84,   603.64,   723.10
  349.70,   351.30,   473.19
  352.68,   353.57,   598.14
  356.68,   355.18,   722.95
  348.39,   476.05,   471.24
  351.53,   478.45,   596.54
  355.22,   479.42,   721.31
  346.68,   600.81,   469.51
  350.28,   603.21,   595.24
  353.96,   604.53,   720.08
  474.30,   352.20,   469.85
  478.27,   354.19,   595.25
  481.17,   355.83,   719.27
  473.02,   477.52,   467.74
  476.52,   479.10,   592.64
  480.63,   481.33,   718.10
  471.45,   602.49,   466.30
  475.56,   604.49,   591.38
  478.85,   605.96,   716.48
  225.14,   351.28,   600.45
  224.98,   353.99,   725.29
  225.02,   357.00,   849.70
  223.79,   475.98,   596.93
  223.27,   479.30,   722.56
  223.57,   481.79,   847.04
  221.65,   601.29,   594.71
  222.08,   603.80,   719.43
  221.02,   606.97,   844.49
  350.49,   352.87,   599.76
  350.42,   356.36,   725.53
  350.38,   358.84,   849.62
  347.99,   478.00,   597.26
  348.15,   481.04,   722.43
  348.56,   483.74,   847.71
  346.24,   603.64,   595.13
  346.70,   605.49,   719.22
  346.69,   608.36,   844.21
  475.28,   354.83,   599.96
  475.03,   357.62,   725.29
  474.54,   360.49,   849.75
  473.37,   480.27,   597.84
  472.85,   482.55,   722.67
  473.38,   485.34,   847.85
  471.26,   604.42,   594.47
  471.17,   608.06,   719.23
  471.75,   610.01,   844.63
  223.86,   475.77,    98.30
  220.30,   472.29,   223.33
  217.50,   469.65,   348.31
  223.37,   600.50,   101.81
  220.37,   597.27,   226.56
  216.85,   594.61,   351.52
  223.34,   725.70,   105.06
  219.82,   723.07,   229.39
  216.83,   719.44,   354.61
  348.46,   476.00,   101.48
  345.71,   472.91,   227.08
  342.55,   469.45,   351.46
  349.15,   601.09,   105.09
  345.37,   597.71,   230.21
  341.63,   594.76,   355.12
  348.42,   725.51,   107.98
  345.49,   722.33,   232.78
  341.75,   719.17,   357.46
  473.55,   475.65,   104.90
  470.88,   473.26,   230.17
  466.66,   470.09,   355.56
  473.89,   601.21,   108.44
  470.23,   597.49,   233.11
  467.31,   594.78,   357.63
  473.21,   725.55,   111.20
  470.05,   722.65,   236.07
  467.08,   719.59,   361.37
  225.04,   476.20,   223.29
  228.26,   476.59,   348.04
  230.43,   476.69,   473.81
  228.16,   601.45,   223.53
  230.70,   601.19,   348.30
  232.82,   601.33,   473.55
  229.95,   726.62,   224.14
  232.96,   726.15,   348.94
  235.27,   726.41,   473.75
  350.87,   473.78,   220.72
  353.01,   474.36,   346.14
  355.08,   473.56,   471.17
  353.19,   599.42,   220.86
  355.18,   599.03,   346.13
  357.34,   598.65,   471.14
  355.08,   724.40,   221.45
  357.59,   724.30,   346.53
  360.40,   724.37,   470.65
  475.24,   471.91,   218.18
  477.86,   471.96,   343.25
  480.04,   471.33,   468.58
  477.57,   597.08,   217.96
  480.20,   596.77,   343.49
  482.93,   596.53,   468.34
  480.03,   721.77,   218.41
  482.50,   721.39,   343.63
  484.79,   721.83,   468.92
  225.46,   476.95,   348.83
  227.54,   475.87,   474.17
  230.14,   474.52,   598.97
  227.66,   601.98,   350.24
  229.20,   600.53,   475.49
  231.36,   599.72,   600.18
  228.65,   726.47,   351.03
  231.25,   725.35,   475.54
  233.29,   724.99,   600.66
  350.63,   475.21,   347.39
  352.92,   473.89,   471.63
  354.54,   473.08,   596.88
  352.35,   599.37,   347.49
  354.04,   598.66,   472.85
  356.33,   598.15,   597.79
  353.91,   724.73,   348.93
  356.52,   724.20,   473.78
  358.22,   723.22,   598.77
  475.17,   472.73,   344.76
  477.52,   472.52,   469.70
  479.55,   471.02,   594.76
  477.01,   597.93,   346.12
  479.00,   597.02,   470.26
  481.39,   596.45,   595.50
  478.96,   722.93,   346.61
  481.23,   722.35,   471.33
  483.69,   721.56,   596.23
  225.23,   477.15,   473.28
  221.44,   473.21,   598.04
  218.08,   470.33,   723.45
  223.47,   601.56,   476.37
  220.73,   598.31,   601.96
  217.61,   595.35,   726.05
  222.85,   726.60,   480.23
  219.10,   723.58,   604.86
  216.21,   720.60,   729.82
  350.48,   477.66,   476.35
  346.77,   474.58,   601.64
  343.40,   471.39,   726.46
  348.37,   602.55,   479.65
  344.98,   599.68,   604.43
  341.95,   596.35,   729.48
  347.97,   728.30,   483.47
  343.89,   724.48,   607.87
  341.36,   721.91,   732.90
  474.78,   479.56,   479.83
  471.56,   476.01,   605.18
  468.78,   472.38,   729.77
  473.46,   604.53,   482.79
  470.12,   601.40,   608.28
  466.89,   598.04,   733.57
  472.14,   728.95,   486.43
  468.69,   726.18,   611.44
  466.21,   722.88,   735.92
  226.64,   473.25,   601.70
  225.95,   473.38,   726.83
  225.53,   472.03,   852.19
  229.23,   598.36,   602.06
  229.39,   597.79,   727.47
  228.49,   597.45,   852.39
  232.26,   723.64,   602.82
  232.53,   722.97,   727.77
  232.13,   722.03,   852.66
  351.52,   470.23,   602.37
  350.44,   470.03,   727.17
  350.39,   469.28,   852.34
  354.27,   595.55,   602.36
  353.60,   594.71,   727.49
  353.46,   593.72,   852.51
  357.76,   720.38,   603.29
  356.69,   719.56,   728.27
  356.61,   718.75,   853.68
  475.71,   466.88,   602.14
  475.71,   466.66,   727.51
  475.34,   465.73,   852.76
  479.60,   591.93,   603.51
  478.97,   591.37,   728.26
  478.07,   591.22,   853.28
  482.62,   717.40,   603.92
  482.05,   715.87,   729.20
  482.10,   715.91,   853.41
  225.63,   600.89,   101.86
  222.61,   600.73,   226.30
  219.92,   600.24,   351.12
  228.19,   726.30,   102.18
  225.91,   725.97,   226.87
  222.85,   725.11,   352.34
  230.83,   851.44,   102.40
  228.68,   850.64,   227.70
  225.48,   850.55,   352.62
  350.20,   598.08,   104.25
  347.46,   597.97,   229.45
  344.99,   597.40,   353.79
  353.20,   723.10,   105.12
  350.98,   722.99,   230.17
  348.28,   722.83,   354.83
  356.41,   848.14,   105.77
  353.07,   848.07,   230.08
  350.49,   847.35,   355.58
  476.05,   595.79,   106.82
  473.18,   595.54,   231.66
  470.33,   594.54,   357.01
  478.17,   720.77,   107.02
  475.40,   720.25,   232.89
  473.29,   719.55,   357.48
  481.51,   845.69,   107.67
  478.04,   844.93,   233.33
  476.11,   844.16,   358.30
  223.11,   598.97,   224.45
  223.47,   598.66,   350.19
  222.36,   599.27,   474.30
  221.44,   723.72,   224.43
  221.23,   723.71,   349.71
  221.08,   723.52,   474.88
  219.33,   849.10,   224.37
  219.01,   848.65,   349.23
  218.40,   848.61,   474.58
  348.61,   600.55,   225.12
  348.33,   600.79,   349.57
  347.59,   600.82,   475.28
  346.76,   725.41,   225.37
  346.10,   726.00,   349.70
  346.03,   725.57,   475.17
  344.45,   850.66,   225.31
  343.83,   851.01,   350.00
  344.12,   851.15,   474.94
  473.06,   602.86,   225.03
  473.44,   603.03,   350.08
  472.32,   602.99,   475.62
  471.59,   727.34,   225.20
  471.03,   728.04,   349.71
  470.34,   727.48,   475.03
  469.85,   852.58,   225.17
  469.57,   852.47,   350.17
  468.65,   852.73,   475.10
  226.28,   598.69,   349.60
  224.82,   597.78,   474.17
  222.86,   596.61,   599.33
  224.96,   724.21,   350.81
  223.20,   722.71,   475.78
  221.96,   721.06,   601.01
  224.24,   849.03,   352.46
  222.83,   847.45,   476.56
  221.03,   846.04,   602.40
  351.11,   599.49,   351.23
  349.56,   597.95,   476.13
  348.25,   597.37,   600.75
  349.91,   724.43,   352.16
  348.67,   723.74,   476.91
  347.39,   722.35,   602.66
  349.37,   849.48,   353.65
  348.05,   848.22,   478.11
  346.13,   846.82,   603.22
  476.09,   600.21,   352.86
  474.56,   599.24,   476.99
  473.04,   597.46,   602.89
  474.89,   725.46,   353.83
  473.22,   723.64,   478.44
  472.42,   722.41,   603.84
  474.66,   850.02,   355.12
  473.30,   849.47,   480.47
  471.63,   847.33,   604.85
  226.61,   598.22,   475.90
  227.97,   601.73,   600.52
  230.10,   604.05,   725.86
  225.52,   723.17,   472.88
  227.54,   726.11,   597.68
  229.06,   729.74,   722.91
  224.33,   848.64,   469.02
  226.20,   851.14,   594.17
  227.61,   854.52,   719.05
  351.66,   599.48,   474.05
  353.50,   602.58,   598.88
  355.28,   605.71,   723.82
  351.06,   724.20,   470.40
  352.53,   726.99,   595.54
  353.66,   730.20,   721.03
  349.09,   849.48,   467.57
  351.41,   852.53,   593.01
  353.45,   855.51,   717.44
  476.67,   600.98,   472.24
  478.05,   603.95,   597.50
  480.43,   606.96,   721.65
  475.12,   725.53,   468.90
  477.73,   728.04,   594.09
  479.28,   731.90,   719.11
  474.28,   850.36,   466.21
  476.42,   853.73,   591.31
  478.35,   856.90,   715.84
  226.84,   601.15,   598.99
  227.65,   602.11,   723.64
  228.29,   603.89,   848.01
  226.22,   725.60,   596.90
  227.24,   727.38,   722.44
  228.60,   728.45,   846.83
  227.15,   850.99,   595.99
  227.86,   851.96,   720.83
  229.36,   853.18,   845.48
  351.70,   601.17,   597.36
  352.64,   602.24,   721.96
  353.99,   602.81,   847.09
  351.92,   726.07,   595.76
  352.42,   726.70,   721.37
  354.11,   728.22,   846.38
  351.73,   850.19,   594.81
  352.89,   852.16,   719.86
  354.07,   853.04,   844.54
  476.53,   600.92,   596.50
  477.35,   601.57,   720.96
  478.96,   603.02,   846.28
  476.39,   725.64,   595.33
  477.44,   726.74,   719.83
  479.10,   728.18,   845.35
  476.92,   850.93,   594.00
  478.07,   852.13,   718.53
  479.02,   852.59,   843.44
  351.24,   100.03,    98.74
  352.45,   103.92,   223.77
  353.37,   106.96,   348.00
  354.46,   225.38,    94.67
  355.14,   228.81,   219.86
  356.04,   232.47,   345.22
  357.57,   350.11,    92.03
  358.92,   353.46,   216.38
  359.73,   357.25,   341.45
  476.90,    97.15,    97.20
  476.97,   100.76,   222.61
  477.98,   104.48,   347.96
  479.55,   221.94,    94.29
  480.09,   225.97,   218.86
  480.84,   228.53,   343.90
  482.24,   347.47,    90.44
  483.74,   350.09,   215.39
  484.07,   353.58,   340.44
  600.94,    94.43,    97.13
  602.42,    97.24,   221.81
  602.67,   100.87,   346.82
  604.20,   219.20,    93.51
  605.63,   222.65,   218.61
  606.35,   226.31,   343.52
  608.01,   344.00,    90.45
  608.05,   347.60,   215.04
  609.71,   350.66,   339.54
  349.51,   100.34,   224.12
  351.45,   103.97,   349.21
  353.66,   107.00,   474.62
  351.28,   225.31,   221.32
  353.06,   228.68,   345.83
  355.25,   232.28,   470.82
  352.55,   350.23,   217.94
  354.61,   353.44,   342.88
  356.47,   357.55,   467.32
  474.16,    99.55,   222.76
  476.34,   102.70,   347.81
  478.37,   106.03,   472.35
  476.66,   223.74,   219.12
  477.96,   227.32,   344.53
  480.24,   230.32,   469.67
  477.78,   349.03,   216.47
  479.52,   351.76,   340.70
  481.06,   355.38,   465.94
  599.40,    97.02,   220.41
  601.38,   100.32,   345.31
  603.41,   104.39,   471.07
  600.70,   222.92,   217.41
  603.21,   225.28,   342.69
  604.44,   229.38,   467.89
  602.69,   347.51,   214.62
  604.27,   350.81,   339.16
  606.69,   353.52,   463.92
  350.03,   100.59,   350.62
  348.83,   103.40,   475.96
  348.25,   107.38,   600.02
  353.69,   225.14,   347.73
  352.94,   228.23,   472.38
  351.23,   231.70,   597.11
  357.15,   350.66,   344.00
  356.82,   353.52,   469.12
  355.71,   357.47,   593.87
  474.91,    97.13,   352.08
  473.48,    99.77,   476.70
  472.82,   103.91,   601.72
  478.46,   222.08,   348.40
  477.79,   225.20,   473.77
  476.83,   228.35,   598.38
  482.64,   346.29,   345.14
  481.16,   349.70,   469.83
  480.53,   353.70,   594.87
  599.70,    93.18,   353.07
  598.72,    96.10,   477.69
  597.60,    99.81,   602.86
  603.63,   218.35,   349.85
  603.02,   220.89,   474.22
  601.95,   225.16,   599.67
  607.63,   343.04,   346.02
  606.50,   346.62,   471.38
  605.05,   349.58,   595.99
  350.22,    99.76,   476.37
  351.21,   103.05,   601.51
  351.22,   104.98,   726.95
  353.27,   225.13,   474.09
  353.92,   227.33,   598.99
  354.95,   230.48,   724.04
  356.09,   349.38,   471.06
  356.46,   352.12,   596.37
  357.22,   355.20,   721.39
  474.63,    97.04,   475.76
  476.15,    99.30,   600.72
  477.10,   102.56,   726.39
  478.39,   221.88,   473.44
  479.06,   224.65,   598.53
  479.68,   227.10,   723.05
  480.92,   347.23,   470.40
  481.85,   350.03,   595.07
  481.88,   352.72,   720.06
  599.87,    93.98,   475.26
  600.41,    96.91,   600.54
  601.26,    99.96,   725.48
  602.97,   218.96,   472.94
  604.15,   221.63,   597.92
  604.18,   224.84,   722.09
  605.92,   344.31,   469.83
  606.23,   346.73,   594.82
  607.47,   349.48,   720.06
  350.34,    99.78,   600.18
  352.51,    96.67,   725.76
  354.55,    93.99,   850.21
  353.23,   224.40,   603.01
  355.05,   221.23,   728.50
  357.37,   218.56,   853.46
  355.59,   349.31,   606.16
  357.01,   346.39,   731.71
  359.21,   343.22,   855.68
  475.30,    97.08,   598.13
  477.75,    94.76,   722.69
  479.48,    91.20,   848.44
  478.10,   222.30,   601.45
  479.75,   219.37,   726.13
  481.75,   216.50,   850.94
  480.42,   346.96,   604.44
  482.11,   343.89,   729.22
  484.68,   341.54,   853.66
  600.71,    94.64,   595.64
  602.42,    91.77,   720.42
  604.61,    89.44,   845.53
  602.99,   220.22,   598.63
  604.58,   216.99,   724.17
  607.04,   213.64,   848.89
  604.77,   345.52,   601.95
  607.70,   341.91,   727.18
  609.82,   339.49,   851.81
  348.68,   225.26,   101.41
  351.26,   221.84,   226.68
  354.13,   218.66,   351.35
  345.64,   349.51,   104.46
  348.96,   346.25,   229.34
  351.22,   343.52,   354.16
  342.89,   474.93,   107.75
  345.78,   471.58,   232.57
  348.46,   468.82,   357.48
  474.05,   228.42,    98.71
  476.61,   224.80,   223.31
  479.49,   222.02,   349.01
  471.27,   353.26,   101.71
  473.45,   349.37,   227.48
  476.54,   346.39,   352.21
  467.71,   477.61,   105.60
  470.97,   474.22,   230.41
  473.20,   471.30,   355.31
  599.43,   230.73,    96.85
  601.22,   228.25,   221.57
  604.35,   224.48,   346.63
  595.69,   355.54,    99.72
  598.60,   352.94,   224.39
  601.16,   349.73,   349.97
  593.44,   480.73,   103.08
  595.13,   478.10,   227.77
  598.25,   474.67,   353.33
  348.51,   227.32,   225.82
  348.45,   226.69,   351.50
  348.49,   225.83,   475.84
  345.77,   352.29,   226.08
  345.28,   351.19,   350.96
  345.99,   351.13,   476.60
  342.93,   477.25,   226.49
  342.71,   476.16,   352.11
  343.45,   476.00,   476.58
  473.16,   229.75,   226.22
  472.87,   228.76,   351.60
  472.57,   229.28,   476.16
  470.98,   354.76,   226.42
  470.19,   353.87,   351.71
  470.75,   353.55,   476.23
  468.15,   479.76,   226.64
  468.59,   479.45,   351.98
  467.87,   478.85,   476.93
  597.82,   231.88,   226.11
  598.57,   232.04,   351.72
  598.20,   231.23,   476.54
  596.16,   356.98,   226.30
  595.44,   356.17,   352.10
  595.48,   356.42,   477.09
  592.80,   482.39,   227.15
  592.91,   481.64,   351.52
  592.84,   481.70,   477.16
  349.69,   225.75,   350.52
  346.04,   226.62,   475.66
  342.78,   227.77,   600.86
  351.61,   351.06,   349.55
  348.90,   351.60,   474.49
  344.63,   352.86,   600.00
  354.06,   476.33,   349.09
  350.47,   476.92,   473.71
  347.60,   478.13,   598.76
  474.45,   224.46,   354.32
  471.45,   225.18,   479.57
  468.19,   226.55,   604.70
  477.17,   348.69,   353.22
  473.93,   350.41,   478.39
  469.79,   351.59,   603.05
  478.45,   473.88,   352.79
  475.72,   475.26,   477.76
  472.48,   476.15,   602.11
  599.90,   222.34,   357.71
  596.66,   223.39,   483.22
  593.11,   224.55,   608.03
  601.49,   347.60,   356.50
  598.15,   348.41,   482.12
  594.65,   348.75,   607.17
  603.68,   472.52,   356.43
  600.82,   473.22,   480.68
  597.30,   473.67,   605.77
  347.92,   223.87,   476.98
  345.52,   221.81,   601.92
  343.51,   219.87,   726.75
  351.86,   349.17,   479.47
  349.08,   346.76,   604.50
  347.15,   344.99,   729.62
  354.89,   474.23,   481.59
  352.90,   471.86,   606.45
  350.59,   469.10,   731.85
  473.60,   221.24,   479.01
  471.22,   218.16,   604.23
  468.88,   216.22,   728.76
  476.52,   346.00,   481.77
  473.94,   343.55,   606.65
  471.68,   340.97,   731.01
  479.39,   471.06,   483.45
  477.56,   468.63,   608.79
  474.74,   466.06,   733.61
  597.72,   217.86,   480.93
  595.52,   214.82,   606.36
  593.57,   213.18,   730.83
  601.02,   342.64,   483.32
  599.18,   339.81,   608.86
  597.04,   337.77,   733.99
  605.00,   467.10,   486.32
  602.12,   465.59,   611.30
  599.75,   462.55,   736.22
  348.49,   224.04,   598.27
  345.99,   221.61,   723.99
  344.31,   218.91,   848.45
  346.48,   349.28,   601.25
  344.09,   347.04,   725.60
  342.36,   344.61,   850.93
  344.34,   473.57,   603.00
  341.51,   471.15,   728.58
  339.92,   469.26,   853.28
  473.18,   226.46,   601.10
  471.78,   223.62,   725.38
  469.27,   221.86,   851.05
  471.18,   351.53,   603.31
  469.03,   349.02,   728.15
  467.20,   346.73,   852.94
  469.57,   476.72,   605.47
  466.40,   473.79,   730.54
  464.60,   471.14,   855.65
  598.56,   228.48,   603.14
  596.57,   226.17,   727.84
  593.64,   223.54,   852.56
  596.04,   353.42,   605.45
  594.41,   351.49,   730.88
  591.63,   348.30,   855.33
  594.29,   478.19,   608.09
  592.27,   476.28,   732.41
  589.61,   473.89,   857.47
  352.12,   349.74,   101.62
  349.55,   346.18,   226.74
  347.02,   343.44,   351.72
  349.33,   474.85,   104.39
  346.83,   471.51,   229.92
  343.97,   468.44,   354.83
  347.34,   599.87,   108.36
  344.59,   596.55,   232.75
  342.43,   593.04,   357.42
  476.63,   352.01,   103.93
  473.69,   349.16,   228.67
  471.14,   345.44,   354.37
  474.20,   477.17,   107.71
  472.15,   473.51,   231.98
  469.63,   470.23,   356.84
  471.98,   601.80,   110.96
  469.21,   598.32,   235.38
  466.61,   595.79,   360.19
  601.16,   354.04,   106.61
  598.94,   350.89,   231.90
  596.47,   347.48,   356.40
  599.02,   479.81,   109.53
  596.50,   476.01,   235.11
  594.36,   472.65,   360.18
  596.58,   604.09,   113.02
  594.75,   600.95,   238.02
  592.21,   597.64,   362.94
  351.11,   351.41,   224.48
  353.36,   347.99,   349.45
  356.78,   344.41,   474.41
  352.19,   476.20,   228.39
  354.73,   472.62,   352.96
  356.95,   469.61,   478.58
  352.84,   601.26,   232.34
  355.41,   598.20,   357.39
  358.59,   594.45,   482.39
  476.14,   350.43,   221.84
  478.47,   347.27,   346.85
  482.05,   343.27,   471.68
  476.68,   475.81,   225.70
  479.84,   471.76,   350.27
  482.47,   468.98,   475.38
  478.11,   600.48,   229.02
  480.12,   597.52,   353.78
  483.31,   593.85,   479.47
  601.22,   350.32,   219.27
  604.10,   346.21,   344.46
  606.79,   343.13,   468.92
  601.97,   474.97,   222.88
  604.58,   471.90,   348.06
  607.36,   467.67,   473.25
  603.11,   600.14,   226.48
  605.09,   595.94,   351.17
  607.81,   592.70,   476.64
  350.39,   348.47,   350.81
  353.69,   348.56,   475.83
  356.99,   348.05,   600.49
  351.17,   474.23,   350.84
  353.89,   473.64,   476.61
  358.07,   473.38,   600.98
  351.78,   599.05,   351.50
  354.86,   598.67,   476.95
  358.19,   597.94,   601.66
  475.09,   348.77,   347.16
  478.03,   348.17,   472.34
  482.28,   347.28,   597.67
  475.25,   472.85,   347.52
  479.00,   473.06,   472.34
  482.37,   472.81,   597.72
  476.83,   598.49,   348.01
  479.55,   597.84,   473.26
  483.00,   597.06,   597.61
  599.93,   347.74,   343.90
  603.51,   347.23,   468.46
  606.57,   347.01,   594.18
  600.61,   472.32,   344.25
  604.54,   471.87,   468.71
  608.06,   471.22,   594.62
  601.28,   597.30,   344.49
  604.45,   596.69,   470.03
  608.22,   596.71,   595.06
  349.53,   350.92,   474.54
  351.55,   347.74,   598.87
  353.93,   345.34,   724.51
  350.60,   475.59,   477.66
  353.48,   473.41,   602.41
  356.38,   470.06,   726.92
  353.04,   601.41,   479.96
  355.74,   598.55,   605.35
  357.50,   594.96,   730.13
  474.29,   349.50,   471.91
  476.98,   346.18,   596.49
  479.75,   344.09,   721.62
  476.01,   473.87,   474.70
  479.02,   471.08,   599.46
  480.76,   468.41,   724.72
  477.65,   599.32,   477.63
  480.22,   596.16,   601.94
  483.32,   593.39,   727.09
  599.03,   347.13,   469.31
  601.88,   344.33,   594.01
  603.95,   341.74,   719.34
  600.93,   472.24,   472.47
  603.27,   469.78,   596.74
  605.79,   466.62,   722.28
  602.52,   597.69,   474.50
  605.49,   595.08,   599.82
  607.57,   591.63,   725.07
  351.89,   348.27,   598.69
  354.13,   346.27,   723.00
  357.26,   343.75,   848.60
  349.48,   473.28,   600.67
  351.97,   471.09,   725.66
  354.58,   468.16,   850.66
  346.84,   598.00,   603.77
  349.30,   595.75,   728.37
  352.39,   593.79,   853.60
  477.27,   350.88,   595.73
  479.18,   348.39,   721.35
  482.40,   345.58,   845.86
  474.01,   476.01,   598.13
  477.10,   473.01,   723.77
  479.43,   471.31,   848.40
  472.51,   601.13,   601.14
  474.57,   598.82,   726.25
  477.42,   595.62,   851.36
  601.86,   353.63,   593.76
  604.17,   350.73,   718.57
  606.54,   348.16,   843.68
  599.71,   478.14,   595.71
  601.95,   475.63,   720.69
  604.67,   472.99,   846.18
  596.63,   603.26,   598.75
  599.79,   600.60,   724.00
  602.01,   598.11,   848.77
  350.89,   473.93,   101.14
  350.10,   470.09,   225.92
  349.63,   466.31,   350.94
  353.29,   598.52,   104.46
  352.64,   594.98,   228.96
  351.18,   591.64,   354.02
  355.02,   723.20,   107.67
  354.67,   720.10,   232.74
  354.10,   716.21,   358.45
  476.33,   471.27,   101.39
  475.54,   467.80,   226.48
  474.81,   463.79,   351.06
  478.53,   597.05,   105.02
  477.45,   592.78,   230.03
  476.66,   588.94,   354.95
  480.51,   721.95,   109.32
  479.89,   718.03,   234.31
  479.00,   714.26,   358.82
  600.81,   469.72,   102.27
  600.76,   465.68,   227.56
  599.66,   461.80,   352.46
  603.08,   595.00,   106.44
  602.01,   591.27,   230.81
  601.29,   586.89,   355.93
  605.71,   719.00,   109.91
  604.50,   716.18,   234.78
  603.13,   711.97,   359.74
  351.73,   475.49,   224.66
  350.57,   475.90,   349.64
  349.65,   475.79,   474.82
  354.65,   600.36,   224.78
  354.05,   600.56,   349.66
  353.25,   600.52,   474.28
  358.00,   725.26,   224.04
  357.64,   725.73,   349.63
  356.41,   725.26,   474.30
  476.62,   472.41,   225.77
  475.79,   472.04,   350.02
  475.25,   472.38,   475.41
  480.33,   597.19,   225.32
  478.99,   597.10,   350.13
  478.52,   597.79,   475.12
  483.11,   722.24,   225.37
  482.09,   722.33,   349.63
  481.27,   722.49,   474.52
  601.33,   468.80,   226.39
  600.80,   468.87,   351.62
  599.74,   468.78,   475.79
  605.00,   593.56,   226.10
  604.17,   594.36,   350.73
  603.14,   594.00,   476.47
  608.55,   718.20,   225.91
  607.05,   718.58,   350.75
  606.86,   718.69,   475.81
  349.13,   475.17,   350.24
  350.53,   474.97,   475.20
  352.59,   474.10,   600.90
  349.75,   599.75,   350.98
  351.09,   599.61,   476.30
  353.10,   599.01,   600.76
  349.66,   725.50,   351.70
  351.52,   724.93,   476.85
  353.01,   724.41,   602.05
  474.78,   475.42,   348.63
  476.01,   474.44,   473.97
  477.75,   473.57,   599.04
  474.88,   600.13,   349.48
  476.32,   599.13,   474.44
  477.61,   598.49,   600.12
  475.21,   725.21,   350.11
  476.90,   724.01,   475.24
  478.22,   723.48,   599.94
  599.61,   474.38,   347.86
  600.74,   474.12,   472.84
  602.18,   473.21,   597.22
  599.59,   599.53,   348.24
  601.61,   599.17,   473.24
  602.78,   598.41,   598.00
  599.59,   724.55,   348.60
  601.83,   723.91,   473.63
  603.24,   722.99,   598.77
  351.72,   473.42,   473.96
  350.65,   471.40,   598.59
  349.98,   469.39,   724.16
  353.55,   598.09,   475.50
  352.14,   596.37,   601.24
  351.17,   594.66,   725.55
  355.57,   722.70,   477.50
  354.54,   721.34,   602.24
  353.25,   719.33,   727.43
  477.20,   471.68,   475.55
  476.08,   470.04,   599.79
  474.72,   468.62,   724.65
  478.10,   596.35,   477.19
  477.82,   594.81,   602.19
  476.17,   593.52,   727.13
  479.94,   722.00,   478.52
  478.59,   719.79,   603.56
  478.31,   718.58,   728.08
  602.34,   469.53,   476.16
  600.57,   468.72,   600.89
  599.81,   466.64,   726.13
  603.27,   595.16,   477.88
  602.05,   592.99,   602.80
  601.94,   591.53,   727.77
  605.42,   719.70,   479.68
  604.06,   718.73,   604.37
  603.27,   716.67,   729.67
  351.97,   474.91,   598.72
  352.10,   473.71,   723.53
  353.38,   472.22,   848.16
  351.73,   599.95,   599.77
  351.99,   599.11,   724.69
  352.42,   597.43,   849.28
  350.77,   724.33,   600.98
  351.84,   723.86,   725.76
  352.06,   722.10,   850.90
  476.25,   474.80,   597.71
  477.63,   473.98,   722.47
  477.92,   472.44,   847.24
  475.90,   600.49,   598.32
  476.83,   598.70,   723.58
  477.39,   597.54,   849.17
  476.14,   725.40,   599.47
  476.90,   724.23,   724.73
  477.06,   723.03,   850.33
  601.13,   475.31,   597.18
  602.56,   474.01,   721.62
  602.93,   473.07,   846.66
  601.28,   600.57,   598.07
  601.76,   599.02,   722.68
  602.24,   598.06,   848.43
  600.79,   725.34,   599.03
  601.63,   724.37,   723.86
  602.90,   722.73,   849.65
  350.42,   598.81,   101.54
  349.39,   600.25,   225.97
  349.17,   602.30,   351.05
  348.84,   723.49,    99.12
  348.78,   724.93,   224.13
  348.74,   727.18,   349.23
  347.96,   848.38,    97.38
  347.90,   850.59,   222.37
  346.98,   851.95,   347.69
  474.93,   599.84,   101.71
  475.26,   601.24,   227.19
  474.42,   603.19,   352.02
  474.70,   724.14,   100.20
  474.22,   726.51,   225.44
  473.68,   728.08,   350.12
  473.37,   849.19,    98.25
  472.51,   851.18,   223.21
  472.79,   852.99,   348.33
  600.31,   600.22,   102.01
  600.28,   601.80,   226.77
  599.70,   603.90,   352.53
  598.89,   725.27,   100.82
  599.32,   727.64,   224.98
  598.56,   729.09,   350.89
  598.51,   850.87,    99.12
  598.27,   851.74,   223.57
  597.17,   853.97,   348.82
  351.61,   600.31,   226.65
  350.23,   603.89,   351.74
  349.27,   607.37,   476.47
  349.03,   724.40,   223.01
  348.08,   728.31,   348.12
  346.60,   732.51,   472.94
  345.43,   849.68,   218.80
  344.46,   853.17,   344.03
  343.99,   857.13,   468.62
  476.90,   602.62,   227.44
  476.00,   606.93,   352.19
  474.79,   610.17,   477.76
  474.04,   728.30,   223.43
  472.65,   731.73,   348.56
  472.11,   734.91,   473.13
  470.33,   852.77,   220.39
  469.52,   856.22,   345.32
  468.73,   859.82,   470.20
  601.09,   606.42,   228.10
  600.60,   609.41,   353.18
  599.70,   613.82,   478.10
  598.23,   730.69,   224.55
  597.82,   734.29,   349.02
  596.23,   738.37,   474.24
  595.95,   855.90,   221.13
  594.73,   859.87,   346.17
  593.56,   863.17,   470.33
  350.11,   600.65,   351.79
  350.67,   602.68,   476.46
  351.34,   605.68,   601.17
  350.72,   725.64,   349.25
  351.39,   727.51,   474.58
  351.86,   730.52,   599.67
  350.96,   851.11,   347.22
  350.87,   852.77,   471.70
  352.05,   855.32,   597.47
  475.25,   599.96,   351.18
  475.65,   602.49,   476.21
  475.76,   605.21,   601.44
  475.78,   725.60,   348.97
  475.92,   727.47,   473.72
  476.04,   730.27,   598.51
  475.70,   850.47,   346.69
  476.22,   852.52,   471.17
  476.55,   854.49,   596.31
  599.97,   600.11,   350.35
  600.36,   601.75,   475.67
  600.79,   604.75,   600.25
  600.40,   724.79,   347.95
  601.39,   727.36,   473.10
  601.56,   729.31,   598.80
  600.85,   849.97,   346.13
  601.53,   852.28,   470.96
  601.38,   854.82,   596.33
  348.86,   600.19,   475.11
  350.67,   596.40,   600.80
  352.16,   593.90,   725.30
  351.68,   724.49,   477.99
  353.17,   721.48,   603.92
  355.00,   718.60,   728.84
  354.80,   849.90,   482.05
  356.77,   846.25,   606.52
  358.74,   844.01,   731.17
  473.95,   597.06,   473.79
  475.23,   593.67,   598.91
  477.15,   590.79,   723.43
  476.93,   721.25,   476.71
  478.49,   718.25,   601.53
  480.23,   715.57,   726.79
  479.75,   846.71,   479.79
  481.39,   843.86,   605.23
  483.08,   840.15,   729.97
  598.44,   593.61,   472.15
  600.33,   590.89,   596.86
  601.54,   586.94,   722.06
  601.89,   718.63,   474.74
  603.79,   715.63,   600.28
  605.12,   712.01,   725.16
  605.57,   842.94,   478.13
  606.23,   840.46,   602.80
  608.38,   836.97,   728.43
  350.86,   599.34,   600.24
  353.07,   597.88,   724.96
  356.42,   596.60,   849.94
  347.63,   724.13,   601.80
  350.61,   722.69,   726.77
  353.71,   721.39,   851.98
  344.46,   848.99,   603.15
  347.69,   847.50,   728.34
  350.66,   846.42,   853.11
  475.73,   602.14,   597.20
  478.92,   601.07,   722.72
  481.72,   599.75,   847.56
  472.10,   727.01,   598.96
  475.08,   725.42,   723.88
  478.54,   723.96,   848.40
  468.98,   851.84,   600.06
  472.64,   851.16,   725.39
  475.21,   849.66,   850.84
  600.38,   605.66,   594.35
  603.10,   603.60,   719.31
  606.72,   602.52,   844.33
  597.06,   730.46,   595.80
  600.14,   728.76,   721.18
  603.45,   726.91,   845.87
  593.82,   855.26,   597.38
  597.19,   853.94,   722.65
  600.36,   852.83,   846.88
  474.62,   100.30,   100.56
  474.56,   100.01,   225.57
  474.35,    99.49,   349.89
  473.29,   225.18,   100.28
  472.98,   225.12,   225.41
  472.80,   224.96,   350.44
  471.71,   349.87,    99.70
  471.76,   349.78,   224.76
  470.91,   349.55,   349.55
  599.35,   101.67,   100.74
  599.46,   101.40,   225.63
  598.92,   101.86,   350.37
  597.68,   225.95,   100.56
  598.21,   226.30,   225.27
  597.61,   226.44,   350.05
  596.77,   351.64,   100.19
  596.26,   351.00,   225.22
  596.39,   351.68,   350.30
  725.01,   103.25,   100.94
  724.39,   102.70,   225.60
  724.29,   103.17,   351.00
  723.20,   227.63,   100.59
  722.93,   227.43,   225.51
  722.54,   228.13,   350.77
  721.69,   352.82,   100.20
  721.48,   353.13,   225.68
  720.73,   352.56,   350.82
  475.37,    99.92,   225.01
  472.21,   102.17,   350.17
  469.17,   103.46,   475.22
  475.43,   224.79,   223.57
  472.86,   226.41,   348.54
  469.21,   228.65,   473.89
  475.11,   349.64,   222.22
  472.86,   351.79,   347.30
  469.71,   353.58,   471.58
  600.59,   100.55,   227.91
  597.72,   102.15,   353.21
  594.45,   103.27,   478.38
  600.33,   225.30,   226.90
  597.21,   226.67,   351.23
  594.13,   228.57,   476.70
  600.33,   350.53,   225.42
  597.43,   351.93,   350.21
  594.30,   353.47,   475.00
  725.44,    99.73,   231.28
  722.28,   101.73,   356.27
  719.84,   103.66,   480.88
  725.09,   225.44,   229.88
  722.29,   227.25,   354.06
  719.67,   228.83,   479.76
  724.91,   349.78,   227.96
  722.90,   351.40,   352.54
  719.44,   353.00,   478.04
  472.95,    98.56,   351.70
  472.24,    97.73,   477.04
  471.61,    96.92,   601.91
  471.04,   223.76,   352.73
  470.29,   222.53,   477.60
  469.79,   222.19,   603.05
  469.54,   348.46,   353.79
  468.96,   347.58,   478.99
  468.44,   346.57,   603.43
  597.97,   100.55,   352.03
  597.66,    99.35,   476.96
  597.03,    98.57,   601.92
  596.41,   226.21,   353.35
  595.34,   224.68,   478.43
  595.24,   223.32,   603.67
  594.50,   351.09,   354.33
  594.09,   349.70,   479.71
  593.35,   348.57,   604.43
  722.91,   102.88,   352.86
  722.62,   101.31,   477.88
  722.07,   100.15,   602.61
  720.90,   227.64,   353.97
  720.93,   226.65,   479.07
  719.83,   225.33,   603.79
  719.80,   352.92,   354.70
  719.11,   351.58,   480.18
  718.40,   350.78,   605.36
  473.62,   100.58,   474.11
  469.87,   103.36,   599.18
  467.07,   105.87,   724.25
  471.48,   224.74,   471.63
  468.08,   228.12,   596.10
  464.25,   231.50,   721.14
  469.46,   349.85,   468.08
  465.51,   353.19,   593.40
  462.11,   355.68,   718.26
  598.96,   102.15,   477.42
  595.59,   105.87,   602.85
  592.14,   108.72,   727.54
  596.46,   227.53,   475.09
  592.97,   230.67,   599.79
  589.84,   233.71,   724.29
  594.75,   352.29,   471.36
  590.71,   355.62,   596.73
  586.78,   358.03,   721.16
  724.00,   104.73,   481.24
  720.33,   107.62,   606.49
  716.17,   111.23,   731.48
  721.54,   229.27,   477.83
  717.45,   232.48,   603.14
  714.44,   236.28,   727.98
  719.16,   354.84,   474.79
  715.43,   357.69,   599.95
  711.86,   360.82,   724.65
  476.44,   100.89,   600.69
  473.02,   104.92,   725.81
  468.67,   108.93,   850.64
  478.74,   225.65,   597.23
  474.88,   229.50,   722.61
  471.74,   233.80,   846.99
  480.29,   351.25,   593.75
  477.56,   354.38,   718.85
  473.49,   358.29,   843.81
  601.13,    99.00,   604.26
  597.42,   102.29,   729.70
  593.70,   106.30,   854.72
  603.31,   223.67,   600.52
  599.71,   227.17,   726.22
  596.52,   231.33,   850.45
  605.53,   349.02,   597.11
  601.95,   352.78,   721.78
  599.13,   355.89,   846.48
  725.74,    96.57,   608.05
  721.99,   100.30,   732.87
  718.86,   104.39,   857.91
  728.25,   220.99,   604.67
  724.71,   225.66,   728.84
  721.44,   229.08,   854.02
  730.70,   346.24,   600.18
  727.23,   350.11,   725.89
  723.77,   354.27,   850.68
  473.31,   225.45,    98.70
  472.47,   222.57,   223.80
  471.32,   218.78,   348.77
  472.12,   350.48,   101.88
  471.29,   347.14,   226.86
  469.82,   343.68,   351.85
  470.83,   476.10,   105.25
  470.16,   472.31,   230.32
  468.75,   468.71,   355.28
  598.14,   226.69,   100.13
  597.01,   223.62,   225.30
  595.94,   220.07,   349.47
  596.65,   351.98,   102.78
  596.11,   348.69,   228.39
  595.15,   345.78,   352.84
  595.55,   477.20,   106.41
  595.13,   473.86,   231.07
  593.80,   469.79,   356.87
  722.71,   227.81,   101.17
  722.53,   224.64,   225.77
  720.62,   221.35,   350.84
  722.16,   353.30,   104.81
  721.08,   350.25,   229.16
  719.56,   346.09,   354.43
  720.56,   478.19,   108.03
  720.06,   474.80,   232.94
  718.22,   471.72,   357.10
  476.66,   223.83,   227.09
  478.45,   225.73,   351.66
  480.27,   226.69,   476.83
  479.32,   348.42,   225.09
  480.82,   350.47,   349.73
  483.29,   351.96,   475.20
  481.71,   474.20,   223.41
  484.15,   475.40,   347.86
  485.27,   476.99,   473.05
  601.80,   221.15,   225.32
  603.53,   222.98,   349.73
  605.45,   224.66,   474.52
  604.69,   346.36,   223.25
  605.77,   347.99,   348.13
  607.31,   349.75,   473.25
  607.22,   471.25,   222.09
  608.48,   472.69,   346.70
  610.42,   474.66,   471.79
  726.50,   218.73,   223.08
  728.08,   219.86,   348.12
  729.67,   221.26,   473.15
  729.21,   343.29,   221.86
  731.01,   345.11,   346.96
  732.77,   346.57,   471.38
  732.03,   468.39,   219.54
  733.57,   469.65,   344.65
  735.48,   471.98,   470.23
  474.17,   226.63,   351.91
  475.13,   224.73,   476.34
  474.74,   223.96,   601.67
  476.53,   351.39,   352.52
  477.53,   350.16,   478.29
  477.86,   349.01,   602.68
  478.95,   475.92,   354.58
  479.25,   474.59,   479.42
  479.91,   473.13,   604.06
  599.35,   224.38,   351.21
  599.49,   222.94,   476.35
  599.96,   221.59,   600.81
  601.95,   349.11,   352.63
  602.28,   347.93,   476.93
  602.25,   345.94,   601.99
  604.00,   473.40,   353.80
  604.66,   472.18,   478.66
  604.72,   470.82,   603.62
  724.66,   221.33,   350.53
  725.08,   219.99,   475.94
  725.20,   218.62,   601.02
  726.67,   346.88,   351.77
  726.71,   344.83,   477.08
  727.11,   343.47,   601.61
  728.56,   471.82,   353.77
  728.86,   469.94,   477.98
  729.47,   468.45,   603.29
  476.53,   225.44,   474.94
  479.02,   227.47,   599.44
  481.43,   228.71,   724.35
  479.88,   350.67,   473.15
  482.17,   351.77,   597.75
  484.68,   353.30,   722.59
  483.49,   475.83,   470.69
  486.15,   477.05,   596.35
  488.45,   479.07,   721.28
  601.37,   222.43,   472.14
  604.18,   223.19,   597.42
  606.06,   225.01,   722.47
  605.35,   346.86,   470.83
  606.98,   348.26,   595.22
  610.01,   350.74,   720.82
  608.78,   472.36,   468.82
  610.57,   473.32,   593.87
  613.08,   475.38,   718.58
  726.26,   218.20,   469.60
  729.33,   220.31,   595.38
  731.25,   221.93,   719.72
  729.75,   343.11,   468.53
  732.22,   345.06,   593.19
  735.06,   346.41,   717.90
  733.66,   468.87,   466.57
  735.55,   470.01,   591.80
  737.57,   472.25,   716.58
  475.85,   223.32,   598.93
  473.93,   225.69,   723.44
  471.55,   227.48,   849.11
  474.01,   348.46,   596.57
  471.42,   351.21,   722.04
  469.49,   352.62,   846.58
  471.80,   473.69,   594.70
  469.96,   475.60,   719.50
  467.04,   477.95,   844.68
  600.68,   226.08,   601.41
  598.66,   228.01,   725.51
  596.97,   230.14,   850.98
  598.82,   351.25,   598.62
  596.51,   352.76,   724.20
  594.29,   354.91,   849.05
  596.97,   475.43,   597.08
  594.87,   477.57,   721.68
  592.61,   480.24,   846.38
  726.09,   228.40,   603.24
  723.47,   229.89,   727.85
  721.86,   232.48,   853.52
  723.89,   353.32,   601.18
  721.99,   354.69,   726.13
  719.01,   357.22,   851.02
  721.88,   478.46,   599.09
  719.90,   480.46,   724.35
  717.81,   482.13,   849.23
  476.53,   351.67,   102.11
  475.39,   351.70,   226.80
  474.52,   352.65,   352.27
  475.58,   476.22,   101.03
  474.19,   476.41,   226.75
  473.56,   477.00,   351.27
  473.64,   601.26,   101.25
  472.14,   601.85,   225.88
  471.97,   601.86,   351.06
  601.84,   352.43,   102.71
  600.59,   353.30,   227.56
  599.75,   354.24,   352.69
  600.55,   478.04,   102.35
  598.89,   478.38,   227.32
  598.44,   478.75,   352.69
  597.97,   602.80,   101.79
  597.77,   602.99,   226.45
  596.37,   604.15,   351.62
  726.52,   354.71,   103.49
  725.76,   355.49,   228.66
  725.17,   355.05,   353.52
  724.80,   479.14,   103.15
  724.55,   479.78,   228.23
  723.56,   480.88,   352.93
  723.31,   604.96,   102.63
  722.16,   604.93,   227.47
  721.53,   605.93,   353.28
  473.98,   350.22,   225.88
  475.41,   353.42,   351.40
  476.91,   357.30,   475.83
  470.98,   475.75,   223.36
  471.72,   479.27,   347.82
  473.60,   482.29,   473.13
  466.84,   600.67,   219.23
  467.98,   604.17,   345.02
  469.98,   607.46,   469.19
  599.49,   354.10,   224.87
  600.83,   357.83,   349.74
  601.69,   360.74,   475.08
  595.67,   478.94,   221.98
  597.15,   482.76,   346.49
  597.90,   485.52,   471.88
  591.33,   603.90,   218.44
  593.50,   607.14,   343.48
  594.11,   611.05,   468.33
  723.95,   358.00,   223.70
  725.29,   361.62,   348.03
  727.03,   364.84,   473.58
  720.46,   483.12,   220.36
  721.52,   486.51,   344.92
  723.05,   489.19,   470.22
  716.44,   607.44,   217.10
  717.96,   611.48,   341.87
  719.08,   614.10,   466.38
  473.79,   348.62,   349.26
  477.16,   352.13,   474.39
  481.17,   355.66,   598.89
  475.44,   473.52,   346.07
  478.98,   476.18,   470.58
  482.73,   479.74,   595.72
  476.46,   598.46,   342.21
  480.77,   601.35,   466.80
  484.41,   605.47,   592.31
  598.39,   346.13,   345.75
  602.31,   350.08,   470.87
  606.06,   353.38,   595.21
  600.45,   471.37,   342.05
  603.49,   474.84,   466.57
  606.94,   477.89,   591.97
  602.03,   596.14,   338.14
  605.73,   599.73,   463.83
  609.42,   603.43,   588.56
  723.57,   344.86,   341.92
  727.28,   347.78,   467.23
  730.54,   351.49,   591.49
  725.43,   469.69,   338.77
  728.25,   473.50,   462.80
  732.22,   476.54,   588.30
  727.06,   594.22,   334.38
  730.75,   598.51,   459.89
  734.04,   601.21,   584.69
  474.14,   348.89,   474.98
  474.19,   350.30,   600.32
  474.11,   351.76,   725.63
  471.07,   473.48,   473.86
  471.14,   475.21,   598.41
  471.18,   476.89,   723.63
  468.45,   598.55,   472.55
  468.96,   600.13,   596.91
  468.70,   602.15,   722.16
  599.09,   351.74,   474.95
  599.37,   353.09,   600.75
  598.90,   354.89,   725.62
  596.82,   476.05,   474.16
  596.07,   477.54,   598.84
  595.86,   479.91,   723.99
  593.82,   601.92,   472.76
  594.06,   603.01,   597.63
  593.58,   604.16,   722.36
  724.00,   354.17,   474.88
  723.70,   355.79,   600.15
  724.31,   357.60,   725.31
  721.80,   479.26,   474.01
  721.87,   481.17,   598.94
  720.91,   482.21,   723.82
  718.76,   603.95,   472.47
  718.96,   606.07,   596.96
  718.97,   606.87,   722.43
  474.20,   350.54,   599.45
  477.83,   350.90,   724.41
  481.88,   351.79,   849.62
  476.49,   475.50,   599.48
  480.37,   475.44,   723.87
  484.37,   476.67,   848.67
  478.90,   600.25,   598.58
  482.76,   601.38,   723.23
  486.61,   601.33,   848.34
  598.58,   348.31,   595.62
  602.52,   348.27,   720.66
  606.77,   348.36,   845.89
  601.08,   472.94,   594.80
  604.83,   473.12,   719.97
  609.27,   474.03,   845.39
  604.73,   598.00,   594.37
  608.16,   597.82,   720.05
  611.38,   598.72,   845.10
  723.47,   345.61,   591.58
  727.15,   345.40,   717.33
  731.27,   345.57,   842.21
  726.34,   470.21,   591.05
  730.60,   470.24,   716.64
  733.52,   471.09,   841.20
  729.59,   595.05,   590.69
  733.00,   595.00,   715.58
  737.06,   596.31,   840.90
  475.10,   474.94,   100.36
  471.32,   478.32,   225.18
  467.67,   481.28,   350.24
  476.90,   600.59,    97.38
  473.05,   602.94,   222.81
  469.75,   606.12,   347.38
  477.50,   725.14,    94.56
  474.74,   728.27,   219.99
  470.99,   731.37,   344.45
  599.79,   473.39,   104.39
  596.49,   476.97,   228.92
  592.60,   480.02,   353.79
  601.15,   598.68,   100.86
  597.69,   601.46,   225.99
  594.41,   604.26,   350.70
  603.06,   723.98,    98.07
  599.67,   727.02,   223.24
  596.09,   729.92,   347.78
  724.80,   472.97,   108.29
  721.36,   475.85,   232.94
  718.12,   477.95,   357.61
  726.48,   597.80,   104.50
  723.30,   600.14,   230.32
  719.62,   603.80,   354.38
  728.33,   722.41,   102.13
  724.23,   725.68,   227.16
  720.59,   728.50,   352.09
  473.80,   474.41,   224.64
  470.64,   475.35,   349.30
  467.51,   476.43,   474.65
  471.42,   598.92,   224.04
  468.70,   600.14,   349.08
  464.75,   600.80,   473.88
  468.49,   724.57,   222.66
  465.75,   724.87,   347.34
  462.86,   725.87,   472.89
  599.51,   477.15,   227.48
  596.05,   477.92,   353.42
  592.80,   479.10,   477.97
  596.10,   602.33,   227.21
  593.20,   603.32,   351.82
  589.75,   604.15,   477.18
  594.09,   726.67,   225.98
  590.97,   727.51,   351.18
  587.57,   729.03,   475.69
  724.34,   479.59,   231.56
  720.92,   480.64,   355.98
  718.11,   481.84,   480.85
  721.24,   604.95,   229.73
  718.53,   605.37,   355.22
  715.05,   606.01,   479.53
  718.98,   729.01,   228.70
  715.87,   730.04,   354.19
  712.60,   730.94,   478.83
  474.36,   472.77,   351.33
  472.58,   476.69,   476.37
  471.01,   479.66,   601.48
  474.02,   598.07,   348.54
  471.39,   601.79,   473.12
  469.67,   604.96,   598.07
  472.32,   723.38,   344.42
  470.59,   726.38,   470.16
  468.06,   730.37,   594.79
  599.39,   474.84,   353.80
  597.81,   477.45,   477.91
  596.23,   480.98,   603.50
  598.12,   600.00,   349.76
  596.18,   603.03,   474.89
  594.36,   605.98,   600.24
  597.51,   724.82,   347.01
  595.11,   728.30,   471.51
  593.47,   731.55,   596.74
  725.02,   475.93,   355.13
  722.68,   479.39,   480.67
  720.53,   482.76,   605.28
  723.03,   600.54,   352.41
  721.77,   604.67,   476.85
  719.80,   607.76,   601.91
  722.14,   725.97,   348.45
  720.42,   728.71,   473.55
  718.43,   732.19,   598.13
  474.42,   474.42,   473.41
  477.54,   474.52,   598.53
  481.27,   475.54,   723.37
  472.56,   599.43,   472.98
  476.33,   600.26,   597.98
  479.27,   599.98,   722.98
  470.47,   724.76,   472.70
  473.67,   724.59,   597.51
  477.99,   725.49,   722.37
  599.53,   476.79,   469.32
  602.92,   477.05,   594.08
  605.89,   477.06,   718.94
  597.49,   601.69,   469.68
  600.45,   602.02,   593.93
  604.79,   602.06,   718.84
  595.26,   726.13,   468.75
  598.79,   726.41,   594.11
  602.53,   726.85,   718.66
  723.74,   478.48,   465.72
  727.67,   478.23,   590.70
  730.99,   479.24,   715.83
  722.39,   603.64,   465.22
  725.49,   604.14,   590.80
  729.77,   604.06,   715.59
  719.85,   727.87,   464.96
  724.28,   729.06,   590.32
  727.32,   728.52,   715.78
  473.98,   475.28,   600.09
  473.86,   473.28,   725.63
  475.12,   471.85,   849.88
  476.36,   600.33,   601.84
  477.78,   598.57,   726.92
  477.90,   596.59,   851.36
  480.26,   725.45,   603.68
  480.70,   723.04,   727.89
  481.54,   721.79,   852.99
  598.77,   471.59,   599.86
  598.89,   470.33,   724.25
  599.43,   468.75,   849.43
  601.49,   596.98,   601.40
  602.66,   594.83,   726.65
  602.70,   594.03,   851.26
  604.94,   721.48,   602.81
  605.19,   719.77,   727.88
  606.42,   719.01,   852.68
  723.09,   468.64,   598.97
  724.29,   467.43,   723.97
  724.12,   465.84,   849.00
  726.73,   593.97,   601.06
  726.77,   592.00,   725.79
  727.39,   590.02,   850.25
  729.46,   718.94,   602.31
  730.74,   717.18,   727.24
  730.76,   715.36,   851.98
  473.53,   601.53,   100.79
  475.15,   600.25,   225.61
  476.82,   597.84,   350.54
  471.70,   726.56,   102.55
  473.15,   724.53,   227.47
  475.50,   723.25,   353.22
  469.96,   851.16,   104.32
  471.70,   849.87,   229.54
  473.50,   848.42,   354.73
  599.01,   603.00,    99.83
  600.06,   601.52,   224.46
  602.25,   599.41,   349.50
  597.22,   727.97,   101.12
  598.13,   726.51,   226.29
  600.20,   724.59,   350.79
  595.58,   853.11,   102.58
  596.34,   852.10,   228.24
  598.59,   849.93,   352.98
  723.30,   605.43,    97.59
  725.05,   603.58,   223.02
  727.14,   601.29,   348.31
  722.29,   730.25,   100.16
  723.28,   728.45,   224.88
  724.71,   726.62,   350.11
  720.48,   855.17,   101.03
  721.86,   853.72,   226.44
  723.34,   851.48,   351.24
  474.54,   598.91,   225.06
  474.49,   596.84,   350.68
  473.93,   594.21,   475.29
  471.24,   724.79,   228.15
  471.41,   721.59,   353.29
  470.58,   719.11,   477.94
  468.61,   849.22,   230.61
  467.89,   846.73,   355.02
  467.73,   844.43,   480.62
  599.87,   602.07,   226.23
  599.04,   600.05,   350.70
  598.82,   597.66,   475.74
  596.83,   727.82,   228.31
  596.21,   725.22,   352.93
  595.92,   721.91,   478.28
  593.77,   852.33,   231.12
  593.36,   850.14,   355.55
  593.16,   846.90,   480.99
  724.28,   605.03,   226.34
  724.27,   603.20,   351.22
  723.94,   600.68,   476.08
  721.55,   730.42,   228.57
  721.52,   727.57,   353.82
  720.49,   724.85,   479.16
  718.12,   854.89,   231.84
  717.61,   852.75,   356.40
  717.31,   850.41,   481.94
  474.21,   599.12,   349.72
  476.03,   599.05,   473.88
  477.66,   597.78,   599.79
  470.48,   724.22,   349.89
  471.85,   723.78,   475.50
  473.60,   722.98,   600.07
  466.69,   849.48,   350.60
  469.17,   848.34,   476.25
  470.41,   847.41,   601.30
  598.84,   602.77,   347.34
  600.66,   601.81,   472.42
  602.34,   601.23,   597.18
  595.70,   727.68,   348.01
  597.18,   727.28,   473.57
  598.94,   726.35,   598.51
  592.27,   853.19,   349.13
  593.79,   852.28,   474.14
  595.55,   851.03,   599.04
  723.87,   605.86,   345.60
  725.29,   605.66,   470.76
  727.12,   604.69,   596.19
  720.48,   731.45,   346.46
  722.05,   730.20,   472.08
  724.26,   729.54,   596.39
  717.16,   856.21,   347.60
  718.59,   855.77,   472.11
  720.61,   854.49,   597.73
  474.60,   601.43,   475.40
  471.35,   597.00,   600.54
  468.53,   593.33,   725.34
  472.50,   725.87,   479.07
  469.64,   721.81,   603.76
  466.24,   718.38,   729.05
  470.80,   850.90,   482.91
  466.93,   846.70,   607.81
  463.58,   843.81,   732.71
  599.31,   602.99,   478.74
  596.47,   599.69,   603.23
  592.94,   595.22,   728.95
  597.08,   727.56,   482.16
  594.23,   724.11,   607.67
  590.81,   720.21,   732.61
  595.53,   852.34,   486.63
  591.86,   848.85,   610.58
  588.50,   845.24,   735.95
  724.48,   605.08,   482.31
  721.30,   600.79,   606.94
  718.24,   597.33,   731.62
  722.49,   729.55,   485.94
  719.01,   726.04,   610.69
  715.45,   722.56,   735.96
  720.18,   855.10,   489.72
  716.95,   851.49,   614.46
  713.53,   847.37,   738.87
  476.47,   601.68,   598.81
  476.83,   599.40,   723.07
  478.29,   597.64,   849.03
  473.14,   727.11,   600.76
  473.41,   724.93,   726.20
  473.91,   722.13,   851.16
  468.78,   851.46,   603.46
  469.97,   849.40,   727.98
  470.72,   846.86,   852.87
  601.80,   605.22,   597.84
  602.49,   603.73,   722.64
  603.27,   601.40,   847.42
  597.86,   730.10,   599.83
  598.14,   728.04,   724.87
  599.22,   725.52,   849.82
  593.67,   855.98,   602.36
  594.43,   852.86,   727.15
  595.55,   850.46,   852.87
  726.12,   609.37,   597.17
  726.67,   607.08,   721.89
  727.93,   605.07,   846.95
  722.20,   734.10,   599.91
  723.04,   732.32,   724.79
  724.47,   729.87,   849.87
  718.53,   859.02,   602.18
  720.11,   857.03,   726.78
  720.34,   854.50,   851.71
  600.44,   101.31,   101.34
  603.33,   103.34,   225.78
  605.97,   106.37,   350.82
  602.99,   225.62,    98.95
  605.87,   228.23,   223.81
  608.61,   230.41,   348.39
  605.90,   350.90,    95.73
  609.04,   353.62,   221.29
  612.28,   356.19,   345.81
  725.34,    98.19,    97.85
  727.95,   100.44,   222.64
  730.95,   103.31,   347.93
  727.59,   222.50,    95.39
  730.73,   225.47,   220.32
  733.81,   227.51,   345.69
  730.82,   347.99,    93.24
  733.58,   349.86,   218.34
  736.70,   352.62,   342.94
  849.70,    94.67,    95.14
  853.16,    97.13,   219.79
  855.86,   100.19,   345.42
  853.22,   220.06,    92.73
  855.81,   222.26,   217.84
  859.22,   224.49,   342.93
  855.33,   345.14,    90.09
  859.19,   346.89,   215.27
  861.48,   349.38,   339.65
  598.41,   102.26,   224.37
  598.34,   100.01,   349.77
  599.31,    97.18,   474.83
  599.78,   226.81,   227.04
  600.31,   224.76,   351.20
  600.44,   221.98,   476.53
  600.96,   351.81,   228.53
  601.49,   349.77,   354.23
  601.69,   347.67,   478.71
  723.36,   100.20,   223.69
  723.66,    98.05,   348.82
  723.71,    95.52,   473.78
  724.63,   225.69,   226.14
  724.78,   222.86,   351.20
  725.23,   221.17,   476.45
  725.90,   350.75,   227.98
  726.48,   347.97,   353.04
  727.08,   345.73,   478.33
  848.32,    99.46,   222.85
  849.12,    96.40,   348.00
  849.32,    94.84,   472.84
  849.65,   223.84,   225.14
  850.28,   222.01,   350.14
  850.77,   219.83,   475.11
  850.62,   349.23,   228.33
  851.78,   346.91,   353.02
  851.77,   344.52,   477.71
  599.36,    99.76,   351.62
  600.64,   101.10,   476.41
  601.80,   102.64,   600.95
  601.53,   223.88,   349.37
  602.85,   226.34,   474.48
  603.39,   227.30,   599.73
  603.93,   349.59,   348.43
  605.55,   351.12,   472.69
  606.63,   352.12,   598.05
  723.76,    97.33,   350.42
  725.62,    98.11,   474.72
  726.74,   100.45,   600.45
  726.91,   221.92,   348.69
  727.73,   223.40,   473.57
  728.34,   224.60,   599.00
  728.87,   346.63,   346.55
  729.80,   348.03,   471.98
  730.79,   350.30,   597.40
  849.47,    94.39,   348.91
  850.59,    95.64,   473.93
  851.13,    97.51,   598.94
  851.24,   219.46,   348.01
  852.56,   220.81,   472.26
  853.58,   222.93,   597.40
  853.64,   344.67,   345.92
  854.72,   346.04,   471.43
  856.30,   347.26,   595.94
  599.04,    99.25,   473.46
  600.37,    96.87,   597.87
  601.37,    94.27,   723.71
  600.21,   224.01,   476.33
  601.72,   221.76,   600.59
  602.90,   219.26,   726.21
  601.33,   349.47,   478.98
  602.14,   346.20,   604.07
  603.11,   344.21,   729.14
  724.24,    97.99,   472.07
  725.45,    95.85,   597.12
  726.93,    92.60,   721.92
  725.21,   222.86,   474.82
  726.75,   220.75,   599.56
  727.12,   217.66,   725.08
  725.85,   348.05,   477.66
  727.58,   345.06,   602.59
  728.63,   343.10,   727.13
  849.53,    97.07,   470.95
  850.41,    94.39,   595.71
  851.42,    91.90,   721.32
  849.85,   222.11,   473.59
  851.79,   219.66,   598.41
  852.95,   217.23,   723.88
  850.76,   346.88,   476.36
  852.62,   344.58,   601.20
  853.17,   341.85,   725.87
  601.51,    99.71,   598.57
  601.29,    96.83,   724.00
  601.76,    93.93,   848.77
  599.12,   225.21,   602.38
  599.05,   222.27,   727.42
  598.95,   218.76,   852.19
  595.86,   349.46,   605.03
  595.83,   346.90,   729.64
  595.42,   343.39,   855.07
  727.28,   102.51,   599.28
  726.37,    99.40,   724.26
  726.61,    96.74,   848.98
  723.65,   227.37,   601.94
  723.75,   224.74,   726.95
  723.53,   222.12,   851.93
  721.18,   352.28,   605.37
  721.16,   349.31,   730.21
  720.62,   346.79,   855.35
  852.20,   106.26,   599.13
  851.85,   103.16,   724.45
  851.44,    99.99,   848.99
  848.43,   230.96,   602.30
  848.77,   227.32,   727.75
  848.82,   224.57,   852.15
  846.31,   355.47,   605.61
  846.18,   352.31,   730.63
  845.65,   349.43,   855.85
  599.06,   224.58,    99.25
  597.37,   220.83,   223.90
  595.93,   217.43,   349.01
  599.93,   349.61,   102.06
  597.96,   345.81,   227.73
  595.65,   342.66,   352.37
  600.78,   474.59,   105.93
  598.46,   471.54,   231.22
  596.30,   468.04,   356.04
  724.28,   223.89,   100.41
  722.28,   220.48,   225.95
  720.12,   216.95,   350.65
  724.94,   349.12,   103.97
  723.17,   345.53,   228.84
  721.44,   341.86,   354.41
  725.43,   474.16,   108.24
  723.57,   470.10,   233.11
  721.06,   467.34,   357.67
  849.23,   223.95,   102.96
  847.22,   219.75,   228.09
  845.13,   216.60,   352.25
  850.33,   348.49,   106.67
  847.66,   345.02,   231.59
  845.69,   340.99,   356.34
  850.78,   474.05,   109.62
  848.25,   469.60,   234.56
  846.68,   466.26,   359.59
  598.02,   223.44,   225.99
  600.04,   221.92,   351.51
  602.18,   219.67,   476.17
  595.27,   348.65,   228.06
  597.30,   346.58,   353.49
  599.07,   344.68,   478.83
  592.27,   473.62,   230.91
  594.81,   471.21,   355.67
  596.70,   469.90,   480.76
  722.98,   226.39,   224.70
  725.66,   224.17,   349.24
  727.33,   222.80,   474.89
  720.51,   351.25,   226.29
  722.54,   349.80,   351.68
  724.12,   347.09,   476.94
  717.47,   476.59,   228.19
  719.68,   474.21,   353.80
  721.97,   472.45,   478.76
  847.99,   229.10,   222.81
  850.69,   227.10,   347.40
  852.02,   225.09,   472.43
  845.85,   353.76,   224.51
  847.68,   352.69,   349.98
  849.36,   350.11,   474.17
  842.54,   479.29,   226.51
  844.53,   477.09,   351.35
  846.32,   475.10,   476.54
  598.17,   223.29,   348.45
  595.21,   224.17,   473.28
  592.61,   223.25,   597.60
  595.58,   348.57,   347.83
  592.38,   348.85,   472.87
  590.42,   348.90,   597.99
  593.11,   473.26,   348.18
  589.79,   474.05,   473.45
  587.51,   473.62,   597.77
  722.90,   226.64,   350.70
  720.68,   226.14,   475.80
  717.45,   226.39,   600.42
  720.37,   351.38,   351.06
  717.35,   350.89,   475.27
  715.50,   351.79,   600.84
  717.32,   476.80,   350.45
  714.83,   476.07,   475.76
  712.21,   476.01,   600.99
  847.50,   229.11,   353.14
  845.41,   229.54,   478.25
  843.12,   228.69,   603.39
  845.22,   354.01,   352.74
  843.09,   354.04,   478.38
  840.41,   354.25,   603.16
  842.90,   479.47,   352.68
  839.66,   478.69,   478.02
  837.88,   479.18,   603.15
  598.36,   225.27,   474.69
  600.91,   223.19,   599.33
  603.36,   220.05,   723.99
  596.35,   350.36,   476.94
  598.85,   347.91,   601.38
  600.59,   345.10,   726.92
  593.45,   474.96,   479.35
  596.24,   472.80,   604.32
  598.77,   470.35,   729.46
  723.82,   227.93,   471.96
  725.70,   225.66,   596.45
  728.65,   222.50,   721.59
  720.54,   352.74,   474.48
  723.02,   350.48,   599.34
  725.95,   347.41,   723.89
  718.35,   477.96,   476.48
  721.12,   474.82,   601.60
  722.79,   472.77,   726.92
  848.70,   230.57,   469.76
  851.24,   227.96,   594.27
  853.59,   225.61,   719.74
  845.56,   355.32,   472.04
  847.93,   352.64,   597.44
  850.66,   350.22,   722.04
  842.98,   480.27,   475.05
  846.03,   477.63,   599.39
  848.49,   475.26,   724.88
  601.63,   224.19,   599.46
  599.97,   221.76,   724.09
  598.93,   219.27,   849.64
  604.17,   349.65,   601.56
  603.45,   346.43,   726.74
  602.62,   344.19,   852.18
  607.75,   474.44,   604.56
  606.06,   472.06,   729.72
  605.23,   469.22,   854.09
  725.84,   221.36,   600.16
  725.39,   218.49,   724.74
  724.37,   215.78,   850.46
  728.95,   346.16,   602.46
  728.52,   343.26,   728.24
  727.05,   341.33,   852.31
  732.60,   470.78,   605.89
  731.79,   468.84,   730.82
  730.12,   466.15,   854.86
  851.10,   218.02,   601.27
  850.08,   215.70,   726.20
  849.22,   212.90,   850.79
  854.23,   343.31,   604.12
  853.36,   340.95,   728.31
  852.39,   337.68,   854.00
  857.19,   468.00,   606.75
  856.41,   465.96,   730.95
  855.05,   463.36,   856.46
  600.37,   349.58,    99.17
  601.08,   346.66,   223.43
  603.37,   344.95,   348.69
  597.60,   474.69,   101.70
  598.50,   471.67,   226.05
  600.63,   469.44,   351.49
  594.12,   599.03,   104.63
  596.03,   596.45,   229.09
  597.14,   594.66,   354.33
  724.48,   352.01,    97.87
  726.72,   349.53,   222.75
  728.07,   347.54,   347.05
  722.14,   476.86,   100.52
  724.15,   475.25,   224.89
  725.61,   471.97,   349.71
  719.71,   601.99,   102.73
  720.79,   600.01,   227.72
  722.12,   597.06,   353.08
  850.29,   355.15,    95.83
  850.95,   352.66,   221.08
  853.23,   350.27,   345.72
  846.94,   480.14,    98.58
  848.85,   478.00,   223.91
  849.93,   474.89,   348.37
  844.70,   605.41,   100.88
  845.87,   602.34,   226.41
  847.04,   599.72,   351.51
  602.19,   351.23,   224.65
  600.04,   348.52,   349.14
  597.49,   345.57,   474.29
  602.75,   476.54,   227.80
  601.20,   473.63,   352.81
  598.80,   470.02,   477.39
  604.76,   600.99,   230.69
  602.05,   598.42,   355.78
  599.59,   594.89,   480.33
  727.21,   349.88,   226.42
  724.39,   346.89,   351.45
  722.40,   343.89,   476.65
  727.90,   474.88,   230.17
  726.13,   471.61,   354.79
  724.09,   468.68,   479.70
  729.12,   599.79,   232.76
  726.87,   596.58,   357.97
  725.17,   594.28,   482.51
  852.27,   349.23,   229.04
  849.55,   345.34,   353.29
  847.12,   343.23,   478.58
  852.74,   473.88,   231.89
  850.91,   470.42,   356.43
  848.95,   468.08,   481.26
  854.48,   598.51,   234.94
  851.77,   595.68,   359.97
  850.27,   593.18,   484.38
  598.08,   349.74,   348.77
  596.60,   351.50,   473.64
  594.28,   353.10,   598.43
  595.24,   474.38,   346.95
  593.01,   475.93,   471.15
  591.29,   478.70,   596.87
  591.31,   599.06,   344.78
  589.48,   601.66,   468.91
  588.14,   603.80,   594.64
  723.19,   353.06,   350.40
  721.74,   355.19,   475.09
  719.90,   356.44,   600.68
  719.88,   477.18,   348.04
  718.53,   479.75,   473.16
  715.98,   481.70,   597.90
  716.42,   602.76,   346.25
  714.36,   604.29,   470.88
  712.61,   606.75,   595.87
  847.98,   356.09,   351.83
  846.77,   358.42,   477.27
  844.29,   360.01,   602.03
  845.07,   481.30,   349.53
  843.11,   483.05,   475.09
  841.67,   484.84,   599.39
  841.80,   605.89,   347.82
  840.00,   607.62,   472.43
  838.34,   610.16,   597.21
  601.07,   348.98,   475.20
  603.06,   348.09,   599.89
  605.06,   347.37,   725.08
  600.61,   474.70,   476.57
  601.67,   473.44,   601.57
  603.86,   472.11,   726.31
  599.12,   599.19,   477.13
  600.59,   597.77,   601.98
  602.75,   596.60,   727.61
  725.91,   350.40,   473.77
  728.17,   349.40,   598.25
  729.93,   347.88,   723.67
  725.09,   475.23,   474.94
  727.09,   474.49,   599.57
  728.31,   473.40,   724.70
  724.24,   600.72,   475.42
  726.09,   599.60,   600.53
  727.79,   597.97,   725.22
  851.52,   351.35,   471.74
  853.12,   350.20,   596.28
  854.65,   349.36,   722.00
  850.65,   476.24,   473.36
  851.67,   474.99,   597.53
  853.51,   474.56,   722.50
  849.57,   601.00,   474.49
  850.37,   599.94,   598.64
  852.53,   599.72,   723.65
  601.31,   351.38,   600.59
  604.66,   351.68,   725.63
  608.57,   352.46,   851.06
  599.71,   476.13,   600.45
  603.49,   476.91,   725.41
  606.49,   476.76,   850.84
  598.62,   601.46,   600.25
  602.06,   601.27,   725.09
  605.21,   601.76,   850.10
  726.23,   352.11,   597.64
  729.47,   353.51,   721.92
  733.40,   353.73,   847.36
  724.84,   477.60,   597.19
  728.22,   477.58,   721.51
  732.03,   478.33,   847.18
  722.77,   602.70,   596.41
  726.81,   603.41,   721.70
  729.85,   603.63,   846.05
  850.90,   354.42,   594.09
  854.73,   354.61,   718.26
  858.41,   355.55,   843.41
  849.94,   478.85,   593.16
  853.54,   479.24,   717.82
  856.44,   480.05,   843.41
  847.58,   604.32,   592.82
  852.07,   604.62,   717.57
  855.57,   605.10,   843.23
  598.30,   473.30,   100.25
  600.73,   472.67,   225.29
  603.30,   472.27,   350.53
  597.92,   598.96,   100.66
  600.23,   598.44,   226.25
  602.44,   597.24,   351.05
  598.18,   723.86,   101.36
  601.04,   723.50,   226.74
  602.78,   722.58,   351.14
  723.02,   473.10,    98.21
  725.75,   472.47,   222.88
  727.42,   471.95,   348.29
  723.46,   598.24,    98.83
  725.30,   598.43,   223.66
  727.38,   597.61,   348.83
  723.82,   723.88,    99.14
  725.92,   723.45,   224.39
  727.93,   722.42,   349.04
  847.83,   473.09,    95.54
  850.52,   472.66,   221.28
  853.27,   472.61,   345.96
  848.03,   598.90,    96.75
  850.10,   597.51,   221.97
  852.94,   597.52,   346.72
  848.70,   723.50,    97.07
  850.89,   723.19,   222.52
  852.65,   721.85,   346.69
  600.43,   476.23,   223.79
  599.86,   479.28,   349.60
  599.00,   481.21,   474.04
  603.58,   601.81,   221.64
  603.00,   604.16,   347.18
  602.16,   606.07,   471.31
  606.82,   726.16,   219.64
  606.47,   728.96,   343.93
  605.55,   730.90,   468.95
  725.43,   473.41,   224.96
  724.19,   474.99,   349.88
  723.38,   478.38,   475.23
  728.43,   597.89,   222.36
  728.12,   600.11,   347.33
  726.98,   603.34,   472.12
  732.20,   722.53,   219.90
  730.91,   724.84,   345.20
  730.77,   728.34,   469.54
  849.79,   469.43,   226.16
  849.72,   472.23,   350.42
  848.72,   474.80,   476.07
  853.71,   594.30,   222.83
  853.02,   596.69,   347.87
  852.08,   599.55,   473.11
  857.16,   719.76,   221.11
  856.20,   722.36,   345.66
  855.25,   724.82,   470.70
  602.16,   473.34,   350.74
  599.09,   473.72,   475.86
  596.16,   475.02,   600.99
  600.75,   597.76,   349.58
  597.61,   598.93,   475.07
  594.55,   599.15,   599.40
  599.51,   723.24,   349.14
  596.61,   724.30,   473.38
  593.27,   725.07,   598.71
  726.39,   474.14,   353.88
  723.51,   475.31,   478.31
  720.94,   475.72,   603.90
  725.77,   599.57,   352.70
  722.84,   600.27,   477.73
  719.00,   601.27,   603.02
  724.27,   724.09,   352.30
  720.91,   724.86,   476.95
  718.64,   726.17,   601.60
  851.52,   475.20,   356.88
  848.30,   476.07,   481.83
  846.02,   477.43,   606.14
  850.48,   600.64,   355.32
  847.80,   601.87,   481.09
  844.83,   601.78,   606.17
  848.99,   725.65,   355.21
  846.17,   726.42,   479.69
  843.60,   727.15,   604.48
  599.84,   476.15,   475.13
  596.48,   477.88,   599.83
  593.14,   478.30,   724.57
  600.09,   601.78,   473.56
  597.03,   602.58,   598.06
  593.78,   603.71,   723.81
  600.63,   725.97,   472.54
  596.76,   727.44,   597.64
  593.85,   728.38,   721.82
  724.12,   475.67,   477.60
  721.12,   477.44,   602.44
  718.35,   478.52,   727.97
  725.19,   600.38,   476.32
  721.65,   602.42,   601.30
  718.18,   603.45,   726.46
  725.12,   726.08,   475.27
  722.29,   727.18,   600.70
  718.87,   727.87,   725.42
  849.34,   475.14,   480.74
  845.68,   476.20,   605.93
  843.29,   478.29,   730.74
  849.71,   600.59,   480.35
  846.37,   601.34,   604.77
  843.51,   602.39,   729.49
  849.95,   724.99,   479.19
  847.18,   727.09,   604.14
  843.89,   728.08,   728.56
  600.43,   475.90,   600.68
  600.87,   479.73,   725.64
  600.92,   482.83,   850.80
  599.49,   600.61,   597.48
  599.80,   604.78,   722.16
  600.28,   608.32,   847.32
  598.82,   726.09,   593.56
  598.39,   729.63,   718.79
  598.52,   733.03,   843.94
  726.32,   476.46,   601.10
  725.60,   480.83,   725.47
  726.09,   484.02,   850.55
  724.93,   601.94,   597.44
  725.10,   605.38,   721.85
  725.07,   609.00,   847.25
  723.01,   727.08,   593.34
  723.97,   730.92,   718.55
  723.64,   733.80,   843.39
  850.54,   477.65,   600.88
  851.37,   481.66,   725.63
  850.79,   485.71,   850.46
  849.48,   602.85,   596.71
  849.89,   606.48,   721.78
  850.33,   610.83,   846.85
  848.41,   728.37,   593.45
  848.56,   731.34,   718.49
  849.22,   735.13,   843.64
  601.29,   600.59,   101.02
  599.09,   600.35,   225.11
  598.15,   600.73,   350.11
  600.41,   725.59,    99.93
  599.30,   725.80,   225.77
  597.40,   725.94,   350.12
  600.92,   849.91,    99.73
  598.85,   850.54,   225.64
  598.02,   850.77,   350.16
  725.96,   600.05,   101.89
  724.12,   601.14,   226.66
  722.98,   600.86,   352.58
  725.59,   725.82,   101.58
  723.89,   725.65,   226.61
  722.45,   725.77,   351.43
  725.93,   850.28,   102.14
  724.09,   850.49,   226.82
  722.23,   851.16,   351.40
  850.45,   600.86,   104.07
  849.17,   600.55,   228.33
  847.59,   600.92,   353.89
  850.36,   725.84,   103.70
  848.91,   725.88,   228.50
  847.74,   725.78,   353.24
  850.51,   851.11,   103.04
  849.06,   850.68,   228.08
  847.89,   850.73,   353.62
  600.50,   598.23,   225.97
  599.83,   599.36,   350.63
  598.75,   599.70,   475.28
  602.59,   723.64,   225.49
  601.94,   723.63,   350.73
  601.56,   724.77,   475.18
  605.29,   848.75,   224.50
  604.61,   848.69,   349.63
  604.28,   849.49,   474.49
  725.45,   596.34,   225.96
  724.16,   596.97,   351.53
  724.14,   597.32,   475.94
  727.70,   721.39,   225.75
  727.62,   721.57,   350.87
  726.27,   722.55,   475.38
  729.77,   846.13,   225.29
  729.60,   846.35,   350.09
  729.55,   846.97,   475.17
  850.39,   593.29,   227.22
  849.22,   593.66,   352.23
  848.73,   594.65,   477.26
  852.99,   718.85,   226.70
  852.19,   718.62,   351.57
  851.62,   719.57,   476.44
  854.81,   843.49,   226.09
  854.44,   843.56,   351.09
  854.57,   844.04,   476.20
  598.67,   601.83,   350.21
  600.12,   602.21,   474.36
  602.31,   603.65,   600.11
  595.26,   726.65,   349.27
  596.51,   727.27,   473.86
  598.67,   728.18,   598.32
  591.65,   851.76,   348.33
  594.16,   852.58,   472.44
  595.74,   853.62,   597.53
  723.49,   604.33,   347.89
  725.57,   605.56,   473.53
  726.89,   606.56,   598.45
  719.98,   729.32,   346.82
  722.06,   730.58,   472.24
  723.93,   731.51,   597.36
  716.72,   854.19,   346.16
  719.01,   855.15,   471.00
  720.28,   856.12,   596.37
  848.04,   607.94,   346.65
  850.20,   608.77,   471.13
  851.88,   610.33,   596.34
  845.01,   732.83,   346.00
  846.89,   734.18,   470.98
  848.57,   735.31,   595.46
  842.14,   857.64,   344.93
  843.24,   858.81,   469.34
  845.45,   859.82,   594.99
  601.35,   598.58,   472.77
  604.02,   594.99,   597.86
  606.45,   591.40,   722.88
  601.21,   723.67,   476.30
  603.43,   719.54,   602.10
  606.09,   716.39,   726.92
  600.29,   847.71,   480.16
  603.71,   845.10,   604.67
  606.04,   841.64,   730.18
  725.83,   598.44,   470.75
  728.87,   595.16,   595.83
  731.23,   591.45,   720.48
  725.93,   723.84,   474.52
  728.46,   720.02,   599.14
  731.08,   716.99,   724.16
  725.24,   848.43,   477.37
  728.04,   845.15,   602.69
  730.63,   841.56,   727.20
  851.52,   599.36,   468.14
  853.81,   595.95,   592.92
  856.40,   591.86,   717.85
  851.27,   723.88,   471.61
  853.12,   719.97,   596.52
  856.50,   716.65,   721.67
  850.27,   849.25,   474.71
  852.94,   845.16,   599.82
  855.51,   841.57,   724.38
  599.15,   601.48,   598.94
  597.19,   604.76,   724.24
  595.00,   609.00,   848.88
  596.27,   726.52,   594.90
  594.84,   729.72,   719.89
  592.59,   733.94,   844.71
  594.08,   851.11,   591.05
  592.20,   855.17,   715.91
  590.50,   858.30,   840.85
  723.96,   603.15,   600.51
  721.36,   607.01,   725.70
  720.11,   611.49,   851.10
  721.59,   728.69,   597.00
  719.21,   731.95,   722.36
  717.75,   735.63,   846.77
  719.18,   853.59,   593.30
  717.03,   857.03,   718.27
  714.84,   860.57,   843.60
  848.43,   605.74,   602.90
  846.32,   609.26,   727.71
  844.35,   612.82,   852.42
  846.90,   730.62,   599.20
  845.02,   734.24,   724.63
  842.26,   738.25,   849.07
  844.10,   855.79,   595.22
  842.54,   858.94,   720.45
  840.47,   863.13,   845.35
