27, 125, pa2-debug-e-output1.txt
  190.81,   204.53,   196.66
  405.63,   408.44,   208.42
   99.71,    98.42,    98.12
  101.78,    97.05,   223.49
  104.49,    96.06,   348.65
   97.93,   223.39,   100.23
  100.37,   222.37,   225.68
  101.33,   220.87,   349.60
   95.40,   348.51,   101.40
   98.04,   347.15,   226.21
   99.61,   345.61,   350.25
  224.81,   101.63,    96.22
  227.52,   101.25,   221.76
  228.99,    99.01,   345.95
  222.83,   226.44,    98.31
  225.53,   225.62,   223.60
  226.33,   223.75,   347.18
  220.23,   350.95,    99.36
  222.98,   349.13,   224.19
  224.61,   347.91,   348.06
  349.88,   103.86,    93.70
  352.10,   103.64,   218.53
  354.95,   100.94,   343.62
  347.08,   228.85,    95.55
  349.45,   227.80,   220.20
  352.04,   225.79,   344.88
  345.17,   353.47,    97.30
  347.88,   351.48,   221.79
  349.71,   350.07,   345.80
   97.05,    98.65,   225.28
   98.51,    98.38,   350.51
   99.29,    97.61,   474.67
   97.79,   224.04,   226.69
   97.51,   223.20,   350.66
   98.19,   222.35,   474.68
   97.63,   348.87,   226.52
   97.93,   348.01,   350.59
   98.77,   347.23,   475.47
  222.80,   100.69,   224.78
  222.97,    99.15,   349.00
  224.32,    97.42,   473.59
  223.00,   225.13,   225.91
  222.48,   223.93,   349.49
  223.38,   222.63,   474.13
  222.62,   348.68,   225.77
  222.96,   348.14,   349.65
  224.01,   347.90,   474.76
  347.50,   100.94,   222.87
  349.00,    98.90,   347.96
  351.04,    96.84,   473.41
  346.97,   225.15,   223.78
  348.26,   223.81,   348.49
  350.08,   222.68,   473.68
  347.54,   348.84,   224.60
  348.09,   348.12,   348.66
  348.75,   347.87,   473.66
  101.16,   101.63,   352.35
  102.58,   104.99,   476.37
  105.05,   108.12,   600.72
  103.21,   226.41,   348.32
  104.65,   229.67,   472.26
  107.79,   233.00,   597.64
  106.66,   351.12,   344.12
  108.28,   354.57,   468.95
  110.94,   357.93,   594.97
  225.69,    99.35,   350.13
  227.81,   101.75,   474.71
  230.53,   104.93,   599.45
  228.21,   224.08,   346.47
  229.95,   226.93,   471.05
  232.98,   230.31,   596.69
  231.62,   348.15,   342.46
  233.46,   352.05,   467.43
  235.99,   355.86,   594.06
  351.73,    96.07,   348.36
  354.57,    98.14,   473.79
  356.85,   101.58,   598.93
  353.91,   220.94,   344.71
  356.55,   223.96,   469.82
  358.96,   227.82,   595.08
  356.74,   345.17,   340.73
  358.14,   349.02,   465.56
  360.03,   353.12,   591.71
   98.89,    99.40,   473.07
   98.56,   101.86,   597.35
   98.39,   104.20,   722.41
   96.92,   224.09,   469.60
   97.43,   226.82,   594.82
   97.98,   229.16,   720.89
   96.54,   348.94,   466.84
   96.57,   351.60,   592.66
   97.16,   354.14,   718.91
  223.92,   100.15,   473.79
  223.98,   102.67,   598.51
  223.88,   106.01,   723.16
  222.07,   225.35,   470.80
  222.47,   228.03,   596.46
  223.06,   230.90,   722.37
  221.79,   350.54,   467.91
  221.74,   353.63,   594.56
  221.91,   356.29,   721.67
  350.69,   100.48,   475.43
  350.31,   103.28,   600.54
  349.06,   107.43,   724.90
  348.74,   226.35,   472.14
  348.54,   229.53,   597.45
  347.85,   233.21,   722.48
  346.52,   351.45,   468.62
  345.87,   354.87,   594.91
  345.73,   358.20,   721.57
  100.07,   101.32,   600.45
  100.69,    97.58,   725.42
  100.33,    93.70,   850.29
  103.15,   226.23,   604.16
  104.62,   222.40,   730.21
  104.49,   219.13,   855.30
  106.60,   351.05,   608.33
  108.12,   347.44,   734.67
  107.76,   343.53,   859.62
  225.50,    97.94,   600.59
  226.26,    95.23,   725.22
  227.25,    92.83,   850.22
  228.27,   223.22,   604.74
  229.72,   220.03,   730.38
  230.28,   217.27,   854.90
  231.64,   348.83,   609.14
  232.74,   345.38,   736.02
  232.56,   341.53,   859.81
  351.72,    94.41,   601.64
  351.36,    92.36,   726.19
  351.21,    90.08,   850.34
  354.30,   220.51,   604.69
  354.45,   218.14,   729.44
  354.50,   215.19,   853.00
  355.77,   345.94,   608.35
  356.60,   343.23,   734.66
  357.04,   340.17,   858.11
   98.69,   223.28,   101.20
   95.73,   225.74,   226.54
   91.45,   227.69,   350.48
   96.07,   348.38,    98.69
   93.36,   350.54,   223.46
   89.63,   352.50,   347.49
   92.31,   472.55,    95.81
   89.77,   474.97,   220.40
   87.32,   477.47,   345.41
  223.67,   226.43,   104.66
  220.87,   229.06,   229.78
  216.26,   230.72,   353.28
  220.95,   350.87,   102.00
  218.29,   352.60,   226.74
  214.58,   354.93,   350.58
  218.27,   475.56,    99.26
  215.67,   476.93,   224.12
  212.17,   479.60,   348.55
  347.82,   229.01,   107.11
  344.85,   231.31,   231.71
  342.01,   232.84,   356.35
  345.92,   353.42,   105.22
  343.19,   354.98,   229.61
  339.59,   357.15,   353.59
  343.98,   478.27,   103.00
  341.12,   479.64,   227.57
  336.94,   482.23,   351.31
  101.46,   226.55,   226.63
   96.83,   226.63,   350.50
   93.29,   226.74,   474.52
  100.26,   351.33,   225.40
   96.28,   351.45,   349.43
   92.79,   351.61,   474.26
   97.98,   475.76,   224.24
   95.24,   476.42,   349.28
   91.99,   476.95,   474.73
  226.51,   228.55,   230.04
  221.72,   228.32,   353.61
  218.29,   228.07,   478.22
  225.19,   352.09,   228.92
  221.24,   352.56,   352.78
  218.02,   353.33,   477.92
  223.86,   476.46,   228.24
  220.07,   477.28,   352.63
  217.14,   478.13,   478.26
  350.50,   229.50,   232.25
  347.50,   229.16,   356.96
  344.92,   229.13,   482.11
  350.10,   353.23,   232.06
  346.28,   353.53,   356.08
  342.63,   354.30,   481.14
  349.28,   477.95,   231.92
  344.84,   478.65,   355.64
  340.62,   479.47,   480.46
   98.34,   224.09,   348.75
   98.26,   221.86,   472.75
   99.87,   219.73,   598.02
  102.11,   348.85,   350.05
  102.21,   346.72,   474.92
  103.39,   344.51,   600.86
  105.45,   473.73,   352.30
  105.87,   471.93,   477.87
  106.79,   469.64,   603.86
  223.26,   221.48,   348.27
  223.41,   218.77,   472.88
  224.95,   216.52,   598.49
  227.08,   345.61,   349.78
  227.39,   343.99,   474.87
  228.44,   342.20,   601.53
  230.28,   470.25,   351.93
  230.85,   468.76,   477.48
  231.71,   466.95,   604.30
  349.01,   218.00,   347.94
  350.16,   215.42,   473.14
  351.12,   213.64,   598.40
  352.19,   342.26,   349.47
  352.18,   340.62,   474.48
  352.72,   339.19,   600.72
  355.13,   467.27,   351.35
  354.37,   465.70,   476.06
  354.58,   463.97,   602.61
   97.22,   225.32,   472.15
   95.46,   227.38,   597.37
   93.65,   229.05,   723.36
   95.83,   350.17,   470.05
   93.56,   352.12,   595.81
   91.82,   353.98,   721.91
   94.09,   475.43,   468.65
   91.47,   477.35,   594.36
   89.21,   479.04,   719.74
  222.35,   227.63,   475.68
  220.42,   229.64,   601.35
  218.70,   231.80,   727.25
  221.05,   352.84,   473.47
  218.70,   355.23,   600.16
  216.57,   357.16,   727.19
  219.18,   477.61,   471.90
  216.68,   479.93,   598.60
  213.59,   481.79,   725.01
  348.95,   229.70,   479.32
  346.39,   232.24,   604.64
  343.40,   235.19,   729.66
  345.66,   354.82,   476.46
  342.76,   357.55,   602.84
  340.35,   360.17,   729.48
  342.70,   479.96,   473.92
  339.53,   482.39,   600.40
  337.08,   484.69,   727.57
   99.57,   226.74,   598.00
  100.53,   222.64,   724.02
   99.85,   218.93,   849.15
  102.69,   351.53,   602.43
  103.69,   347.62,   728.72
  102.98,   343.47,   853.79
  105.66,   476.62,   606.97
  106.05,   472.51,   732.50
  104.97,   468.01,   856.93
  224.63,   224.02,   599.13
  225.60,   220.48,   724.81
  225.75,   217.39,   849.46
  227.77,   349.61,   603.80
  228.37,   345.85,   730.73
  227.78,   341.71,   854.75
  230.56,   474.32,   608.09
  230.23,   470.49,   734.65
  229.26,   465.94,   858.61
  350.73,   221.57,   599.65
  350.42,   218.85,   724.45
  349.95,   215.67,   848.09
  351.93,   346.99,   603.59
  352.25,   343.96,   729.97
  352.18,   340.61,   853.59
  353.43,   471.76,   607.04
  353.90,   468.45,   734.23
  354.04,   465.20,   858.48
   98.70,   350.90,   100.63
   97.10,   354.15,   225.37
   94.53,   357.23,   349.40
  100.64,   475.04,    96.72
   99.26,   478.49,   221.37
   97.91,   482.11,   346.43
  103.58,   599.45,    93.77
  101.75,   603.18,   218.52
  100.09,   607.04,   344.42
  223.61,   347.70,   102.95
  222.05,   350.51,   227.66
  219.47,   353.92,   351.50
  226.68,   472.37,    99.28
  225.20,   474.78,   224.12
  222.75,   478.54,   348.47
  230.27,   597.05,    95.89
  228.22,   600.09,   220.99
  225.08,   603.92,   346.18
  348.51,   344.56,   105.13
  346.91,   347.25,   229.52
  344.50,   350.47,   353.53
  352.30,   469.40,   101.97
  350.62,   471.84,   226.55
  347.58,   475.48,   350.23
  355.21,   594.37,    98.23
  353.50,   597.64,   223.02
  350.38,   601.34,   347.36
   99.25,   350.18,   223.33
  100.56,   350.04,   347.39
  102.35,   349.99,   472.25
   97.95,   474.62,   222.47
  100.52,   474.97,   347.54
  102.63,   475.24,   473.10
   96.88,   599.41,   222.78
   99.31,   599.99,   348.69
  102.06,   600.12,   474.29
  224.24,   349.95,   221.61
  225.57,   350.10,   345.48
  227.58,   350.56,   470.53
  223.90,   474.31,   221.22
  225.39,   474.80,   345.58
  227.64,   475.39,   471.09
  223.42,   599.67,   221.26
  224.26,   600.26,   346.47
  226.09,   600.59,   471.84
  349.15,   350.12,   219.48
  350.69,   350.07,   343.51
  352.28,   350.51,   468.43
  349.39,   474.78,   219.68
  350.32,   475.16,   343.40
  351.23,   475.70,   468.00
  348.77,   600.64,   219.29
  349.61,   601.11,   343.69
  350.50,   601.38,   468.27
   98.70,   348.60,   350.26
   97.33,   348.85,   475.14
   97.03,   349.03,   601.03
   95.57,   473.52,   350.04
   94.43,   474.10,   475.56
   93.81,   474.21,   601.38
   91.29,   598.50,   350.81
   90.94,   598.93,   476.36
   90.26,   599.09,   601.18
  223.68,   351.81,   351.51
  222.56,   352.62,   476.66
  222.14,   353.23,   603.42
  220.40,   476.49,   351.29
  219.55,   477.39,   476.92
  218.96,   477.93,   603.69
  216.10,   601.87,   351.88
  214.85,   602.50,   477.33
  214.06,   602.68,   602.58
  348.74,   354.88,   352.69
  347.15,   355.70,   477.73
  346.18,   356.65,   604.15
  345.19,   479.97,   352.22
  343.03,   480.84,   477.00
  341.79,   481.48,   603.55
  341.34,   605.85,   352.24
  339.14,   606.40,   476.97
  337.74,   606.65,   602.37
  100.42,   351.65,   474.28
  103.83,   349.32,   600.22
  107.77,   346.85,   726.62
   99.26,   476.89,   477.38
  102.42,   474.46,   603.28
  105.77,   471.77,   728.92
   97.36,   601.72,   480.79
  100.39,   599.32,   605.58
  102.98,   596.84,   729.70
  225.65,   353.71,   472.06
  228.90,   351.80,   598.73
  232.38,   349.50,   725.72
  224.29,   478.51,   474.92
  227.38,   476.54,   601.62
  229.93,   474.15,   728.19
  221.29,   603.66,   477.92
  224.19,   601.32,   603.12
  226.67,   598.51,   728.14
  350.27,   355.11,   469.42
  352.97,   353.54,   595.68
  356.17,   351.94,   722.17
  347.82,   480.30,   471.28
  350.21,   478.39,   597.67
  353.49,   476.45,   724.88
  345.65,   605.92,   473.85
  347.92,   603.63,   599.17
  350.95,   601.06,   725.39
   99.19,   349.43,   600.21
  103.44,   347.33,   726.57
  106.02,   344.94,   851.77
  100.47,   474.62,   602.89
  104.16,   472.29,   728.53
  106.38,   469.59,   853.07
  101.17,   599.49,   604.84
  104.06,   597.36,   728.95
  106.56,   594.87,   853.35
  224.26,   349.23,   598.40
  228.09,   347.26,   725.40
  230.80,   344.93,   849.63
  225.49,   473.99,   600.92
  228.37,   471.96,   727.50
  230.64,   469.23,   851.70
  225.01,   598.79,   602.03
  227.79,   596.35,   727.08
  230.56,   593.81,   851.97
  348.42,   348.26,   595.04
  351.92,   347.00,   721.50
  355.14,   345.50,   845.43
  348.34,   473.12,   596.64
  351.92,   471.55,   723.85
  355.36,   470.08,   848.52
  348.72,   598.37,   597.70
  352.07,   596.19,   723.98
  355.52,   594.40,   849.70
  100.53,   472.90,    98.00
  104.71,   476.70,   222.62
  108.82,   480.68,   347.65
  102.67,   597.30,    94.53
  106.44,   601.40,   219.27
  110.20,   605.62,   345.13
  105.10,   722.43,    91.77
  108.08,   726.90,   216.60
  111.13,   730.80,   342.75
  226.48,   470.92,    95.02
  230.62,   473.62,   219.89
  233.62,   477.72,   344.12
  229.30,   595.58,    91.15
  232.90,   598.93,   216.21
  235.24,   603.15,   341.28
  231.12,   720.38,    87.26
  234.30,   725.31,   212.85
  236.69,   728.88,   338.49
  352.00,   468.64,    92.12
  356.04,   471.35,   216.85
  358.55,   475.32,   340.45
  354.14,   593.50,    87.88
  358.13,   597.12,   212.78
  360.60,   601.22,   337.01
  355.50,   718.61,    83.80
  359.56,   723.60,   208.35
  362.45,   727.51,   333.63
   98.45,   475.93,   225.13
  100.85,   479.70,   350.19
  102.86,   483.39,   475.77
   94.48,   600.64,   222.06
   96.77,   604.64,   347.98
   99.38,   608.17,   473.54
   90.80,   726.06,   219.78
   92.17,   729.84,   345.90
   94.54,   733.16,   471.01
  224.34,   478.39,   223.92
  225.66,   482.33,   348.28
  227.76,   486.32,   473.80
  221.01,   603.70,   220.61
  221.67,   607.71,   345.85
  223.29,   611.44,   471.19
  216.76,   729.98,   217.73
  217.49,   733.27,   343.49
  218.97,   736.40,   468.73
  349.79,   481.68,   222.43
  350.53,   485.51,   346.11
  351.27,   489.48,   470.68
  346.31,   607.48,   218.66
  347.00,   611.39,   343.10
  347.78,   615.04,   467.70
  342.21,   734.05,   214.79
  343.29,   737.57,   340.17
  344.47,   740.26,   465.06
  101.86,   476.58,   347.62
  102.10,   474.37,   473.15
  102.83,   471.69,   599.07
  104.63,   601.52,   351.30
  105.53,   599.17,   476.84
  106.23,   596.49,   601.71
  106.82,   726.68,   355.15
  107.37,   724.20,   480.19
  108.31,   721.55,   603.77
  226.69,   472.43,   347.41
  227.11,   470.53,   472.93
  227.84,   468.31,   599.70
  229.57,   597.82,   350.76
  229.58,   595.64,   476.10
  230.09,   593.06,   601.49
  232.24,   723.45,   354.23
  232.02,   720.67,   479.38
  232.35,   717.65,   603.03
  351.56,   468.77,   346.99
  350.66,   466.81,   471.66
  350.70,   464.67,   598.16
  354.84,   594.65,   349.72
  353.87,   592.41,   474.29
  353.76,   589.87,   599.81
  358.03,   720.80,   352.59
  357.44,   717.71,   477.42
  357.25,   714.84,   601.87
   98.83,   475.73,   473.72
  102.97,   478.76,   599.62
  107.25,   481.52,   725.18
   98.28,   600.56,   471.68
  102.29,   603.61,   596.50
  105.82,   606.55,   720.48
   96.22,   725.58,   469.38
  100.34,   728.78,   593.01
  104.76,   731.36,   715.91
  223.85,   475.81,   470.21
  227.91,   479.29,   596.85
  231.38,   482.35,   723.34
  222.26,   600.95,   467.75
  226.06,   604.10,   592.91
  229.49,   606.74,   717.74
  220.65,   726.02,   465.45
  224.38,   728.74,   589.08
  228.20,   731.11,   711.87
  347.44,   476.05,   465.59
  350.72,   479.61,   591.84
  354.92,   483.09,   718.97
  346.68,   601.67,   462.68
  349.83,   604.88,   587.87
  353.78,   607.76,   713.89
  346.16,   727.01,   460.18
  349.28,   729.84,   584.51
  353.01,   732.39,   708.45
  101.69,   475.66,   600.56
  105.18,   473.44,   726.20
  107.26,   470.87,   850.77
  105.35,   600.46,   602.37
  108.06,   598.41,   726.48
  110.39,   596.03,   850.86
  107.72,   725.55,   603.60
  111.31,   723.06,   726.56
  113.27,   720.45,   851.31
  226.65,   472.01,   598.68
  229.36,   470.11,   725.31
  231.47,   467.52,   849.57
  229.16,   596.77,   599.63
  231.76,   594.47,   724.76
  234.35,   592.05,   849.69
  231.75,   721.37,   600.40
  234.68,   718.79,   723.54
  237.67,   716.86,   848.92
  349.46,   468.11,   594.57
  352.86,   466.68,   721.79
  356.13,   465.34,   846.50
  352.83,   593.33,   595.43
  356.02,   591.29,   721.81
  359.31,   589.64,   847.54
  356.62,   718.30,   596.74
  359.57,   715.86,   721.10
  362.83,   713.92,   847.21
   98.43,   598.51,    99.09
  101.05,   602.61,   223.90
  103.78,   606.66,   349.81
   95.12,   723.61,    96.63
   96.97,   728.05,   221.55
   98.93,   731.84,   347.69
   90.67,   848.61,    92.19
   92.08,   853.05,   217.54
   95.04,   856.53,   343.25
  225.18,   602.62,    96.70
  227.48,   605.95,   221.82
  228.69,   610.01,   347.02
  221.10,   727.58,    93.16
  222.99,   732.27,   218.87
  224.30,   735.59,   344.59
  215.81,   853.01,    89.86
  217.85,   858.14,   215.67
  220.60,   860.14,   340.77
  350.03,   606.35,    94.41
  352.73,   610.00,   219.25
  354.03,   613.95,   343.66
  345.64,   731.48,    90.42
  348.37,   736.55,   215.31
  350.09,   740.13,   340.67
  341.37,   857.15,    87.46
  344.47,   862.36,   212.07
  346.42,   865.59,   337.22
   98.95,   601.04,   223.87
  100.32,   600.25,   349.77
  102.06,   599.01,   475.35
   95.68,   726.55,   226.37
   96.28,   725.48,   352.51
   97.79,   724.04,   477.60
   91.63,   851.66,   227.19
   93.23,   850.28,   353.11
   95.96,   848.57,   478.27
  225.43,   603.62,   223.39
  225.23,   602.83,   348.62
  226.04,   601.76,   473.98
  221.72,   729.99,   225.28
  221.59,   728.44,   351.05
  222.22,   726.80,   476.25
  217.44,   855.88,   226.89
  218.70,   853.04,   352.12
  219.96,   850.74,   477.02
  350.73,   606.93,   222.42
  350.55,   605.99,   346.87
  350.43,   604.85,   471.48
  347.17,   733.59,   223.33
  347.40,   732.17,   348.70
  347.68,   730.12,   473.59
  344.04,   859.57,   224.92
  344.46,   857.74,   350.08
  344.74,   855.32,   475.08
   98.81,   599.00,   351.12
   96.27,   598.40,   476.62
   93.46,   597.50,   601.40
   93.93,   724.21,   353.09
   91.28,   723.37,   478.13
   88.67,   722.68,   601.75
   90.02,   849.07,   352.96
   88.61,   848.02,   478.16
   86.18,   847.67,   601.58
  223.60,   602.39,   354.31
  220.18,   601.95,   479.69
  217.23,   601.07,   604.94
  219.11,   727.94,   356.01
  215.45,   726.95,   481.18
  212.43,   725.66,   604.70
  215.42,   852.47,   356.31
  212.40,   850.82,   481.15
  209.41,   849.80,   604.80
  348.78,   606.36,   356.82
  344.41,   605.83,   481.50
  340.88,   605.00,   606.94
  344.83,   732.44,   357.95
  340.79,   731.01,   482.84
  337.10,   729.81,   607.06
  341.07,   857.93,   358.56
  337.06,   856.11,   483.55
  333.62,   854.88,   607.55
   99.99,   602.00,   475.40
   99.88,   599.12,   600.21
   99.31,   596.20,   724.34
   98.62,   727.05,   478.95
   98.72,   724.29,   602.54
   98.96,   721.02,   725.60
   99.83,   851.48,   480.84
   99.88,   849.06,   604.37
   98.84,   845.50,   728.75
  224.03,   601.79,   475.64
  223.76,   598.97,   600.92
  223.07,   595.68,   725.99
  223.13,   726.82,   479.17
  222.73,   723.58,   602.74
  222.41,   720.02,   725.82
  223.80,   850.79,   481.23
  223.38,   847.78,   604.88
  222.93,   845.18,   728.02
  348.42,   601.89,   474.72
  347.51,   599.12,   600.14
  347.34,   596.07,   726.47
  348.60,   727.17,   478.10
  347.59,   724.04,   602.43
  347.18,   720.61,   726.68
  348.60,   852.44,   480.90
  347.85,   849.23,   605.03
  347.82,   845.86,   728.27
  101.79,   600.57,   599.91
   98.48,   597.13,   723.93
   94.78,   593.48,   848.20
  102.24,   725.69,   602.80
   99.79,   721.89,   725.79
   95.64,   717.83,   850.54
  105.08,   850.34,   605.21
  101.34,   846.32,   729.54
   96.68,   842.37,   855.64
  225.61,   598.68,   603.30
  222.19,   594.83,   728.34
  218.71,   590.86,   853.09
  226.26,   723.25,   605.64
  223.19,   719.16,   728.73
  220.05,   715.69,   854.07
  228.55,   847.47,   608.36
  225.36,   844.32,   731.46
  221.94,   841.09,   856.87
  349.32,   597.07,   605.28
  346.43,   593.49,   731.62
  343.53,   590.28,   857.14
  351.09,   721.98,   608.06
  347.93,   717.99,   732.36
  345.10,   714.68,   858.52
  353.04,   847.17,   611.23
  350.25,   843.19,   734.44
  347.25,   839.86,   860.42
  223.68,    99.64,   100.94
  221.48,   100.16,   226.41
  218.09,    98.95,   350.61
  225.50,   224.44,   102.01
  223.28,   224.61,   227.23
  219.20,   223.75,   350.79
  226.67,   348.92,   102.01
  224.53,   348.15,   226.78
  221.31,   347.96,   350.64
  348.77,    98.21,   103.17
  346.20,    98.78,   228.06
  344.11,    97.07,   353.16
  349.70,   223.12,   103.98
  347.23,   223.02,   228.64
  344.98,   221.99,   353.36
  351.61,   347.61,   104.72
  349.40,   346.70,   229.13
  346.40,   346.32,   353.19
  473.32,    96.45,   105.25
  470.94,    96.76,   229.61
  470.03,    95.01,   355.16
  474.05,   221.78,   105.92
  471.82,   221.31,   230.60
  470.63,   220.23,   355.45
  476.32,   347.00,   107.18
  474.24,   346.12,   231.55
  471.70,   345.33,   355.55
  224.52,   102.70,   225.60
  225.60,   100.78,   349.78
  227.90,    98.67,   474.37
  221.90,   227.05,   227.09
  222.31,   225.51,   350.65
  224.15,   223.86,   475.29
  218.71,   350.58,   227.33
  219.98,   349.69,   351.21
  221.97,   349.10,   476.34
  349.11,   105.75,   222.75
  351.59,   103.34,   347.85
  354.60,   100.87,   473.31
  345.86,   229.87,   224.08
  348.04,   228.19,   348.75
  350.76,   226.76,   473.92
  343.62,   353.52,   225.30
  345.05,   352.47,   349.32
  346.62,   351.88,   474.32
  473.66,   108.13,   219.84
  477.35,   105.75,   345.28
  480.63,   103.62,   471.27
  470.36,   232.69,   221.65
  473.55,   230.94,   346.39
  476.31,   229.82,   471.53
  468.48,   357.42,   223.35
  470.34,   355.96,   347.27
  471.64,   355.14,   471.93
  223.56,   100.17,   349.79
  225.44,    97.43,   474.37
  227.86,    95.48,   599.08
  224.79,   224.92,   351.25
  226.25,   222.62,   475.91
  229.02,   220.79,   601.56
  226.98,   349.11,   352.39
  228.56,   347.88,   477.53
  230.83,   346.48,   604.24
  349.60,    98.22,   348.23
  352.14,    95.17,   473.65
  354.09,    93.49,   598.82
  350.58,   223.10,   349.73
  352.94,   220.97,   474.93
  355.10,   219.63,   600.21
  352.10,   347.41,   350.88
  353.28,   346.17,   475.89
  355.02,   345.12,   602.16
  475.42,    96.15,   346.07
  478.19,    93.47,   472.05
  479.78,    92.43,   597.73
  476.16,   221.28,   347.72
  478.59,   219.43,   472.93
  480.10,   218.62,   598.45
  477.44,   346.39,   349.19
  478.46,   344.93,   473.89
  479.64,   343.98,   599.78
  223.24,    97.99,   474.86
  221.91,    95.42,   599.51
  220.28,    93.65,   724.14
  220.27,   223.16,   476.98
  219.28,   220.68,   602.61
  218.44,   218.41,   728.31
  218.92,   348.42,   479.25
  217.48,   346.33,   605.95
  216.31,   343.79,   732.89
  349.96,    99.35,   477.99
  348.10,    97.10,   603.06
  345.41,    96.06,   727.54
  346.95,   225.21,   479.83
  345.35,   223.24,   605.12
  343.24,   221.78,   729.97
  343.59,   350.38,   481.46
  341.68,   348.67,   607.85
  340.19,   346.87,   734.31
  476.07,   101.23,   480.26
  473.85,    99.61,   605.87
  470.16,    99.01,   730.24
  472.55,   227.44,   481.68
  470.27,   226.03,   607.16
  467.34,   225.04,   731.98
  468.57,   352.80,   483.26
  466.08,   351.20,   609.26
  464.16,   349.76,   735.35
  222.91,    99.76,   597.78
  227.14,   100.93,   722.43
  231.56,   102.45,   847.40
  221.19,   225.11,   597.97
  226.15,   225.83,   723.77
  230.20,   226.94,   848.45
  220.27,   350.76,   598.36
  224.81,   351.24,   725.40
  228.18,   351.33,   849.65
  349.15,   100.51,   595.48
  352.30,   102.41,   719.94
  355.52,   104.10,   843.89
  347.22,   226.75,   594.63
  350.89,   228.27,   719.57
  354.36,   229.37,   843.30
  344.38,   352.17,   594.32
  348.58,   353.34,   720.86
  352.49,   354.31,   844.87
  474.95,   102.06,   592.40
  477.14,   104.45,   716.83
  479.48,   106.02,   840.59
  472.18,   228.56,   590.78
  475.01,   230.56,   715.79
  478.35,   231.48,   839.83
  468.85,   353.76,   589.87
  472.59,   355.24,   716.08
  476.84,   356.52,   840.22
  226.98,   226.79,   101.83
  226.22,   226.16,   227.04
  223.64,   224.51,   350.65
  225.12,   351.26,   102.58
  224.44,   349.69,   227.36
  222.69,   348.71,   351.25
  223.33,   475.93,   103.25
  222.65,   474.04,   228.11
  221.11,   473.41,   352.52
  351.20,   228.47,   102.37
  350.21,   227.56,   227.02
  349.43,   225.77,   351.75
  350.11,   352.98,   103.87
  349.37,   351.26,   228.30
  347.80,   350.10,   352.35
  349.01,   477.83,   105.03
  348.11,   475.93,   229.61
  345.92,   475.19,   353.35
  475.64,   230.22,   102.95
  474.81,   228.94,   227.60
  475.04,   227.08,   352.38
  474.87,   355.42,   104.90
  474.26,   353.76,   229.31
  473.12,   352.17,   353.28
  473.64,   480.71,   106.03
  473.23,   479.01,   230.82
  471.05,   477.69,   354.21
  226.54,   226.89,   227.56
  226.36,   226.18,   351.17
  227.61,   225.41,   475.86
  228.69,   350.40,   226.92
  229.33,   350.37,   350.81
  230.68,   350.65,   475.96
  230.87,   474.74,   226.75
  231.62,   475.07,   351.10
  233.17,   475.46,   476.65
  350.51,   224.42,   225.16
  352.14,   223.57,   349.90
  354.25,   222.96,   475.10
  353.59,   348.12,   225.48
  354.44,   347.89,   349.54
  355.36,   348.14,   474.54
  356.32,   472.80,   225.86
  356.51,   472.98,   349.56
  356.70,   473.30,   474.22
  475.04,   221.89,   223.32
  477.71,   220.96,   348.13
  479.89,   220.63,   473.34
  478.40,   346.73,   224.10
  479.77,   346.08,   348.09
  480.55,   346.11,   472.79
  481.37,   472.03,   224.68
  481.70,   471.61,   348.09
  481.51,   471.35,   472.22
  225.48,   226.49,   348.50
  225.63,   224.64,   473.14
  227.12,   223.24,   598.81
  224.29,   350.67,   349.23
  224.60,   349.88,   474.35
  225.63,   348.90,   601.06
  222.47,   475.38,   350.63
  223.06,   474.68,   476.23
  223.93,   473.65,   603.01
  351.22,   227.98,   348.23
  352.28,   226.34,   473.42
  353.18,   225.44,   598.75
  349.40,   352.29,   348.99
  349.29,   351.49,   473.99
  349.78,   350.86,   600.33
  347.32,   477.39,   350.13
  346.60,   476.65,   474.86
  346.79,   475.70,   601.39
  476.79,   229.55,   347.52
  477.88,   228.20,   472.69
  478.11,   227.84,   598.23
  474.72,   354.63,   348.58
  474.38,   353.58,   473.27
  474.32,   353.01,   599.22
  472.48,   480.15,   349.67
  471.21,   478.85,   473.80
  471.25,   477.58,   600.06
  222.12,   224.41,   476.39
  221.86,   227.84,   602.05
  221.77,   231.45,   727.94
  226.12,   349.57,   472.83
  225.40,   353.40,   599.51
  224.87,   356.79,   726.57
  229.51,   474.29,   469.85
  228.59,   478.08,   596.55
  227.11,   481.41,   723.09
  348.81,   221.11,   478.57
  347.90,   225.06,   603.81
  346.48,   229.49,   728.74
  350.82,   346.23,   474.34
  349.52,   350.39,   600.61
  348.69,   354.48,   727.16
  353.08,   471.30,   470.36
  351.44,   475.16,   596.76
  350.69,   478.95,   723.97
  474.49,   217.95,   479.75
  472.88,   222.46,   605.18
  470.58,   227.40,   730.00
  475.97,   343.37,   475.49
  474.08,   347.63,   601.36
  472.74,   352.02,   727.50
  477.81,   468.52,   471.24
  476.00,   472.08,   597.38
  475.43,   476.19,   724.27
  223.72,   222.84,   600.41
  228.36,   220.54,   726.08
  232.12,   218.67,   850.64
  225.50,   348.50,   603.83
  229.75,   345.94,   730.76
  232.79,   343.04,   854.75
  226.99,   473.25,   606.91
  230.27,   470.63,   733.44
  232.94,   467.33,   857.43
  349.78,   221.82,   597.32
  353.12,   220.32,   722.12
  356.29,   218.37,   845.75
  349.64,   347.28,   600.00
  353.57,   345.46,   726.38
  357.19,   343.37,   850.09
  349.82,   472.11,   602.19
  353.87,   469.99,   729.35
  357.72,   467.98,   853.77
  474.79,   220.94,   593.78
  477.29,   219.94,   718.67
  480.30,   217.78,   842.65
  474.18,   346.27,   595.82
  477.60,   344.75,   721.91
  481.55,   342.88,   845.84
  474.31,   470.81,   597.81
  478.53,   468.99,   724.67
  482.85,   467.69,   848.82
  225.70,   350.51,    98.92
  229.76,   348.08,   223.71
  232.68,   346.26,   347.54
  227.92,   475.17,   100.40
  231.98,   472.39,   225.25
  235.04,   470.93,   349.50
  230.58,   599.88,   102.09
  234.01,   597.78,   227.19
  236.46,   596.39,   352.24
  350.57,   348.38,    95.48
  354.59,   345.83,   219.93
  357.78,   343.80,   343.94
  353.44,   473.25,    97.38
  357.39,   470.47,   222.05
  359.92,   468.84,   345.68
  355.43,   598.20,    98.76
  359.28,   596.30,   223.56
  361.74,   594.78,   347.80
  475.32,   346.83,    91.79
  479.31,   344.48,   216.23
  483.07,   342.03,   340.17
  478.00,   472.13,    93.62
  482.37,   469.74,   218.54
  485.12,   467.52,   341.92
  479.79,   597.40,    95.21
  484.08,   595.39,   219.98
  486.84,   593.53,   343.69
  227.70,   348.21,   224.71
  226.07,   345.87,   348.58
  225.14,   343.82,   473.63
  227.26,   472.53,   226.83
  225.82,   470.54,   351.16
  225.21,   468.62,   476.72
  226.62,   597.90,   229.39
  224.57,   595.96,   354.56
  223.60,   593.75,   479.95
  352.61,   348.47,   225.48
  351.21,   345.93,   349.53
  349.95,   343.87,   474.54
  352.72,   473.12,   228.17
  350.68,   470.99,   351.87
  348.75,   469.00,   476.60
  351.96,   598.98,   230.31
  349.84,   596.89,   354.67
  347.85,   594.62,   479.31
  477.48,   349.64,   226.35
  476.56,   346.67,   350.31
  475.10,   344.40,   475.04
  477.83,   474.89,   229.23
  475.85,   472.16,   352.60
  473.41,   469.60,   476.79
  476.84,   600.60,   231.22
  474.98,   598.19,   355.02
  472.85,   595.53,   479.12
  224.31,   350.44,   349.01
  225.61,   351.05,   474.12
  227.60,   351.50,   600.85
  227.33,   475.11,   348.95
  228.84,   475.84,   474.50
  230.63,   476.24,   601.26
  229.39,   600.55,   349.65
  230.45,   601.01,   475.01
  232.01,   601.05,   600.30
  349.40,   347.22,   347.79
  350.29,   347.81,   472.78
  351.73,   348.60,   599.08
  352.21,   472.27,   347.48
  352.38,   472.95,   472.14
  353.48,   473.42,   598.61
  354.71,   598.19,   347.58
  354.84,   598.60,   472.16
  355.79,   598.68,   597.59
  474.71,   344.68,   346.41
  475.45,   345.05,   471.11
  476.33,   345.93,   596.99
  477.39,   470.17,   346.07
  477.12,   470.28,   470.18
  478.09,   470.45,   596.37
  479.83,   596.21,   345.80
  479.88,   596.23,   469.84
  481.08,   596.01,   595.41
  223.88,   350.46,   472.89
  221.75,   352.78,   599.57
  219.85,   354.64,   726.62
  225.35,   475.25,   471.45
  223.06,   477.51,   598.17
  220.21,   479.32,   724.68
  225.18,   600.42,   470.17
  222.64,   602.33,   595.45
  219.70,   603.74,   720.33
  348.56,   349.07,   475.74
  345.89,   351.73,   602.07
  343.69,   354.29,   728.64
  348.90,   474.21,   473.29
  345.92,   476.57,   599.78
  343.76,   478.83,   726.99
  349.56,   599.85,   471.52
  346.39,   601.81,   596.93
  343.94,   603.45,   723.09
  473.65,   348.16,   478.22
  470.39,   350.91,   604.15
  467.72,   353.80,   730.31
  473.53,   473.38,   475.46
  470.37,   475.44,   601.69
  468.45,   478.05,   728.62
  474.55,   599.34,   473.31
  471.59,   601.01,   598.86
  469.77,   602.87,   725.51
  224.91,   349.38,   599.46
  227.05,   345.64,   726.43
  228.07,   341.54,   850.61
  226.43,   474.10,   603.77
  227.62,   470.30,   730.34
  228.20,   465.78,   854.43
  226.23,   598.85,   606.61
  227.34,   594.63,   731.69
  228.44,   590.34,   856.55
  349.09,   348.12,   597.79
  350.93,   345.10,   724.22
  352.44,   341.80,   848.02
  349.30,   472.93,   601.20
  351.24,   469.61,   728.40
  352.95,   466.36,   852.88
  349.98,   598.13,   603.99
  351.67,   594.18,   730.35
  353.41,   590.68,   855.94
  473.68,   347.08,   595.76
  475.00,   344.38,   721.86
  476.84,   341.32,   845.79
  473.83,   471.60,   598.97
  475.93,   468.59,   725.86
  478.12,   466.11,   850.01
  475.23,   597.11,   601.83
  477.52,   593.37,   728.53
  479.39,   590.41,   853.74
  225.10,   473.46,   101.32
  222.72,   471.25,   226.16
  219.47,   470.32,   350.51
  228.64,   598.16,   102.63
  225.62,   596.56,   227.74
  221.71,   595.69,   352.92
  231.09,   723.38,   103.96
  227.67,   722.91,   229.72
  223.73,   721.30,   355.47
  350.72,   470.48,   104.77
  348.12,   468.27,   229.31
  344.24,   467.21,   353.02
  353.61,   595.49,   105.75
  350.91,   594.08,   230.50
  346.91,   593.07,   354.83
  355.76,   720.78,   106.31
  353.05,   720.76,   231.53
  349.48,   719.20,   356.79
  475.32,   468.46,   107.46
  473.18,   466.44,   232.17
  469.32,   464.79,   355.54
  478.09,   593.74,   108.70
  475.76,   592.18,   233.25
  471.98,   590.82,   356.97
  480.28,   718.30,   109.16
  477.82,   717.85,   233.72
  474.72,   716.66,   358.61
  227.32,   472.32,   225.89
  223.18,   473.59,   350.21
  219.89,   474.92,   475.78
  227.58,   597.69,   225.20
  222.78,   599.03,   350.38
  219.06,   600.08,   475.77
  226.99,   724.09,   224.91
  222.17,   724.68,   350.67
  218.18,   725.16,   475.90
  352.72,   472.08,   229.89
  347.97,   473.22,   353.58
  343.39,   474.51,   478.34
  352.84,   597.96,   228.82
  348.01,   599.14,   353.17
  343.35,   600.13,   477.84
  352.34,   724.65,   227.58
  347.94,   725.33,   352.89
  343.59,   725.42,   477.78
  477.77,   473.01,   233.61
  473.04,   473.55,   356.95
  467.88,   474.27,   481.17
  477.67,   598.76,   232.41
  473.09,   599.61,   356.17
  468.28,   600.23,   480.28
  477.10,   724.42,   230.62
  473.18,   725.48,   355.58
  469.25,   725.90,   480.39
  225.40,   472.54,   350.44
  224.64,   474.62,   476.04
  224.18,   476.35,   602.82
  227.17,   597.95,   349.85
  225.96,   599.77,   475.25
  225.24,   601.15,   600.55
  228.75,   723.62,   349.36
  227.30,   724.83,   474.60
  226.45,   725.78,   598.26
  350.24,   470.00,   351.29
  348.18,   472.04,   476.03
  347.05,   473.87,   602.58
  352.45,   595.90,   350.11
  350.31,   597.66,   474.74
  349.00,   599.09,   600.21
  354.55,   722.10,   349.04
  352.76,   722.98,   473.93
  351.34,   724.06,   598.35
  475.39,   468.18,   352.16
  472.82,   469.65,   476.36
  471.53,   471.21,   602.64
  477.57,   594.21,   350.62
  475.31,   595.59,   474.70
  474.22,   596.74,   600.33
  479.77,   720.04,   349.23
  478.42,   721.27,   474.02
  477.78,   722.34,   599.11
  227.30,   473.96,   475.92
  228.99,   471.41,   602.67
  230.16,   468.45,   729.30
  226.70,   599.11,   479.42
  228.19,   596.19,   604.73
  229.25,   592.81,   729.88
  226.07,   724.14,   483.02
  227.43,   720.79,   606.55
  228.86,   717.15,   729.74
  350.85,   473.34,   473.67
  351.86,   470.86,   600.15
  353.77,   468.37,   727.38
  351.04,   598.97,   476.69
  351.92,   596.10,   602.14
  353.59,   592.98,   728.53
  351.53,   724.26,   480.16
  352.32,   721.05,   604.50
  353.74,   717.53,   728.86
  475.58,   472.94,   471.79
  476.45,   470.16,   598.00
  478.49,   467.97,   724.89
  476.10,   598.88,   474.44
  477.19,   595.70,   600.03
  479.45,   592.78,   726.75
  477.24,   724.54,   478.06
  478.81,   721.29,   603.09
  480.80,   717.54,   728.19
  227.55,   474.95,   600.62
  227.66,   476.37,   727.22
  227.17,   477.06,   851.43
  227.71,   599.76,   598.26
  227.74,   600.78,   723.28
  227.77,   601.68,   848.16
  227.98,   724.42,   595.87
  228.39,   725.16,   718.89
  228.76,   726.54,   844.05
  350.43,   473.37,   599.18
  351.27,   475.26,   726.42
  351.91,   477.20,   851.09
  351.49,   598.63,   596.72
  352.07,   599.90,   723.00
  352.73,   601.50,   848.75
  352.92,   723.63,   594.79
  353.25,   724.51,   719.00
  353.92,   725.89,   844.99
  474.99,   471.63,   598.10
  476.02,   473.83,   725.02
  477.16,   476.57,   849.32
  476.74,   597.20,   595.67
  477.97,   598.67,   722.36
  478.79,   600.81,   847.81
  479.36,   722.84,   594.38
  480.33,   723.50,   719.41
  480.51,   724.68,   845.51
  225.41,   599.67,    98.37
  227.59,   602.12,   223.50
  228.72,   605.32,   348.69
  221.36,   724.70,    95.69
  223.12,   728.44,   221.42
  224.31,   730.92,   347.16
  216.04,   850.23,    93.27
  218.00,   854.38,   219.12
  220.59,   855.53,   344.28
  350.29,   603.43,    96.24
  352.85,   606.18,   221.09
  354.02,   609.26,   345.48
  345.93,   728.58,    93.03
  348.50,   732.76,   218.02
  350.09,   735.44,   343.37
  341.66,   854.26,    90.82
  344.56,   858.68,   215.64
  346.38,   860.99,   340.81
  474.62,   608.10,    93.96
  477.59,   610.73,   218.68
  479.11,   613.53,   342.54
  470.32,   732.68,    90.94
  473.20,   736.17,   214.93
  475.28,   739.28,   340.08
  466.11,   857.05,    87.26
  469.86,   861.01,   212.04
  471.42,   864.75,   337.63
  225.55,   599.10,   226.64
  225.11,   596.17,   351.78
  225.73,   592.98,   477.11
  228.17,   725.42,   230.59
  227.74,   721.75,   356.28
  228.10,   717.99,   481.38
  230.38,   851.39,   234.35
  231.15,   846.47,   359.51
  231.94,   842.05,   484.41
  350.87,   596.06,   225.87
  350.38,   593.00,   350.18
  349.97,   589.77,   474.75
  353.60,   722.69,   228.83
  353.54,   719.11,   354.06
  353.49,   715.03,   478.86
  356.69,   848.79,   232.40
  356.80,   844.85,   357.56
  356.83,   840.32,   482.51
  475.73,   593.61,   225.13
  475.49,   590.21,   348.86
  474.91,   586.58,   472.86
  478.37,   719.17,   227.48
  478.77,   715.99,   352.39
  479.12,   712.22,   477.07
  481.85,   844.17,   230.66
  481.79,   841.53,   355.98
  482.29,   837.99,   481.38
  223.31,   600.15,   350.70
  220.76,   602.46,   476.11
  218.70,   604.32,   601.34
  224.98,   725.78,   349.75
  222.18,   727.49,   474.98
  220.01,   728.94,   598.58
  227.37,   850.58,   347.49
  225.19,   851.49,   472.38
  223.06,   853.12,   596.10
  348.56,   598.01,   352.32
  345.09,   600.26,   476.98
  342.45,   602.19,   602.43
  350.77,   724.18,   350.79
  347.62,   725.55,   475.69
  344.83,   727.11,   600.03
  353.09,   849.97,   348.85
  349.98,   850.86,   473.83
  347.42,   852.33,   598.04
  473.65,   596.22,   354.17
  470.03,   598.11,   478.27
  467.58,   599.78,   603.90
  476.00,   722.05,   352.34
  473.27,   723.77,   477.13
  471.22,   725.34,   602.18
  478.09,   847.65,   350.51
  475.29,   849.65,   475.91
  473.58,   851.09,   601.02
  223.40,   601.44,   477.78
  222.87,   603.02,   603.05
  221.93,   604.10,   727.94
  221.43,   726.49,   476.91
  220.82,   727.65,   600.50
  220.32,   728.49,   723.45
  221.05,   850.49,   474.57
  220.49,   851.85,   598.28
  219.84,   853.76,   721.58
  347.76,   602.62,   477.06
  346.66,   604.26,   602.49
  346.26,   605.59,   728.67
  346.91,   727.91,   476.03
  345.68,   729.19,   600.37
  345.05,   730.16,   724.45
  345.87,   853.18,   474.41
  344.87,   854.41,   598.62
  344.68,   855.55,   721.91
  472.81,   603.87,   476.77
  471.94,   605.24,   602.37
  472.19,   606.77,   729.00
  472.62,   729.53,   475.90
  472.15,   730.82,   600.96
  472.07,   731.54,   725.83
  471.17,   855.43,   474.89
  470.97,   856.61,   600.02
  471.20,   856.61,   723.35
  224.62,   600.68,   599.74
  224.49,   603.40,   724.64
  224.39,   606.02,   849.43
  226.22,   725.29,   595.63
  226.51,   727.75,   718.56
  226.73,   730.86,   843.63
  229.49,   849.45,   591.81
  229.71,   852.94,   714.97
  229.73,   856.50,   840.09
  348.37,   598.21,   598.42
  348.81,   601.19,   724.63
  349.31,   604.50,   850.29
  351.12,   723.15,   594.73
  351.32,   725.75,   718.86
  351.86,   728.86,   844.78
  353.98,   848.37,   591.44
  354.60,   851.04,   714.66
  355.16,   854.23,   840.12
  473.55,   595.43,   597.55
  474.65,   598.64,   724.21
  475.34,   602.50,   849.60
  477.51,   721.01,   594.48
  478.34,   723.41,   719.49
  478.40,   726.31,   845.54
  480.22,   846.76,   592.05
  481.25,   848.42,   715.48
  481.96,   851.33,   841.36
  351.51,   101.06,    99.80
  354.07,   101.90,   224.63
  357.31,   100.35,   349.76
  349.12,   226.00,   100.44
  351.80,   226.11,   225.07
  354.79,   225.29,   349.78
  347.66,   350.54,   100.98
  350.66,   349.81,   225.43
  352.83,   349.62,   349.46
  476.13,   102.57,    96.79
  478.68,   103.24,   221.04
  483.04,   101.76,   346.46
  473.57,   228.02,    97.30
  476.34,   227.83,   221.93
  480.30,   226.96,   346.67
  472.41,   353.26,    98.31
  475.50,   352.67,   222.75
  478.14,   352.07,   346.68
  601.30,   104.72,    94.46
  603.63,   104.92,   218.56
  607.71,   104.25,   343.03
  598.74,   230.49,    95.02
  601.41,   229.86,   219.55
  605.51,   229.09,   343.36
  596.91,   356.75,    95.59
  599.96,   356.20,   220.16
  603.41,   355.21,   343.87
  347.61,   101.18,   223.57
  350.35,   100.90,   348.65
  353.65,   100.56,   474.11
  349.80,   225.36,   222.65
  352.36,   225.77,   347.34
  355.40,   226.45,   472.50
  353.13,   349.05,   221.70
  354.93,   350.06,   345.72
  356.76,   351.57,   470.65
  472.25,    98.04,   220.34
  476.14,    97.77,   345.79
  479.68,    97.79,   471.77
  474.28,   222.59,   219.87
  477.89,   222.92,   344.65
  481.01,   223.86,   469.81
  477.89,   347.42,   219.40
  480.24,   348.02,   343.36
  481.96,   349.29,   467.98
  597.16,    95.35,   218.19
  600.85,    95.81,   342.80
  604.10,    96.80,   468.38
  599.36,   220.01,   217.87
  603.10,   220.46,   341.72
  606.09,   221.67,   466.53
  602.34,   346.36,   217.23
  605.49,   346.61,   340.94
  608.05,   347.38,   465.45
  349.69,    99.90,   348.48
  352.10,    96.56,   473.91
  353.90,    94.62,   599.06
  346.95,   224.77,   350.29
  349.13,   222.38,   475.47
  351.17,   220.75,   600.77
  344.76,   349.05,   351.74
  345.81,   347.55,   476.78
  347.45,   346.22,   603.10
  475.50,   101.51,   346.51
  478.17,    98.50,   472.51
  479.63,    97.20,   598.19
  472.51,   226.68,   348.50
  474.75,   224.60,   473.68
  476.11,   223.52,   599.19
  470.07,   351.72,   350.26
  470.87,   350.00,   474.97
  471.93,   348.76,   600.90
  600.26,   104.20,   344.35
  602.63,   102.21,   469.96
  603.51,   101.26,   595.81
  597.77,   229.03,   346.46
  599.83,   227.19,   471.32
  600.49,   226.24,   597.36
  595.41,   355.06,   348.72
  596.94,   352.82,   473.31
  597.72,   351.21,   599.28
  351.57,    97.44,   476.92
  349.46,    95.50,   602.00
  346.50,    94.77,   726.50
  352.04,   223.29,   478.51
  350.17,   221.66,   603.79
  347.75,   220.55,   728.61
  352.06,   348.49,   479.84
  349.84,   347.12,   606.18
  348.07,   345.68,   732.60
  477.65,    95.97,   479.36
  475.17,    94.67,   604.98
  471.24,    94.32,   729.45
  477.68,   222.05,   480.54
  475.13,   220.97,   606.04
  471.88,   220.34,   730.85
  477.17,   347.51,   481.85
  474.38,   346.26,   607.81
  472.10,   345.14,   733.87
  602.10,    96.30,   480.71
  599.06,    95.32,   606.52
  595.12,    94.81,   731.79
  602.72,   221.21,   482.00
  599.43,   220.27,   608.12
  595.60,   219.40,   734.46
  603.28,   346.85,   484.01
  600.07,   345.24,   610.06
  596.49,   343.81,   736.29
  349.23,    97.37,   599.76
  349.74,   100.98,   724.24
  350.44,   104.33,   848.19
  348.50,   223.53,   597.18
  349.53,   226.77,   722.12
  350.39,   229.55,   845.90
  346.78,   348.96,   595.10
  348.37,   351.84,   721.68
  349.66,   354.48,   845.74
  475.03,    97.85,   599.32
  474.57,   101.89,   723.74
  474.44,   105.02,   847.48
  473.53,   224.20,   595.99
  473.69,   227.94,   720.94
  474.50,   230.49,   844.93
  471.35,   349.44,   593.31
  472.45,   352.63,   719.52
  474.11,   355.58,   843.61
  598.98,    99.88,   597.39
  598.39,   103.73,   722.75
  598.74,   106.49,   848.08
  597.98,   224.87,   594.54
  597.53,   228.33,   720.96
  598.23,   230.50,   846.38
  597.22,   349.86,   592.08
  597.09,   352.75,   718.39
  598.09,   355.18,   842.74
  347.72,   223.86,    99.58
  348.79,   225.52,   224.25
  350.10,   226.24,   348.96
  347.27,   348.44,    98.54
  348.68,   349.22,   223.03
  349.23,   350.55,   347.07
  346.86,   473.34,    97.15
  348.21,   473.87,   221.87
  348.13,   475.63,   345.59
  472.18,   224.81,    98.02
  473.35,   226.17,   222.70
  475.67,   226.83,   347.48
  472.08,   350.06,    97.48
  473.54,   350.99,   221.95
  474.56,   351.92,   345.91
  471.54,   475.34,    96.04
  473.30,   476.24,   220.99
  473.33,   477.45,   344.40
  597.38,   226.16,    97.37
  598.47,   227.09,   221.89
  600.94,   227.85,   345.76
  596.62,   352.46,    96.39
  598.05,   353.42,   220.97
  599.88,   353.97,   344.70
  595.77,   477.97,    94.82
  597.50,   479.28,   219.66
  598.44,   479.85,   343.32
  348.61,   226.51,   227.20
  347.69,   227.70,   351.91
  347.21,   229.20,   477.07
  349.26,   350.21,   225.50
  347.57,   352.02,   349.53
  345.97,   354.33,   474.52
  349.54,   474.88,   223.86
  347.24,   477.12,   347.59
  345.01,   479.51,   472.28
  473.21,   226.41,   227.88
  473.30,   227.55,   352.67
  472.86,   229.37,   477.86
  474.13,   351.24,   226.62
  472.90,   352.64,   350.59
  471.04,   354.72,   475.28
  474.64,   476.51,   225.19
  472.40,   478.17,   348.58
  469.62,   480.01,   472.68
  598.35,   226.58,   229.22
  598.61,   227.82,   353.13
  598.00,   229.87,   478.09
  598.68,   352.90,   227.84
  598.27,   353.91,   351.57
  597.18,   355.48,   476.20
  598.85,   478.79,   226.06
  597.55,   479.79,   349.71
  596.19,   480.78,   474.26
  351.40,   223.61,   348.74
  349.51,   220.75,   473.90
  347.47,   218.64,   599.16
  354.32,   347.88,   350.69
  351.29,   345.91,   475.68
  348.87,   344.13,   601.95
  356.98,   472.95,   353.01
  353.25,   471.02,   477.70
  350.54,   468.91,   604.26
  476.97,   220.30,   350.90
  475.18,   217.73,   476.13
  472.50,   216.17,   601.62
  479.61,   345.40,   353.15
  476.42,   343.21,   477.88
  473.41,   341.55,   603.78
  482.09,   470.89,   355.40
  477.94,   468.37,   479.61
  475.07,   465.99,   605.93
  602.22,   217.42,   352.75
  600.20,   215.15,   477.74
  596.77,   213.80,   603.82
  604.95,   343.49,   355.52
  602.45,   340.82,   480.16
  599.04,   338.82,   606.18
  607.30,   469.35,   358.00
  604.64,   466.02,   482.69
  601.84,   463.36,   608.60
  349.28,   222.61,   475.80
  352.20,   224.64,   601.08
  354.54,   227.23,   725.98
  351.37,   347.75,   473.38
  353.83,   350.02,   599.64
  356.77,   352.27,   726.13
  353.68,   472.87,   471.20
  355.80,   474.83,   597.60
  358.86,   476.76,   724.81
  474.93,   219.29,   473.12
  477.17,   221.86,   598.59
  478.64,   224.93,   723.52
  476.52,   344.74,   470.68
  478.44,   347.10,   596.53
  480.83,   349.61,   722.68
  478.44,   469.95,   468.24
  480.43,   471.60,   594.36
  483.62,   473.81,   721.23
  599.97,   216.38,   469.82
  601.55,   219.08,   595.84
  602.42,   221.87,   722.29
  602.56,   342.08,   468.07
  604.26,   344.08,   594.00
  605.39,   346.26,   720.34
  605.03,   467.39,   466.39
  607.37,   468.70,   592.24
  609.27,   470.76,   717.84
  350.32,   224.52,   602.24
  350.27,   228.76,   727.16
  350.11,   232.44,   850.86
  347.50,   349.89,   599.23
  348.05,   353.75,   725.79
  348.27,   357.33,   849.71
  345.06,   474.70,   595.63
  345.64,   478.25,   722.83
  346.05,   481.81,   847.63
  475.26,   226.36,   602.05
  474.38,   231.06,   726.98
  474.27,   234.47,   850.89
  472.03,   351.49,   598.44
  472.12,   355.65,   724.64
  472.79,   359.58,   848.56
  469.48,   476.02,   594.62
  470.34,   479.86,   721.59
  471.31,   484.28,   846.06
  599.67,   228.12,   601.68
  598.20,   232.51,   728.11
  598.03,   235.54,   853.30
  597.88,   353.02,   598.25
  596.71,   356.88,   724.48
  596.82,   360.28,   848.59
  596.38,   477.61,   594.77
  596.09,   481.36,   720.46
  596.26,   485.11,   844.37
  352.32,   349.57,    99.51
  350.24,   346.79,   223.95
  347.33,   344.55,   347.99
  356.81,   474.39,   101.82
  354.62,   471.39,   226.42
  351.07,   469.54,   350.10
  360.40,   599.37,   103.57
  358.12,   597.21,   228.33
  354.49,   595.41,   352.64
  477.00,   346.35,   101.83
  474.98,   343.65,   226.21
  472.59,   340.99,   350.21
  481.36,   471.64,   104.11
  479.62,   468.88,   228.89
  476.16,   466.41,   352.26
  484.86,   596.87,   106.13
  482.93,   594.55,   230.71
  479.54,   592.41,   354.43
  601.42,   343.84,   104.18
  599.46,   341.04,   228.60
  597.89,   337.98,   352.32
  605.46,   469.50,   106.26
  603.74,   467.00,   230.93
  601.33,   463.85,   354.59
  609.37,   593.97,   108.38
  607.18,   591.75,   232.74
  604.31,   589.32,   356.67
  349.63,   347.09,   224.53
  346.29,   346.59,   348.57
  343.09,   346.60,   473.56
  348.00,   471.71,   225.13
  344.04,   471.63,   348.84
  340.24,   471.72,   473.59
  345.53,   597.52,   225.18
  341.45,   597.51,   349.58
  337.56,   597.32,   474.28
  474.46,   349.97,   227.32
  471.57,   349.07,   351.28
  468.11,   348.86,   476.00
  473.06,   475.20,   228.11
  469.13,   474.55,   351.49
  464.69,   474.09,   475.65
  470.34,   600.92,   228.02
  466.55,   600.58,   351.84
  462.45,   600.02,   475.95
  599.00,   353.51,   230.20
  596.91,   352.20,   353.92
  594.13,   351.49,   478.56
  597.26,   479.35,   230.65
  594.26,   478.03,   354.28
  591.18,   476.73,   478.85
  594.67,   604.06,   230.58
  591.27,   603.52,   354.50
  588.35,   602.54,   478.93
  348.86,   347.14,   351.20
  345.03,   345.27,   476.18
  341.83,   343.57,   602.47
  345.43,   472.15,   353.27
  341.01,   470.35,   478.04
  337.55,   468.36,   604.64
  341.68,   597.99,   355.86
  337.19,   595.89,   480.55
  333.55,   593.48,   606.07
  474.10,   350.71,   354.58
  470.00,   348.63,   479.30
  466.20,   347.05,   605.23
  470.45,   476.16,   356.58
  465.41,   473.80,   480.78
  461.72,   471.53,   607.12
  466.72,   602.14,   358.77
  462.01,   599.67,   482.89
  458.46,   596.99,   608.55
  599.42,   354.94,   357.90
  595.99,   352.34,   482.55
  591.79,   350.41,   608.56
  595.59,   480.69,   360.08
  591.90,   477.51,   484.69
  588.35,   474.94,   610.65
  591.44,   606.14,   362.12
  587.94,   603.25,   486.58
  585.38,   600.31,   612.23
  349.34,   349.22,   475.27
  347.26,   348.83,   601.60
  345.65,   348.35,   728.12
  351.31,   474.37,   475.90
  348.93,   473.65,   602.45
  347.40,   472.89,   729.69
  353.62,   600.00,   477.18
  351.08,   598.88,   602.66
  349.28,   597.48,   729.01
  474.44,   346.58,   477.14
  471.79,   346.29,   603.07
  469.67,   346.14,   729.19
  475.97,   471.78,   477.46
  473.43,   470.78,   603.76
  472.07,   470.38,   730.68
  478.63,   597.72,   478.37
  476.32,   596.30,   604.04
  475.12,   595.16,   730.77
  600.50,   344.26,   479.10
  597.48,   343.63,   605.13
  594.08,   343.20,   731.41
  602.63,   469.50,   480.19
  600.25,   468.21,   606.12
  597.53,   467.68,   731.74
  604.70,   595.23,   480.98
  603.39,   593.58,   606.61
  602.02,   592.37,   732.25
  348.63,   351.05,   602.65
  345.90,   354.27,   729.19
  342.77,   357.13,   853.00
  346.04,   475.87,   599.66
  343.36,   478.78,   726.85
  340.39,   481.63,   851.50
  343.88,   601.08,   596.14
  340.89,   603.36,   722.25
  337.96,   605.88,   847.90
  473.10,   352.89,   605.22
  469.92,   356.42,   731.36
  467.33,   359.67,   855.05
  470.46,   477.41,   602.04
  468.03,   480.65,   728.96
  465.65,   484.44,   853.21
  469.03,   602.97,   598.51
  466.67,   605.45,   725.10
  463.92,   608.58,   850.59
  598.84,   354.63,   608.40
  594.38,   357.87,   734.53
  591.42,   360.60,   858.29
  597.28,   479.22,   605.49
  593.64,   482.37,   731.07
  590.59,   485.50,   854.79
  596.03,   604.67,   602.12
  593.75,   607.07,   727.84
  590.00,   609.87,   852.52
  352.44,   474.62,   100.43
  354.90,   473.02,   225.09
  355.98,   472.57,   348.78
  350.61,   599.59,   100.72
  352.96,   598.87,   225.55
  353.97,   598.50,   349.91
  348.07,   724.85,   100.73
  350.39,   725.54,   225.89
  351.83,   724.69,   351.19
  477.04,   477.33,    98.14
  479.96,   476.05,   223.05
  481.17,   475.03,   346.45
  475.01,   602.56,    98.67
  477.79,   601.72,   223.39
  479.11,   601.05,   347.20
  472.51,   727.15,    98.74
  475.16,   727.31,   223.09
  477.08,   726.87,   348.12
  601.22,   480.58,    95.75
  604.09,   479.72,   220.55
  606.27,   478.07,   344.25
  599.59,   605.08,    96.46
  602.13,   604.29,   220.91
  603.81,   603.43,   344.87
  597.56,   728.44,    96.79
  599.79,   727.67,   220.97
  601.37,   727.91,   345.55
  351.55,   475.43,   225.42
  350.74,   476.40,   349.15
  349.98,   477.52,   473.85
  350.52,   601.31,   224.47
  349.64,   602.34,   348.89
  348.85,   603.17,   473.54
  348.86,   727.99,   223.39
  348.40,   728.56,   348.75
  347.99,   728.48,   473.66
  476.65,   477.51,   225.25
  475.92,   477.90,   348.66
  474.67,   478.44,   472.78
  475.38,   603.22,   224.16
  474.80,   603.95,   348.02
  473.93,   604.42,   472.11
  473.66,   728.84,   222.45
  473.69,   729.81,   347.54
  473.69,   730.09,   472.38
  600.85,   480.22,   224.62
  601.08,   479.96,   348.31
  601.30,   479.67,   472.90
  599.76,   604.86,   223.56
  599.54,   605.39,   347.54
  599.86,   605.47,   472.02
  598.31,   728.29,   222.21
  598.02,   729.93,   346.83
  598.79,   731.06,   471.68
  351.43,   474.35,   349.37
  353.19,   478.28,   473.96
  355.85,   481.96,   600.31
  354.37,   600.21,   346.21
  356.09,   603.87,   470.72
  358.62,   607.18,   595.98
  357.16,   726.41,   343.13
  359.31,   729.17,   467.93
  361.80,   732.15,   592.32
  476.59,   471.75,   346.45
  477.91,   475.12,   470.47
  480.49,   478.50,   596.56
  479.48,   597.73,   342.94
  481.15,   601.03,   466.89
  483.97,   604.05,   592.31
  482.33,   723.49,   339.51
  484.90,   726.66,   464.24
  488.27,   729.65,   589.29
  601.68,   469.76,   343.66
  604.50,   472.30,   468.14
  607.43,   475.34,   593.94
  604.15,   595.15,   340.02
  607.03,   598.01,   464.42
  610.96,   600.77,   589.88
  606.57,   719.49,   336.38
  609.75,   723.45,   461.07
  614.56,   726.39,   586.39
  349.39,   472.94,   475.44
  345.51,   471.21,   601.96
  342.44,   469.42,   729.17
  352.40,   598.54,   477.78
  348.34,   596.39,   603.26
  345.00,   593.98,   729.59
  355.75,   723.81,   480.59
  351.55,   721.31,   604.94
  347.95,   718.49,   729.22
  473.96,   469.58,   478.50
  469.89,   467.58,   604.78
  467.00,   466.17,   731.67
  477.32,   595.48,   480.46
  473.46,   593.04,   606.13
  470.71,   590.90,   732.86
  481.37,   721.13,   483.43
  477.94,   718.58,   608.44
  474.84,   715.58,   733.53
  600.56,   466.51,   482.71
  596.58,   464.23,   608.62
  592.32,   462.72,   734.23
  603.38,   592.20,   484.58
  600.47,   589.54,   610.18
  597.48,   587.37,   735.80
  606.51,   717.83,   486.86
  604.70,   715.10,   612.25
  602.56,   711.84,   737.86
  347.98,   475.10,   599.39
  351.88,   475.28,   726.58
  355.62,   475.58,   851.18
  351.07,   600.32,   598.53
  354.76,   599.90,   724.79
  358.54,   599.88,   850.50
  354.58,   725.28,   598.17
  358.05,   724.48,   722.39
  361.83,   724.21,   848.48
  472.40,   471.29,   595.14
  476.52,   471.78,   722.05
  480.74,   472.82,   846.35
  476.23,   596.83,   594.36
  480.57,   596.60,   721.02
  484.52,   597.06,   846.40
  480.95,   722.44,   594.68
  485.08,   721.40,   719.73
  488.37,   720.90,   845.81
  599.22,   467.77,   592.04
  602.07,   468.14,   717.73
  605.41,   468.42,   841.66
  603.16,   593.19,   591.45
  607.47,   592.87,   717.13
  610.47,   592.80,   841.66
  607.38,   718.87,   591.41
  612.69,   717.51,   717.06
  615.37,   716.98,   842.95
  351.43,   601.42,   102.42
  353.67,   600.61,   227.23
  354.59,   600.13,   351.59
  349.60,   726.71,   102.48
  351.81,   727.31,   227.68
  353.17,   726.32,   352.97
  347.88,   852.43,   103.40
  350.34,   853.41,   228.77
  351.88,   852.04,   353.94
  475.85,   603.68,   100.47
  478.52,   602.74,   225.14
  479.73,   601.96,   348.96
  474.06,   728.26,   100.55
  476.60,   728.34,   224.96
  478.43,   727.78,   349.99
  472.40,   852.51,    99.82
  475.62,   853.39,   225.64
  476.92,   853.39,   351.05
  600.44,   605.49,    98.33
  602.87,   604.59,   222.75
  604.46,   603.61,   346.72
  599.12,   728.81,    98.72
  601.23,   727.96,   222.93
  602.72,   728.11,   347.50
  596.98,   852.18,    97.86
  599.70,   851.49,   223.76
  601.09,   852.54,   348.53
  351.75,   600.63,   226.97
  350.02,   598.76,   351.35
  348.40,   596.72,   475.98
  353.31,   727.31,   228.77
  352.02,   724.93,   354.07
  350.76,   722.01,   478.93
  355.29,   853.39,   231.17
  354.14,   850.65,   356.36
  352.92,   847.32,   481.36
  476.62,   599.29,   227.48
  475.16,   597.12,   351.28
  473.39,   594.69,   475.35
  478.11,   724.90,   228.68
  477.28,   722.93,   353.66
  476.44,   720.36,   478.44
  480.50,   849.92,   230.73
  479.15,   848.52,   356.08
  478.33,   846.22,   481.53
  600.98,   597.78,   227.69
  599.94,   595.37,   351.62
  599.43,   592.49,   476.12
  602.72,   721.20,   229.22
  601.62,   719.96,   353.77
  601.61,   718.11,   478.57
  604.54,   844.58,   231.40
  603.33,   844.33,   356.14
  603.41,   843.32,   481.52
  351.07,   600.68,   349.63
  348.60,   602.87,   474.28
  346.96,   604.74,   599.68
  347.86,   726.84,   348.11
  345.75,   728.13,   473.03
  343.99,   729.63,   597.37
  344.80,   852.52,   346.17
  342.73,   853.33,   471.15
  341.18,   854.78,   595.37
  476.17,   604.31,   350.39
  473.63,   606.14,   474.50
  472.22,   607.73,   600.04
  473.10,   730.11,   348.54
  471.42,   731.76,   473.38
  470.40,   733.28,   598.44
  469.86,   855.71,   346.68
  467.94,   857.61,   472.09
  467.16,   859.05,   597.24
  600.87,   607.74,   351.55
  599.55,   609.20,   476.04
  599.25,   610.53,   601.61
  597.39,   732.25,   349.46
  596.52,   734.75,   474.34
  597.07,   736.16,   599.73
  594.03,   856.72,   347.59
  593.03,   860.03,   473.05
  593.02,   861.53,   598.28
  349.10,   598.47,   475.68
  345.40,   595.14,   601.13
  342.43,   591.53,   727.45
  345.44,   723.67,   479.56
  341.60,   719.97,   603.84
  338.35,   715.97,   728.05
  341.63,   848.77,   482.86
  338.03,   844.96,   606.82
  335.10,   841.09,   729.98
  474.03,   602.39,   478.13
  470.50,   598.76,   603.70
  468.09,   595.37,   730.39
  471.06,   727.96,   482.15
  467.92,   724.22,   607.09
  465.12,   720.02,   732.04
  466.86,   853.77,   486.08
  464.12,   849.82,   610.92
  461.65,   844.88,   734.18
  599.97,   606.11,   481.93
  597.52,   602.21,   607.49
  595.03,   598.74,   733.17
  596.24,   731.66,   485.35
  594.72,   727.75,   610.68
  592.91,   723.23,   736.18
  592.01,   856.96,   489.27
  590.14,   853.01,   614.35
  588.42,   847.95,   739.20
  346.86,   600.36,   597.84
  345.41,   600.66,   724.08
  344.03,   601.27,   849.80
  349.63,   725.32,   596.85
  347.94,   725.24,   721.01
  346.61,   725.70,   847.02
  352.55,   850.58,   596.22
  351.29,   850.56,   719.47
  349.91,   851.09,   845.07
  472.02,   597.56,   598.78
  471.21,   598.09,   725.49
  470.00,   599.31,   850.93
  476.03,   723.16,   598.44
  474.92,   722.87,   723.45
  473.05,   723.17,   849.59
  478.77,   848.91,   598.66
  477.93,   847.87,   722.06
  476.64,   848.26,   848.19
  599.03,   594.59,   600.97
  598.15,   595.06,   726.70
  595.96,   595.88,   851.28
  602.68,   720.25,   600.31
  602.67,   719.66,   725.95
  599.95,   720.05,   851.89
  604.70,   845.55,   600.18
  604.66,   844.45,   725.38
  603.32,   845.23,   852.45
  475.64,   100.65,   100.38
  472.27,   101.35,   224.68
  470.56,    99.91,   350.17
  473.88,   226.06,   100.74
  470.70,   225.92,   225.37
  468.60,   225.15,   350.17
  473.56,   351.29,   101.61
  470.64,   350.71,   226.01
  467.20,   350.20,   349.96
  600.66,   102.02,   104.03
  597.25,   102.23,   228.11
  595.38,   101.53,   352.73
  598.98,   227.66,   104.54
  595.81,   227.07,   228.90
  593.89,   226.37,   352.81
  598.01,   353.99,   104.96
  595.17,   353.34,   229.39
  592.53,   352.41,   353.10
  725.94,   103.45,   107.77
  722.46,   103.35,   232.05
  719.64,   103.63,   355.92
  724.22,   229.09,   108.76
  721.24,   228.40,   233.16
  718.76,   228.71,   355.90
  722.32,   356.35,   108.41
  719.40,   356.06,   232.90
  717.63,   355.10,   356.52
  474.90,    98.68,   223.16
  477.20,    95.81,   348.65
  479.06,    93.32,   474.65
  474.01,   223.25,   225.35
  476.00,   220.98,   350.16
  477.52,   219.30,   475.39
  474.65,   348.06,   227.48
  475.30,   346.09,   351.47
  475.42,   344.80,   476.22
  599.86,    98.92,   222.61
  601.95,    96.83,   347.24
  603.55,    95.27,   472.89
  599.15,   223.68,   224.90
  601.27,   221.51,   348.79
  602.58,   220.13,   473.72
  599.20,   349.99,   226.88
  600.67,   347.61,   350.62
  601.51,   345.82,   475.25
  725.11,    99.37,   222.53
  726.29,    98.19,   346.52
  727.22,    96.98,   471.32
  724.64,   224.22,   225.26
  726.13,   223.14,   348.01
  726.88,   222.14,   471.91
  723.46,   351.95,   226.46
  725.71,   349.61,   350.06
  727.30,   347.42,   474.60
  474.13,   100.47,   348.44
  473.85,   101.74,   474.44
  472.39,   104.68,   600.09
  476.55,   225.63,   346.07
  475.79,   227.91,   471.23
  474.14,   231.19,   596.71
  479.60,   350.70,   343.57
  477.42,   353.24,   468.18
  475.42,   356.26,   594.06
  598.90,    97.83,   349.28
  598.32,   100.07,   474.93
  596.25,   103.40,   600.77
  601.81,   222.52,   346.98
  600.91,   225.04,   471.87
  598.60,   228.43,   597.91
  604.87,   348.63,   344.98
  603.53,   350.68,   469.53
  601.33,   353.34,   595.47
  723.17,    95.64,   350.80
  721.91,    98.26,   475.59
  719.66,   101.04,   601.34
  726.64,   220.48,   348.43
  725.21,   223.37,   472.34
  722.62,   225.69,   598.81
  729.83,   346.96,   346.68
  729.26,   348.66,   471.17
  726.90,   350.64,   597.09
  478.21,    98.88,   474.55
  476.42,   103.17,   600.17
  473.11,   108.64,   724.46
  477.11,   224.97,   469.98
  475.12,   229.60,   595.41
  472.49,   234.67,   720.39
  475.65,   350.33,   465.55
  473.31,   354.70,   591.36
  471.59,   359.24,   717.60
  602.68,   100.33,   475.28
  600.27,   104.99,   601.08
  596.84,   110.20,   726.44
  602.23,   225.25,   470.86
  599.59,   229.98,   596.86
  596.33,   234.78,   723.26
  601.74,   350.88,   467.15
  599.23,   354.88,   593.03
  596.27,   359.14,   719.25
  726.27,   101.56,   476.17
  723.68,   105.63,   601.93
  720.93,   109.77,   728.97
  726.57,   226.73,   471.62
  723.68,   230.36,   598.04
  720.36,   233.66,   726.39
  727.54,   351.97,   469.08
  724.92,   355.29,   594.93
  721.14,   358.83,   721.24
  476.10,   100.29,   600.03
  472.15,   103.14,   724.43
  468.56,   105.03,   848.14
  472.53,   226.70,   597.83
  469.27,   229.19,   722.77
  466.65,   230.52,   846.66
  468.35,   351.88,   596.35
  466.04,   353.87,   722.58
  464.26,   355.63,   846.57
  599.94,   104.40,   601.57
  595.88,   107.04,   726.95
  592.81,   108.49,   852.17
  596.90,   229.43,   599.92
  593.03,   231.68,   726.29
  590.40,   232.59,   851.43
  594.13,   354.36,   598.63
  590.57,   356.08,   724.87
  588.29,   357.36,   848.97
  723.29,   107.32,   603.04
  719.92,   108.94,   730.11
  717.94,   110.61,   856.75
  720.96,   232.08,   601.77
  717.00,   232.86,   730.14
  714.83,   233.95,   856.71
  719.80,   357.02,   601.17
  715.36,   358.02,   727.50
  712.71,   358.59,   852.41
  472.08,   225.67,    99.77
  475.62,   228.17,   224.38
  480.27,   230.01,   349.07
  469.55,   350.82,    98.14
  473.36,   352.94,   222.54
  476.70,   355.07,   346.43
  466.58,   476.00,    95.61
  470.65,   478.11,   220.49
  473.01,   480.54,   343.85
  597.21,   229.43,    96.73
  600.64,   231.54,   221.22
  605.43,   233.50,   345.00
  594.03,   355.61,    94.64
  597.78,   357.82,   219.19
  601.91,   359.57,   342.86
  590.73,   480.99,    91.97
  594.79,   483.55,   216.80
  598.01,   485.36,   340.39
  722.36,   233.26,    93.89
  725.97,   235.05,   218.85
  730.23,   238.04,   341.57
  718.42,   360.08,    91.18
  721.80,   362.75,   215.91
  726.75,   364.50,   339.58
  714.97,   485.30,    88.38
  717.98,   488.64,   212.40
  722.73,   490.04,   337.14
  473.17,   222.81,   225.48
  476.33,   222.99,   350.28
  478.97,   223.82,   475.47
  475.93,   347.64,   225.15
  477.77,   348.12,   349.13
  479.02,   349.26,   473.81
  478.29,   472.93,   224.63
  479.12,   473.65,   348.02
  479.41,   474.52,   472.13
  598.28,   221.08,   223.86
  601.57,   221.39,   347.75
  604.05,   222.47,   472.65
  600.43,   347.41,   223.40
  603.10,   347.51,   347.13
  605.15,   348.16,   471.71
  602.45,   473.37,   222.51
  604.26,   473.44,   346.20
  606.08,   473.48,   470.79
  723.77,   219.40,   223.07
  726.41,   220.83,   345.83
  728.34,   222.33,   469.70
  724.68,   347.16,   221.87
  728.06,   347.36,   345.43
  730.88,   347.65,   469.91
  725.74,   473.48,   219.82
  729.21,   473.11,   344.66
  732.72,   472.74,   470.03
  476.70,   222.49,   349.69
  474.97,   225.16,   474.86
  472.34,   228.85,   600.31
  479.05,   347.59,   346.80
  475.92,   350.53,   471.43
  472.97,   353.95,   597.31
  481.33,   473.09,   343.98
  477.24,   475.77,   467.99
  474.35,   478.51,   594.08
  601.96,   220.05,   351.52
  600.05,   222.98,   476.46
  596.74,   226.79,   602.51
  604.35,   346.14,   349.15
  602.00,   348.61,   473.72
  598.80,   351.69,   599.68
  606.40,   472.06,   346.49
  603.82,   473.89,   471.02
  601.26,   476.29,   596.84
  726.76,   218.71,   353.88
  724.32,   221.97,   477.87
  720.73,   224.66,   604.44
  729.35,   345.13,   351.79
  727.75,   347.23,   476.31
  724.34,   349.61,   602.27
  731.40,   470.84,   349.35
  730.51,   472.29,   474.66
  727.96,   474.57,   599.77
  475.58,   222.86,   474.96
  473.14,   225.70,   600.43
  470.03,   228.97,   725.34
  477.89,   348.25,   472.39
  475.12,   350.85,   598.28
  472.93,   353.61,   724.47
  480.54,   473.45,   469.81
  477.85,   475.35,   595.96
  476.40,   477.81,   722.89
  600.63,   219.31,   476.38
  597.49,   222.29,   602.46
  593.77,   225.33,   728.80
  603.94,   344.96,   474.50
  600.89,   347.21,   600.49
  597.42,   349.68,   726.75
  607.15,   470.21,   472.70
  604.75,   471.79,   598.55
  602.00,   474.13,   724.15
  724.80,   216.94,   477.60
  721.38,   218.80,   604.18
  717.69,   220.37,   732.65
  729.59,   342.22,   476.86
  726.32,   343.75,   602.88
  722.07,   345.44,   729.45
  733.77,   467.25,   476.14
  731.32,   468.70,   601.27
  727.65,   470.51,   725.89
  477.52,   224.91,   599.80
  474.37,   226.94,   724.74
  471.92,   227.72,   848.64
  472.72,   350.10,   598.80
  470.53,   351.62,   724.99
  468.91,   352.85,   848.91
  468.60,   474.64,   597.65
  467.18,   475.85,   724.65
  465.85,   477.60,   849.05
  601.84,   228.29,   601.73
  598.10,   230.02,   728.18
  595.65,   230.40,   853.37
  598.48,   353.20,   600.94
  595.03,   354.42,   727.19
  592.91,   355.16,   851.27
  595.41,   477.80,   600.09
  592.80,   478.92,   725.79
  590.74,   480.05,   849.65
  725.86,   231.57,   603.45
  722.07,   231.77,   731.90
  720.15,   232.41,   858.48
  724.09,   356.50,   603.33
  719.80,   356.98,   729.69
  717.35,   357.04,   854.61
  722.19,   481.45,   602.78
  718.64,   482.02,   727.31
  715.55,   481.74,   851.31
  473.89,   351.01,    99.17
  477.35,   350.79,   223.60
  480.39,   350.56,   347.53
  475.79,   476.33,    98.87
  479.53,   476.10,   223.75
  481.57,   476.13,   347.12
  476.77,   601.61,    98.30
  480.39,   601.81,   222.99
  482.54,   602.17,   346.78
  598.39,   350.97,    96.09
  601.79,   350.78,   220.64
  605.67,   350.18,   344.34
  599.95,   476.54,    95.64
  603.65,   476.71,   220.41
  606.68,   476.11,   344.09
  601.33,   601.10,    95.25
  604.72,   601.35,   219.69
  607.24,   601.49,   343.63
  722.85,   350.53,    93.07
  725.97,   350.72,   217.88
  730.56,   350.21,   341.45
  724.17,   476.05,    92.38
  726.89,   476.97,   216.48
  731.54,   475.94,   341.32
  725.96,   599.65,    91.99
  728.42,   600.19,   215.75
  731.86,   600.24,   340.72
  477.48,   348.48,   223.73
  478.66,   347.32,   347.71
  479.26,   346.83,   472.41
  480.47,   473.77,   224.81
  480.62,   472.85,   348.22
  480.25,   472.07,   472.35
  482.12,   599.48,   225.01
  482.36,   598.89,   348.81
  482.33,   598.04,   472.88
  601.97,   347.66,   222.63
  603.97,   346.11,   346.36
  605.36,   345.13,   470.95
  604.61,   473.61,   223.34
  605.77,   472.03,   347.05
  606.93,   470.43,   471.67
  606.45,   598.28,   223.55
  607.11,   597.45,   347.53
  608.36,   596.17,   472.07
  726.23,   346.78,   221.75
  728.94,   345.35,   345.31
  731.05,   344.02,   469.77
  727.90,   473.09,   221.31
  730.74,   471.09,   346.18
  733.57,   469.10,   471.54
  730.14,   596.41,   221.47
  731.84,   595.48,   346.54
  734.59,   594.34,   472.09
  475.79,   349.72,   347.93
  474.66,   350.64,   472.63
  473.75,   352.04,   598.56
  479.42,   475.23,   347.08
  477.34,   475.87,   471.19
  476.52,   476.57,   597.39
  482.83,   601.24,   346.31
  481.13,   601.81,   470.38
  480.55,   602.13,   595.93
  601.08,   346.84,   348.27
  600.74,   347.28,   472.88
  599.56,   348.33,   598.88
  604.53,   472.74,   347.59
  603.96,   472.54,   472.20
  603.42,   472.92,   598.10
  607.52,   598.13,   346.72
  607.08,   598.27,   471.24
  607.59,   598.34,   596.82
  726.06,   344.39,   348.89
  726.46,   344.47,   473.40
  725.06,   344.82,   599.40
  729.51,   470.12,   348.43
  730.63,   469.53,   473.79
  730.05,   469.77,   598.97
  732.24,   594.50,   347.44
  733.30,   594.76,   472.97
  734.32,   595.00,   598.07
  473.91,   350.86,   473.73
  475.33,   352.09,   599.65
  477.29,   353.49,   725.84
  473.93,   476.14,   472.44
  475.46,   476.67,   598.65
  478.20,   477.76,   725.57
  475.08,   602.12,   471.79
  476.83,   602.27,   597.33
  479.76,   602.62,   723.98
  600.03,   350.13,   471.64
  601.20,   350.99,   597.61
  601.87,   352.07,   723.91
  600.54,   475.45,   471.06
  602.39,   475.65,   596.96
  603.88,   476.61,   722.59
  601.02,   601.25,   470.24
  603.86,   601.14,   595.82
  606.83,   601.37,   721.52
  725.83,   349.96,   469.87
  726.84,   350.13,   595.78
  726.70,   350.45,   722.29
  727.26,   475.08,   470.34
  729.14,   475.13,   595.52
  729.71,   475.59,   720.13
  727.18,   600.35,   469.58
  730.64,   600.41,   594.74
  733.17,   600.18,   719.20
  473.90,   351.31,   599.25
  471.71,   349.05,   725.38
  470.05,   346.47,   849.22
  476.41,   475.80,   602.06
  474.95,   473.25,   728.95
  473.58,   471.24,   853.08
  480.18,   601.29,   604.52
  478.88,   598.00,   731.18
  477.09,   595.48,   856.41
  599.67,   347.82,   601.35
  596.16,   345.26,   727.60
  593.99,   342.16,   851.76
  603.26,   472.37,   604.49
  600.43,   469.71,   730.06
  598.31,   466.95,   853.78
  607.25,   597.71,   607.14
  605.79,   594.34,   732.71
  602.88,   591.33,   857.12
  725.12,   344.50,   603.64
  720.78,   341.14,   730.25
  718.37,   337.46,   855.44
  729.83,   469.42,   607.06
  726.03,   466.19,   731.68
  722.96,   462.04,   855.71
  733.99,   594.57,   610.04
  731.96,   590.66,   734.33
  727.96,   586.44,   858.51
  476.32,   476.71,   101.68
  478.12,   476.58,   226.54
  478.20,   476.75,   349.94
  478.49,   601.97,   100.98
  480.15,   602.30,   225.66
  480.37,   602.80,   349.48
  480.19,   726.53,    99.79
  481.73,   727.83,   224.15
  482.56,   728.59,   349.19
  600.48,   475.78,   100.36
  602.28,   475.99,   225.12
  603.36,   475.50,   348.82
  603.08,   600.29,    99.83
  604.50,   600.66,   224.26
  605.11,   600.92,   348.24
  605.29,   723.57,    98.95
  606.36,   723.95,   223.15
  606.83,   725.37,   347.70
  724.59,   474.20,    98.93
  725.58,   475.07,   223.13
  728.37,   474.13,   348.01
  727.61,   597.71,    98.38
  728.21,   598.36,   222.25
  729.82,   598.50,   347.30
  730.31,   719.81,    97.77
  730.90,   719.55,   222.19
  730.89,   721.63,   346.36
  478.58,   473.16,   224.12
  481.16,   474.61,   347.47
  483.23,   476.18,   471.52
  478.80,   598.86,   222.01
  481.49,   600.65,   345.76
  483.90,   602.16,   469.75
  478.52,   724.40,   219.19
  481.81,   726.46,   344.17
  485.12,   727.85,   468.93
  602.70,   474.40,   220.26
  606.27,   475.22,   343.91
  609.88,   475.95,   468.45
  603.12,   599.06,   218.16
  606.18,   600.60,   342.06
  609.83,   601.72,   466.52
  603.16,   722.38,   215.74
  606.06,   725.00,   340.24
  610.01,   727.23,   464.98
  725.93,   475.30,   215.80
  731.11,   475.69,   340.59
  736.44,   476.02,   465.94
  726.80,   598.56,   213.68
  730.76,   599.98,   338.58
  735.84,   601.24,   464.06
  727.73,   719.71,   212.37
  730.10,   722.95,   336.46
  734.12,   725.80,   461.21
  476.30,   474.12,   348.35
  474.92,   473.27,   472.49
  474.80,   472.49,   598.73
  478.56,   600.16,   349.05
  477.53,   599.22,   473.14
  477.64,   598.05,   598.74
  480.86,   725.97,   349.93
  480.74,   724.90,   474.75
  481.34,   723.66,   599.84
  601.46,   472.77,   348.14
  601.55,   471.09,   472.74
  601.69,   469.99,   598.66
  603.31,   598.21,   348.74
  603.53,   596.84,   473.26
  604.70,   595.41,   598.87
  605.15,   722.72,   349.37
  605.81,   722.43,   474.20
  607.96,   721.06,   599.62
  726.47,   471.32,   348.25
  728.26,   469.23,   473.61
  728.36,   467.97,   598.81
  728.06,   595.73,   348.74
  729.80,   594.48,   474.26
  731.51,   593.21,   599.37
  729.21,   718.92,   348.96
  730.14,   719.20,   473.92
  733.14,   717.95,   599.81
  475.62,   474.92,   473.31
  472.38,   474.14,   599.53
  470.37,   473.95,   726.49
  473.20,   600.86,   473.92
  470.15,   599.71,   599.49
  468.26,   598.76,   726.19
  471.36,   726.50,   475.50
  468.72,   725.27,   600.52
  466.47,   723.53,   725.45
  602.20,   477.74,   476.72
  599.22,   476.64,   602.60
  595.95,   476.33,   728.24
  599.14,   603.51,   477.12
  597.17,   602.09,   602.70
  595.28,   601.06,   728.45
  596.50,   729.11,   478.10
  595.46,   727.74,   603.47
  594.27,   725.67,   729.02
  728.93,   480.85,   480.79
  725.93,   479.62,   605.86
  721.73,   478.75,   730.39
  725.31,   606.11,   481.22
  724.04,   604.82,   606.31
  721.76,   603.25,   730.76
  720.68,   730.87,   480.79
  720.71,   729.55,   606.70
  720.63,   727.33,   732.94
  471.88,   475.74,   599.87
  474.27,   478.81,   726.78
  476.73,   482.44,   851.03
  473.40,   601.31,   596.54
  475.95,   603.64,   723.17
  478.07,   606.62,   848.61
  475.72,   726.92,   594.38
  478.01,   728.45,   719.30
  479.53,   730.49,   845.38
  598.77,   474.51,   598.55
  599.93,   477.47,   724.18
  601.60,   480.35,   848.01
  600.41,   599.98,   595.40
  603.02,   602.21,   721.12
  604.20,   604.73,   845.76
  602.29,   725.67,   592.90
  605.75,   726.87,   718.51
  606.65,   728.94,   844.55
  725.54,   473.78,   597.49
  725.76,   476.23,   722.07
  726.45,   477.81,   846.08
  727.24,   599.04,   594.72
  729.42,   600.80,   719.18
  729.65,   602.24,   843.51
  727.37,   723.83,   591.74
  731.77,   724.88,   717.99
  732.76,   726.92,   844.06
  477.27,   601.15,    99.54
  474.78,   600.10,   224.22
  470.79,   599.24,   348.02
  475.94,   725.74,    99.69
  473.31,   725.74,   224.04
  469.94,   725.13,   349.07
  474.71,   849.97,    98.97
  472.75,   850.84,   224.71
  468.90,   850.80,   350.15
  601.89,   602.49,   102.59
  599.11,   601.51,   226.99
  595.51,   600.44,   350.90
  601.04,   725.75,   102.96
  597.90,   725.01,   227.17
  594.28,   725.10,   351.74
  599.40,   849.06,   102.23
  596.84,   848.57,   228.00
  593.08,   849.63,   352.79
  726.37,   602.89,   105.23
  722.84,   602.19,   229.18
  720.24,   601.06,   354.16
  726.08,   724.79,   106.05
  722.35,   723.54,   230.38
  718.22,   724.41,   354.53
  724.08,   847.78,   106.17
  720.87,   846.36,   232.48
  717.08,   848.20,   355.90
  475.46,   601.58,   225.02
  473.76,   603.59,   348.85
  471.79,   605.35,   472.95
  474.24,   727.18,   222.03
  473.17,   729.45,   347.09
  472.07,   731.01,   471.93
  473.96,   852.18,   219.82
  472.41,   855.06,   345.34
  471.10,   856.91,   470.75
  599.83,   602.76,   225.51
  598.51,   604.54,   349.46
  597.72,   605.90,   473.93
  598.89,   726.18,   222.88
  597.51,   729.09,   347.48
  597.19,   731.49,   472.33
  598.09,   849.66,   220.89
  596.59,   853.52,   345.70
  596.20,   856.76,   471.12
  723.61,   603.20,   225.41
  723.22,   604.89,   350.39
  723.90,   606.39,   475.83
  723.44,   724.46,   223.84
  721.50,   728.08,   347.97
  721.36,   731.11,   472.80
  722.18,   847.22,   223.13
  720.69,   851.82,   346.74
  720.02,   855.50,   470.17
  473.56,   599.01,   350.99
  472.43,   599.56,   475.09
  472.45,   599.87,   600.71
  471.06,   724.86,   350.45
  470.80,   725.21,   475.27
  471.22,   725.45,   600.34
  468.36,   850.53,   349.93
  467.96,   851.09,   475.34
  468.71,   851.20,   600.46
  598.32,   601.90,   350.74
  598.41,   602.04,   475.24
  599.50,   602.08,   600.86
  595.41,   726.51,   349.97
  595.96,   727.64,   474.82
  597.93,   727.75,   600.23
  592.57,   851.01,   349.40
  593.07,   852.95,   474.87
  594.65,   853.13,   600.12
  723.02,   604.18,   350.82
  724.58,   604.47,   476.29
  726.34,   604.65,   601.44
  719.36,   727.41,   349.60
  720.13,   729.21,   474.47
  723.07,   729.39,   600.37
  716.61,   851.19,   349.48
  716.84,   853.62,   473.05
  718.64,   853.72,   599.02
  473.96,   600.50,   475.28
  475.03,   599.79,   600.89
  477.26,   599.30,   727.59
  476.25,   726.18,   476.44
  477.78,   725.40,   601.51
  479.73,   724.08,   726.54
  477.32,   852.09,   477.53
  479.21,   851.16,   602.65
  481.43,   849.07,   726.07
  599.96,   599.06,   474.43
  602.08,   598.09,   600.05
  604.26,   597.51,   725.76
  601.37,   724.67,   474.96
  604.43,   723.76,   600.37
  607.49,   722.12,   726.03
  602.38,   849.91,   475.92
  605.10,   849.06,   601.18
  608.09,   846.93,   726.45
  726.20,   597.62,   474.49
  728.90,   596.80,   599.62
  730.61,   595.73,   724.06
  725.65,   722.37,   473.69
  729.59,   721.56,   599.57
  733.55,   719.78,   725.76
  726.05,   846.68,   473.07
  729.00,   845.73,   599.21
  733.14,   844.06,   727.93
  475.14,   598.23,   600.50
  473.97,   596.16,   727.22
  472.40,   594.83,   852.58
  473.74,   723.79,   602.67
  472.23,   720.90,   727.68
  469.99,   718.68,   853.87
  471.08,   849.48,   605.32
  469.86,   845.84,   728.66
  468.10,   843.76,   854.98
  602.22,   600.60,   603.06
  600.99,   598.43,   728.75
  598.34,   596.64,   853.29
  600.48,   726.22,   604.96
  600.04,   723.00,   730.55
  596.81,   720.88,   856.49
  597.04,   851.52,   607.36
  596.60,   847.79,   732.39
  594.81,   846.17,   859.48
  729.04,   603.34,   605.98
  727.41,   600.62,   730.40
  723.63,   597.69,   854.69
  725.70,   728.01,   607.55
  726.31,   724.65,   733.77
  722.77,   722.64,   859.58
  721.06,   852.25,   608.87
  721.78,   849.09,   737.44
  720.15,   848.76,   864.48
  599.04,    98.54,    99.21
  596.70,   100.86,   223.28
  596.04,   102.21,   347.89
  602.18,   224.08,    97.69
  600.11,   225.63,   222.16
  599.41,   227.01,   346.02
  605.99,   350.42,    96.12
  604.26,   351.98,   220.68
  602.97,   353.10,   344.39
  724.19,    95.32,   101.59
  721.85,    97.29,   225.98
  720.31,    99.52,   349.98
  727.40,   220.70,   100.60
  725.57,   221.98,   225.31
  724.26,   224.47,   348.04
  730.39,   347.78,    98.39
  728.46,   349.71,   223.10
  727.92,   350.95,   346.66
  849.33,    92.47,   103.79
  847.91,    94.68,   228.68
  845.18,    97.38,   352.86
  852.35,   217.17,   102.82
  851.18,   218.82,   228.32
  848.68,   222.07,   351.12
  855.62,   343.89,   100.27
  852.93,   345.82,   225.60
  852.09,   347.63,   349.40
  597.80,    99.73,   225.01
  602.60,    97.48,   349.61
  606.86,    95.83,   475.20
  600.35,   224.47,   227.39
  605.17,   222.17,   351.21
  609.16,   220.68,   476.07
  603.63,   350.80,   229.44
  607.83,   348.29,   353.12
  611.44,   346.34,   477.73
  722.92,    97.05,   222.15
  726.83,    95.69,   346.16
  730.47,    94.32,   470.94
  725.76,   221.76,   225.01
  729.92,   220.58,   347.71
  733.31,   219.50,   471.52
  727.80,   349.49,   226.31
  732.75,   347.06,   349.85
  737.05,   344.76,   474.31
  849.03,    95.24,   219.31
  851.83,    94.50,   343.46
  854.91,    92.57,   468.25
  851.35,   219.47,   222.48
  854.38,   219.00,   345.37
  857.03,   217.81,   469.06
  852.20,   346.56,   223.26
  856.81,   344.59,   347.08
  860.93,   342.67,   471.17
  598.97,   100.71,   349.00
  596.69,   102.81,   474.63
  592.92,   105.99,   600.47
  602.44,   225.46,   346.91
  599.81,   227.84,   471.77
  595.78,   231.09,   597.78
  606.06,   351.57,   345.09
  602.98,   353.46,   469.61
  599.04,   355.98,   595.52
  723.21,    97.99,   352.25
  720.21,   100.50,   477.00
  716.23,   103.18,   602.77
  727.24,   222.91,   350.07
  724.09,   225.63,   473.99
  719.77,   227.81,   600.46
  730.99,   349.36,   348.51
  728.70,   350.89,   473.01
  724.59,   352.73,   598.90
  848.06,    95.84,   356.28
  844.43,    97.59,   480.93
  840.97,    98.70,   606.05
  851.61,   220.47,   354.32
  847.67,   223.16,   477.94
  843.60,   223.87,   604.05
  855.12,   345.94,   352.40
  852.70,   347.96,   476.53
  848.74,   349.77,   602.28
  599.43,    97.15,   476.42
  595.73,   101.63,   602.19
  591.01,   106.68,   727.44
  602.93,   221.99,   472.19
  598.97,   226.58,   598.19
  594.40,   231.26,   724.52
  606.44,   347.60,   468.73
  602.58,   351.45,   594.61
  598.26,   355.55,   720.82
  723.00,    94.51,   478.83
  719.11,    98.48,   604.47
  715.01,   102.61,   731.22
  727.10,   219.54,   474.35
  722.88,   223.03,   600.81
  718.31,   226.21,   729.19
  732.05,   344.78,   472.02
  728.04,   347.94,   597.92
  722.95,   351.28,   724.35
  847.33,    91.38,   482.71
  843.98,    93.82,   607.67
  840.65,    96.65,   733.55
  850.69,   216.73,   478.38
  846.73,   218.70,   604.43
  843.06,   220.22,   732.54
  855.97,   341.54,   475.55
  852.12,   344.64,   601.28
  847.75,   347.47,   728.36
  599.37,   101.20,   601.90
  598.80,   104.68,   727.27
  599.26,   106.98,   852.60
  598.26,   226.20,   599.46
  597.86,   229.27,   725.89
  598.70,   230.98,   851.21
  597.43,   351.17,   597.38
  597.34,   353.69,   723.66
  598.48,   355.71,   847.87
  722.85,   102.19,   599.84
  722.97,   104.62,   726.74
  724.48,   107.08,   853.47
  722.35,   226.93,   597.70
  721.90,   228.46,   726.13
  723.22,   230.36,   853.02
  723.12,   351.89,   596.36
  722.20,   353.68,   722.80
  722.99,   355.08,   847.95
  847.67,   101.70,   598.86
  848.65,   102.70,   724.84
  849.95,   105.33,   851.48
  846.33,   227.11,   596.91
  846.75,   226.91,   725.00
  849.15,   229.13,   852.68
  847.46,   352.97,   595.35
  847.17,   354.28,   722.41
  848.44,   355.79,   847.68
  598.07,   224.01,   102.57
  599.65,   219.89,   226.94
  602.54,   215.66,   350.78
  596.97,   350.29,   106.60
  598.88,   346.12,   230.99
  601.12,   341.68,   354.68
  595.89,   475.88,   110.03
  597.98,   471.96,   234.65
  599.31,   467.49,   358.27
  723.38,   225.67,   101.95
  725.14,   221.28,   226.58
  727.36,   218.16,   349.27
  721.37,   352.77,   105.30
  723.17,   348.93,   229.87
  726.16,   344.54,   353.39
  719.86,   478.43,   108.22
  721.37,   475.10,   232.45
  724.48,   470.16,   357.28
  848.35,   227.19,   100.55
  850.73,   223.13,   226.07
  851.85,   220.74,   348.90
  846.54,   354.04,   103.58
  847.57,   350.26,   228.80
  850.35,   346.33,   352.61
  844.30,   479.92,   106.04
  845.18,   476.25,   230.94
  848.89,   471.53,   356.20
  599.16,   224.44,   223.66
  601.21,   225.43,   347.54
  602.45,   227.19,   472.43
  600.02,   350.79,   222.53
  601.43,   351.55,   346.26
  602.22,   352.85,   470.84
  600.75,   476.71,   220.99
  601.29,   477.46,   344.67
  601.79,   478.18,   469.21
  724.66,   224.13,   224.07
  726.10,   226.21,   346.83
  726.83,   228.33,   470.73
  724.26,   351.89,   222.16
  726.43,   352.72,   345.78
  728.05,   353.62,   470.32
  724.06,   478.11,   219.49
  726.25,   478.43,   344.33
  728.51,   478.73,   469.72
  850.27,   224.24,   224.32
  850.60,   227.05,   347.20
  850.58,   229.18,   470.85
  848.71,   351.44,   221.85
  850.65,   352.72,   345.75
  852.20,   354.01,   469.94
  847.88,   477.53,   218.70
  850.65,   477.99,   344.06
  853.03,   479.14,   468.82
  601.17,   222.84,   349.85
  601.94,   226.37,   474.74
  601.29,   230.76,   600.79
  597.80,   348.84,   346.84
  598.11,   351.93,   471.40
  597.63,   355.60,   597.34
  594.11,   474.65,   343.52
  594.04,   477.17,   467.96
  594.21,   480.17,   593.81
  726.00,   227.23,   349.47
  726.30,   231.09,   473.39
  725.39,   234.35,   599.86
  722.78,   353.61,   346.69
  723.95,   356.25,   471.25
  723.35,   359.23,   597.12
  719.00,   479.23,   343.49
  720.76,   481.28,   468.82
  721.09,   484.13,   593.98
  850.42,   231.66,   350.17
  850.04,   235.51,   473.83
  849.39,   237.44,   599.87
  846.99,   357.25,   347.00
  848.17,   360.24,   471.20
  847.71,   363.23,   596.89
  843.42,   482.46,   343.58
  845.43,   485.29,   468.42
  845.73,   488.61,   593.82
  600.30,   224.01,   475.93
  601.92,   227.42,   601.96
  602.93,   230.82,   728.46
  601.25,   349.66,   473.52
  603.05,   352.34,   599.49
  604.33,   355.21,   725.72
  602.04,   474.95,   471.12
  604.53,   476.97,   596.98
  606.66,   479.75,   722.53
  724.62,   223.89,   472.37
  725.98,   226.21,   598.80
  726.98,   228.06,   727.27
  727.03,   349.19,   471.14
  728.66,   351.18,   597.04
  729.17,   353.32,   723.48
  728.72,   474.29,   469.78
  731.25,   476.16,   594.93
  732.49,   478.44,   719.49
  848.33,   223.55,   470.62
  849.97,   224.41,   596.65
  851.87,   224.56,   724.61
  851.13,   348.39,   468.94
  852.90,   350.32,   594.62
  854.10,   352.02,   721.73
  853.18,   473.45,   467.07
  855.65,   475.85,   592.57
  856.87,   478.50,   718.42
  600.08,   225.95,   600.28
  598.92,   223.77,   726.70
  598.99,   220.25,   852.05
  597.55,   350.89,   603.53
  596.68,   348.18,   729.77
  597.15,   344.89,   853.89
  595.40,   475.45,   606.72
  595.32,   472.66,   732.34
  595.86,   469.77,   856.02
  724.14,   228.36,   599.39
  722.93,   224.62,   727.84
  723.55,   221.33,   854.75
  723.19,   353.26,   603.36
  721.45,   349.78,   729.82
  721.61,   345.91,   854.97
  722.17,   478.19,   606.82
  721.10,   474.82,   731.38
  720.61,   470.54,   855.40
  848.14,   230.19,   599.48
  847.79,   224.69,   727.53
  849.46,   221.72,   855.20
  847.56,   356.02,   603.22
  846.46,   352.02,   730.27
  847.16,   348.24,   855.49
  846.82,   481.47,   606.84
  845.77,   478.27,   732.36
  845.24,   473.84,   855.41
  600.10,   351.41,   101.62
  603.26,   348.55,   226.08
  606.84,   345.36,   349.77
  600.80,   477.01,   103.77
  604.19,   474.47,   228.45
  606.91,   471.24,   352.11
  601.35,   601.49,   105.98
  604.30,   599.15,   230.32
  606.53,   596.67,   354.25
  724.54,   351.97,    98.93
  727.49,   349.48,   223.63
  731.79,   346.37,   347.17
  724.89,   477.59,   100.69
  727.49,   475.71,   224.85
  731.93,   472.05,   349.72
  725.81,   601.04,   102.84
  728.02,   598.99,   226.72
  731.30,   596.44,   351.76
  849.81,   351.33,    95.82
  851.92,   348.81,   221.20
  855.91,   346.14,   345.06
  849.56,   477.13,    97.23
  851.32,   474.89,   222.03
  856.20,   471.41,   347.29
  849.47,   599.61,    99.82
  851.71,   598.11,   223.74
  856.26,   595.91,   349.11
  599.56,   349.79,   225.40
  603.92,   346.88,   349.07
  607.71,   344.54,   473.62
  600.23,   475.68,   227.51
  603.72,   472.76,   351.14
  607.30,   469.81,   475.75
  600.06,   600.39,   229.11
  603.08,   598.20,   353.01
  606.76,   595.53,   477.53
  723.74,   351.03,   222.11
  728.85,   348.18,   345.66
  733.37,   345.47,   470.07
  723.51,   477.23,   223.10
  728.69,   473.87,   347.91
  733.91,   470.51,   473.23
  723.78,   600.51,   224.71
  727.80,   598.25,   349.67
  732.95,   595.75,   475.16
  848.13,   350.72,   218.86
  852.97,   348.28,   342.73
  857.35,   345.93,   466.79
  847.25,   476.81,   219.36
  852.96,   473.55,   344.68
  858.20,   471.04,   469.28
  847.41,   599.92,   220.85
  852.72,   597.99,   346.23
  857.81,   596.30,   471.34
  600.07,   350.47,   349.90
  603.15,   353.60,   474.45
  605.41,   357.28,   600.39
  600.72,   476.36,   346.52
  603.54,   478.88,   471.02
  606.53,   481.91,   596.83
  600.96,   601.76,   342.95
  603.85,   604.65,   467.34
  607.85,   607.40,   592.82
  725.05,   350.77,   347.15
  728.95,   353.50,   471.65
  731.05,   356.51,   597.50
  725.64,   476.48,   343.92
  730.20,   478.58,   469.25
  733.25,   481.48,   594.34
  725.57,   600.80,   340.17
  729.90,   603.79,   465.58
  734.50,   606.73,   590.70
  849.21,   349.95,   344.87
  853.03,   353.02,   468.98
  855.30,   356.03,   594.63
  849.96,   475.20,   341.39
  854.63,   478.11,   466.04
  857.60,   481.56,   591.51
  850.47,   599.52,   337.43
  854.93,   603.26,   462.57
  858.45,   606.73,   588.02
  598.91,   351.01,   473.33
  599.36,   350.73,   599.32
  599.32,   350.67,   725.62
  601.18,   476.29,   473.89
  602.30,   475.35,   599.81
  603.04,   475.18,   725.44
  603.42,   602.06,   474.22
  605.57,   600.80,   599.82
  607.76,   599.90,   725.49
  724.71,   349.10,   472.25
  724.95,   348.14,   598.19
  724.08,   347.31,   724.76
  727.91,   474.19,   473.87
  728.99,   473.11,   599.05
  728.78,   472.42,   723.69
  729.62,   599.44,   474.28
  732.32,   598.35,   599.41
  734.01,   596.97,   723.84
  848.83,   346.92,   471.34
  849.18,   345.85,   597.09
  848.99,   344.44,   724.28
  852.38,   471.96,   472.47
  853.43,   471.36,   598.06
  853.25,   470.96,   723.89
  854.62,   597.20,   473.02
  856.30,   596.63,   598.56
  856.90,   595.55,   723.93
  599.08,   350.42,   600.52
  599.27,   351.83,   726.81
  600.76,   352.71,   850.98
  597.76,   475.04,   599.55
  598.79,   476.36,   725.22
  600.34,   477.60,   849.05
  596.75,   600.52,   598.07
  599.21,   601.12,   723.85
  600.23,   602.05,   848.48
  724.73,   351.98,   599.19
  724.10,   352.65,   725.66
  725.27,   352.93,   850.81
  724.56,   476.96,   598.57
  724.65,   477.75,   723.16
  725.20,   477.69,   847.21
  723.62,   602.22,   597.46
  725.69,   602.32,   721.96
  725.71,   602.15,   846.31
  849.07,   353.90,   597.88
  849.09,   354.11,   724.97
  850.73,   354.53,   850.19
  849.15,   479.40,   597.36
  849.24,   480.43,   723.05
  849.66,   480.39,   846.28
  847.85,   604.58,   596.42
  848.91,   604.80,   721.68
  849.49,   604.47,   845.64
  598.92,   475.33,    98.91
  597.28,   473.96,   223.70
  594.83,   471.91,   347.34
  599.52,   599.89,    99.96
  597.50,   598.71,   224.41
  594.61,   597.42,   348.32
  599.72,   723.22,   100.61
  597.32,   722.22,   224.80
  594.40,   722.08,   349.37
  723.02,   475.80,   100.95
  720.62,   475.05,   225.18
  719.87,   472.56,   349.97
  724.05,   599.31,   101.94
  721.23,   598.43,   225.87
  719.33,   597.05,   350.85
  724.78,   721.32,   102.95
  721.81,   719.78,   227.28
  718.38,   720.36,   351.46
  847.53,   475.31,   102.50
  844.44,   474.19,   227.38
  844.38,   471.91,   352.68
  847.63,   597.80,   103.90
  844.94,   597.41,   227.91
  844.37,   596.34,   353.39
  848.67,   719.50,   105.07
  846.59,   719.25,   230.19
  844.21,   719.95,   354.32
  600.99,   476.27,   223.69
  598.91,   474.37,   347.37
  596.73,   472.49,   471.90
  601.24,   600.95,   224.23
  598.71,   599.84,   348.18
  596.66,   598.28,   472.63
  601.12,   724.37,   224.48
  598.52,   724.43,   349.05
  596.97,   723.91,   473.87
  724.32,   477.29,   224.81
  723.95,   474.96,   349.66
  723.51,   472.66,   475.00
  724.98,   600.58,   225.35
  723.44,   599.39,   350.36
  722.93,   597.95,   475.82
  725.63,   721.87,   226.64
  722.52,   722.66,   350.80
  721.28,   722.75,   475.72
  848.17,   476.29,   226.71
  848.42,   474.21,   352.01
  848.13,   472.73,   476.81
  848.71,   599.51,   227.09
  848.49,   598.66,   352.53
  848.04,   597.99,   477.82
  850.44,   721.41,   229.27
  848.47,   722.31,   353.37
  846.85,   721.84,   478.58
  601.47,   475.29,   350.32
  602.24,   475.20,   474.94
  603.08,   475.66,   600.86
  598.68,   600.73,   349.37
  599.52,   600.97,   473.87
  601.38,   601.12,   599.47
  595.94,   725.32,   348.50
  597.21,   726.57,   473.33
  599.94,   726.79,   598.73
  726.50,   478.48,   349.79
  728.96,   477.98,   475.19
  729.82,   478.30,   600.33
  723.37,   602.85,   348.68
  725.69,   603.24,   474.16
  728.19,   603.53,   599.31
  719.90,   726.05,   347.38
  721.39,   727.97,   472.24
  725.04,   728.28,   598.13
  850.89,   480.29,   349.25
  853.44,   480.66,   474.01
  854.28,   481.49,   599.61
  848.37,   604.68,   347.96
  850.73,   605.84,   473.25
  852.26,   606.62,   598.75
  845.79,   728.21,   347.11
  846.94,   729.59,   472.22
  848.82,   729.71,   598.45
  599.46,   473.05,   472.84
  595.88,   470.05,   598.69
  592.02,   467.86,   724.39
  599.76,   598.80,   475.27
  597.18,   595.47,   600.81
  594.64,   592.60,   726.53
  600.45,   724.40,   478.18
  598.88,   721.11,   603.52
  597.14,   717.19,   729.07
  726.19,   472.76,   477.40
  722.58,   469.61,   602.50
  717.70,   466.88,   727.12
  726.04,   598.02,   479.92
  724.09,   594.83,   604.95
  721.06,   591.44,   729.29
  724.78,   722.79,   481.51
  724.26,   719.58,   607.35
  723.49,   715.50,   733.33
  850.72,   472.39,   480.60
  847.14,   469.69,   606.15
  842.39,   467.04,   731.68
  851.07,   597.65,   483.31
  848.27,   594.91,   608.74
  844.47,   591.57,   733.74
  850.33,   721.45,   485.86
  847.97,   718.17,   611.95
  845.79,   714.25,   738.04
  598.68,   472.76,   599.48
  599.07,   476.37,   725.11
  600.01,   479.89,   848.91
  595.89,   598.17,   595.70
  597.73,   601.06,   721.46
  598.20,   604.27,   846.12
  593.42,   723.85,   592.60
  596.02,   725.72,   718.16
  596.20,   728.41,   844.17
  725.44,   476.39,   599.06
  724.93,   479.46,   723.60
  724.87,   481.66,   847.58
  722.76,   601.58,   595.67
  724.25,   603.97,   720.16
  723.72,   606.08,   844.52
  718.58,   726.38,   592.05
  722.24,   728.06,   718.31
  722.46,   730.78,   844.45
  850.00,   480.54,   598.42
  849.49,   483.86,   724.04
  849.30,   486.05,   847.16
  847.00,   605.63,   595.19
  847.49,   608.09,   720.42
  847.48,   609.99,   844.43
  842.47,   728.80,   592.42
  844.61,   730.60,   718.93
  845.61,   733.23,   844.74
  601.12,   602.25,   101.67
  598.14,   603.81,   226.05
  594.32,   605.31,   349.96
  602.23,   725.53,    99.58
  598.91,   727.23,   223.74
  595.06,   729.90,   348.30
  602.49,   848.86,    96.30
  599.83,   850.68,   222.08
  595.86,   854.33,   346.84
  725.59,   600.78,   104.54
  721.88,   602.58,   228.48
  719.02,   603.99,   353.42
  727.27,   722.74,   102.85
  723.38,   723.87,   227.19
  718.99,   727.25,   351.30
  727.28,   845.79,   100.32
  723.88,   846.61,   226.85
  719.89,   850.99,   350.32
  849.06,   598.44,   107.41
  845.62,   600.71,   231.48
  844.10,   602.43,   356.90
  851.10,   720.07,   105.93
  848.19,   722.58,   231.08
  844.86,   726.02,   355.14
  852.90,   845.64,   103.38
  850.01,   846.82,   233.35
  846.38,   850.31,   355.58
  602.56,   602.03,   225.96
  602.55,   598.63,   349.90
  603.11,   594.74,   474.39
  601.64,   725.42,   228.52
  601.55,   723.18,   353.06
  602.57,   720.33,   477.85
  600.81,   848.93,   231.72
  600.62,   847.63,   356.46
  601.69,   845.57,   481.83
  726.33,   602.43,   224.60
  727.30,   599.00,   349.60
  729.38,   595.27,   475.09
  726.16,   723.69,   228.19
  725.58,   722.23,   352.32
  726.91,   720.00,   477.27
  724.95,   846.51,   232.71
  724.70,   845.97,   356.05
  725.34,   844.30,   479.59
  850.06,   602.16,   223.86
  852.32,   599.08,   349.24
  854.37,   596.15,   474.43
  851.04,   724.04,   228.38
  851.63,   722.74,   352.43
  852.55,   719.98,   477.61
  851.15,   848.38,   235.52
  851.45,   847.02,   357.64
  851.14,   843.81,   480.29
  601.11,   602.36,   347.42
  604.69,   604.28,   471.87
  609.37,   606.09,   597.38
  597.87,   726.86,   344.94
  601.80,   729.81,   469.70
  607.29,   731.72,   595.04
  594.72,   851.26,   342.67
  598.58,   855.02,   468.00
  603.53,   857.04,   593.18
  725.68,   604.88,   343.97
  730.67,   606.97,   469.39
  735.95,   608.95,   594.50
  721.79,   727.92,   341.11
  725.80,   731.56,   465.83
  732.03,   733.58,   591.65
  718.75,   851.59,   339.45
  722.29,   855.90,   462.75
  727.27,   857.83,   588.41
  850.58,   607.11,   340.49
  855.61,   609.95,   465.66
  859.75,   612.46,   591.14
  847.67,   730.54,   338.17
  851.47,   733.67,   463.10
  855.79,   735.37,   589.25
  845.22,   854.76,   338.37
  848.16,   857.85,   460.22
  851.32,   858.27,   586.26
  601.28,   602.49,   474.19
  603.57,   604.95,   599.75
  605.99,   607.72,   725.40
  600.44,   728.05,   471.33
  603.59,   730.61,   596.70
  606.81,   732.34,   722.29
  599.22,   853.27,   468.89
  601.87,   855.95,   594.13
  604.82,   857.23,   719.21
  727.45,   603.20,   474.10
  730.33,   605.81,   599.21
  732.37,   608.07,   723.68
  724.62,   727.88,   469.86
  728.58,   730.51,   595.70
  732.81,   732.11,   722.09
  722.97,   852.19,   465.97
  725.77,   854.76,   591.79
  729.68,   856.50,   720.41
  852.50,   604.26,   472.78
  854.35,   607.36,   598.26
  855.23,   609.81,   723.60
  850.30,   728.02,   469.48
  852.40,   730.40,   595.64
  854.75,   732.17,   722.20
  848.87,   852.11,   465.81
  849.85,   853.16,   592.10
  852.42,   855.07,   720.61
  601.23,   601.17,   601.15
  605.08,   600.80,   726.83
  607.40,   600.72,   851.37
  600.88,   726.84,   601.29
  605.54,   725.41,   726.91
  607.44,   725.03,   852.93
  598.83,   852.19,   601.94
  603.36,   850.27,   727.06
  606.75,   850.36,   854.24
  728.02,   602.55,   599.12
  731.45,   601.68,   723.57
  732.79,   600.50,   847.88
  725.95,   727.30,   598.83
  731.59,   725.74,   725.12
  733.50,   725.33,   851.11
  722.72,   851.58,   598.26
  728.30,   850.13,   726.89
  732.02,   851.35,   854.39
  852.09,   604.61,   596.68
  854.41,   603.97,   722.01
  856.45,   602.79,   845.91
  849.69,   727.76,   597.25
  853.53,   726.41,   723.72
  856.43,   725.88,   849.26
  846.64,   850.46,   597.04
  850.92,   849.27,   725.65
  855.29,   852.03,   852.59
