27, 125, pa2-debug-f-output1.txt
  195.07,   201.08,   205.81
  407.49,   406.64,   196.43
   99.21,   101.63,    99.16
   95.88,   103.78,   223.58
   92.09,   105.80,   348.94
   96.41,   226.87,    97.07
   93.40,   229.56,   221.96
   89.85,   230.97,   346.45
   93.50,   351.38,    94.76
   91.28,   353.34,   220.25
   88.58,   355.18,   345.25
  224.23,   103.87,   102.82
  221.55,   105.72,   226.92
  217.26,   107.92,   351.67
  221.89,   228.94,   101.39
  219.00,   231.05,   224.91
  214.77,   233.96,   348.70
  218.36,   353.62,    97.52
  216.01,   355.81,   222.56
  213.74,   358.40,   347.55
  347.93,   106.86,   105.55
  345.56,   108.80,   230.59
  342.08,   111.27,   354.65
  345.50,   231.32,   103.78
  342.80,   233.78,   228.84
  339.69,   236.21,   352.43
  343.07,   356.59,   101.58
  339.68,   359.41,   226.08
  337.70,   361.64,   350.03
  100.32,    99.74,   225.78
  100.35,    97.62,   350.89
  101.84,    95.42,   476.21
  100.85,   225.25,   228.06
  101.11,   222.76,   352.30
  102.16,   221.12,   477.45
  101.93,   348.87,   230.59
  102.65,   347.06,   355.45
  103.12,   345.30,   480.07
  225.99,    98.28,   225.13
  225.76,    96.82,   350.11
  226.19,    95.14,   475.31
  226.67,   224.01,   227.42
  225.73,   222.99,   351.01
  225.97,   221.12,   475.79
  226.61,   348.81,   229.11
  227.57,   347.70,   353.76
  228.34,   345.59,   478.84
  350.02,    98.75,   224.77
  350.48,    97.00,   349.16
  350.68,    95.49,   473.92
  350.00,   223.37,   227.08
  351.01,   221.88,   350.96
  351.66,   220.53,   475.52
  350.36,   349.19,   228.63
  351.86,   347.15,   352.83
  353.52,   345.13,   477.87
   99.84,    98.92,   349.11
   99.91,    98.34,   474.59
  101.36,    97.45,   599.10
   98.41,   224.27,   349.40
   98.52,   223.52,   474.67
   99.19,   223.13,   600.26
   98.23,   348.70,   351.47
   97.40,   347.98,   476.18
   96.20,   347.18,   601.53
  225.20,   100.12,   349.54
  224.12,   100.00,   474.79
  224.55,    99.61,   599.69
  223.36,   226.21,   349.48
  222.03,   225.82,   474.36
  222.83,   224.49,   599.78
  223.08,   351.07,   350.87
  222.39,   350.19,   475.86
  221.70,   348.37,   601.30
  350.03,   102.42,   349.88
  348.93,   102.22,   474.42
  348.03,   101.69,   599.55
  348.32,   227.40,   350.71
  347.64,   227.00,   475.14
  346.79,   225.65,   600.79
  347.43,   352.68,   351.21
  347.45,   351.74,   476.33
  347.31,   350.12,   602.20
  100.66,   101.31,   475.44
  104.42,   100.05,   600.26
  108.14,    98.72,   724.70
  101.13,   226.67,   476.40
  104.77,   225.82,   601.89
  108.27,   224.54,   726.55
  102.24,   351.25,   478.82
  104.21,   349.81,   604.08
  106.47,   348.05,   729.35
  224.75,   101.03,   473.57
  227.73,   100.24,   598.46
  231.84,    98.37,   723.43
  224.85,   226.61,   473.61
  228.08,   224.93,   599.34
  232.31,   222.71,   725.43
  227.85,   351.25,   476.15
  229.34,   348.81,   601.43
  231.48,   346.29,   727.07
  349.36,   101.12,   470.75
  351.07,    99.58,   595.60
  353.39,    97.81,   721.28
  350.88,   225.79,   471.96
  352.18,   224.03,   597.96
  354.17,   221.50,   724.28
  352.52,   350.44,   473.80
  354.95,   348.44,   600.05
  356.96,   346.73,   725.53
  100.37,    99.16,   600.34
   98.30,   102.52,   724.58
   94.13,   105.62,   850.29
   98.83,   224.91,   597.32
   96.24,   228.64,   722.24
   91.29,   232.68,   847.07
   96.49,   348.84,   594.74
   92.88,   352.10,   719.96
   89.83,   355.64,   844.26
  223.75,   100.88,   604.38
  222.32,   104.09,   729.49
  218.87,   106.69,   854.59
  222.42,   225.61,   600.39
  221.29,   228.21,   726.59
  218.11,   231.68,   851.72
  221.82,   349.45,   597.93
  217.77,   351.85,   723.37
  214.34,   355.29,   847.18
  346.95,   102.45,   607.62
  343.58,   104.99,   733.08
  341.38,   107.98,   858.24
  346.76,   226.48,   604.78
  342.94,   228.71,   731.04
  340.56,   231.57,   855.76
  347.35,   350.82,   602.07
  343.31,   353.66,   727.91
  339.63,   356.76,   851.26
  101.20,   224.68,    99.70
  100.98,   223.72,   224.24
   99.53,   222.26,   348.94
   97.21,   349.10,   100.36
   97.45,   347.72,   226.18
   96.85,   346.49,   350.84
   92.57,   473.59,   101.56
   93.17,   471.68,   227.30
   93.68,   471.52,   352.96
  226.69,   227.69,   101.42
  226.15,   226.80,   225.04
  224.28,   226.64,   348.96
  221.70,   352.11,   101.05
  221.97,   351.58,   225.92
  221.65,   351.27,   350.88
  217.05,   476.95,   101.06
  217.13,   475.71,   227.31
  219.08,   475.23,   352.54
  349.96,   231.50,   101.39
  349.49,   230.50,   226.25
  349.49,   230.13,   349.97
  346.35,   356.70,   102.13
  345.39,   356.32,   226.71
  345.91,   355.27,   350.99
  342.70,   481.98,   103.19
  341.83,   481.92,   227.76
  342.05,   480.39,   352.30
  100.98,   226.45,   226.28
  103.34,   225.98,   350.39
  107.07,   226.31,   475.46
  103.18,   350.06,   226.54
  106.43,   350.15,   351.43
  109.51,   350.62,   476.40
  104.58,   474.38,   226.27
  109.03,   475.08,   352.00
  112.10,   475.76,   477.09
  226.52,   223.59,   223.22
  228.10,   224.55,   347.08
  230.72,   224.86,   471.50
  227.81,   348.36,   222.97
  231.25,   349.10,   347.36
  234.66,   349.56,   472.30
  228.54,   473.03,   222.63
  234.20,   473.78,   347.97
  238.04,   473.71,   473.01
  349.94,   221.54,   220.89
  353.27,   222.45,   344.64
  356.51,   222.87,   468.98
  351.49,   347.42,   220.08
  355.53,   347.47,   343.93
  359.48,   347.39,   468.91
  353.31,   473.26,   219.63
  357.17,   473.06,   343.92
  361.30,   472.64,   468.90
  100.70,   223.45,   349.02
   99.98,   220.31,   474.09
  100.27,   217.89,   599.70
  102.04,   347.34,   353.27
  100.27,   344.51,   477.87
   98.73,   341.85,   603.38
  102.47,   472.53,   357.16
  100.92,   469.74,   481.72
   98.30,   465.98,   606.71
  225.52,   223.88,   350.24
  223.75,   221.01,   474.88
  223.27,   217.74,   600.32
  226.94,   348.46,   353.83
  225.32,   345.70,   478.51
  223.80,   341.77,   603.83
  227.60,   472.73,   357.35
  227.13,   469.92,   482.55
  224.11,   466.79,   607.59
  350.81,   223.52,   351.94
  349.34,   220.78,   476.25
  347.71,   218.00,   602.25
  350.86,   348.80,   354.54
  350.47,   345.77,   479.66
  349.16,   342.20,   605.59
  350.80,   474.20,   357.73
  350.67,   470.84,   482.97
  349.97,   467.27,   608.63
   98.07,   223.85,   474.76
  102.42,   227.97,   600.03
  106.33,   231.31,   724.85
   96.75,   348.40,   472.30
   98.94,   351.89,   597.38
  102.11,   354.69,   722.59
   95.47,   473.50,   469.72
   97.18,   475.82,   594.60
   98.49,   478.25,   718.85
  221.76,   226.63,   471.08
  225.88,   229.32,   596.43
  230.70,   231.93,   722.61
  222.01,   350.79,   468.79
  224.36,   353.42,   594.15
  227.02,   355.72,   719.71
  221.99,   475.44,   466.33
  223.11,   478.25,   591.54
  223.52,   481.11,   716.22
  347.65,   228.19,   468.64
  350.12,   231.26,   594.44
  352.93,   233.76,   720.71
  346.90,   352.92,   465.87
  350.14,   355.47,   591.47
  352.72,   358.57,   717.46
  345.43,   477.87,   462.43
  348.67,   480.52,   588.21
  351.41,   484.13,   713.37
  102.11,   225.92,   601.49
  104.63,   228.64,   726.13
  104.98,   232.36,   851.58
  103.85,   349.71,   599.38
  105.10,   352.15,   724.38
  106.47,   354.82,   848.61
  106.78,   473.74,   596.87
  106.39,   475.62,   721.33
  108.09,   478.72,   844.91
  225.26,   222.26,   599.63
  229.25,   224.60,   725.89
  231.21,   227.27,   850.92
  228.99,   346.34,   597.78
  230.04,   348.25,   723.33
  231.56,   351.25,   847.14
  232.89,   471.13,   595.55
  231.52,   473.51,   720.60
  232.30,   475.94,   843.71
  349.77,   219.18,   598.90
  350.83,   221.30,   725.55
  353.53,   222.97,   850.27
  354.45,   343.76,   596.87
  355.68,   346.19,   722.84
  356.77,   348.59,   846.75
  358.12,   468.60,   593.91
  359.53,   471.85,   719.71
  359.75,   474.49,   843.75
  102.25,   350.89,   101.33
  103.80,   352.46,   226.63
  104.78,   354.93,   351.84
  102.81,   475.44,    98.59
  104.67,   477.05,   224.70
  107.18,   479.87,   350.55
  103.58,   600.43,    96.75
  105.19,   602.89,   221.72
  108.37,   605.71,   347.62
  226.83,   348.65,   100.48
  228.45,   351.20,   225.37
  229.51,   354.20,   350.00
  227.58,   473.61,    96.93
  228.90,   475.89,   223.41
  232.07,   478.57,   348.48
  228.75,   599.24,    95.36
  229.88,   600.94,   221.18
  233.04,   603.22,   346.48
  351.47,   347.75,   100.20
  352.01,   350.57,   224.69
  353.74,   352.90,   348.88
  353.46,   473.16,    97.72
  353.47,   476.35,   222.36
  355.18,   478.57,   347.14
  355.51,   598.08,    95.30
  355.83,   601.02,   220.83
  356.70,   602.92,   345.06
  102.87,   350.81,   226.10
   99.81,   354.24,   351.05
   96.17,   357.64,   476.02
  104.18,   474.97,   222.76
  101.98,   479.08,   348.79
   98.73,   483.00,   473.69
  104.53,   600.86,   218.95
  104.03,   604.89,   344.62
  101.56,   608.52,   470.02
  227.17,   349.13,   228.94
  224.74,   353.08,   353.36
  221.63,   356.65,   478.16
  228.38,   473.75,   225.68
  227.53,   477.75,   350.74
  224.99,   480.85,   475.92
  229.51,   599.10,   222.61
  228.92,   602.43,   347.81
  227.00,   605.90,   472.84
  350.91,   348.42,   231.99
  348.86,   351.83,   356.29
  346.18,   354.56,   481.35
  352.93,   474.24,   228.95
  350.38,   477.16,   353.35
  348.67,   479.71,   478.44
  355.24,   599.03,   226.46
  352.16,   601.63,   350.14
  349.60,   604.70,   474.37
  100.48,   350.48,   351.67
   96.76,   347.07,   476.30
   93.35,   344.05,   601.61
   99.14,   475.62,   355.80
   95.66,   472.32,   480.66
   91.59,   467.87,   605.28
   97.45,   601.21,   358.17
   94.66,   598.01,   483.67
   90.25,   594.06,   608.38
  225.32,   352.93,   353.97
  222.08,   349.83,   478.75
  218.64,   345.63,   604.19
  224.45,   477.29,   357.99
  222.14,   474.19,   482.93
  217.17,   470.16,   608.19
  222.31,   602.27,   361.35
  220.22,   599.48,   486.73
  215.22,   596.41,   612.05
  349.34,   354.90,   356.72
  347.19,   351.29,   481.76
  344.20,   347.63,   607.78
  347.55,   480.49,   360.46
  345.60,   476.42,   485.30
  343.32,   472.62,   610.98
  345.73,   604.98,   363.47
  343.38,   601.16,   487.89
  340.35,   598.10,   613.55
   99.75,   351.34,   474.07
  102.00,   350.55,   599.12
  105.38,   349.87,   724.48
  102.98,   476.67,   475.60
  104.40,   474.67,   600.48
  105.89,   473.22,   724.71
  106.09,   602.07,   476.28
  107.18,   600.98,   601.17
  107.16,   600.25,   726.04
  224.94,   349.70,   470.22
  227.35,   348.29,   595.86
  230.27,   346.71,   721.50
  229.12,   474.09,   471.83
  230.55,   473.16,   597.08
  230.88,   472.04,   722.13
  231.15,   599.35,   472.70
  232.44,   599.12,   598.04
  232.10,   598.29,   722.81
  349.90,   347.74,   467.27
  353.10,   346.64,   593.05
  355.71,   345.31,   718.87
  352.43,   472.71,   468.14
  356.06,   471.63,   593.74
  359.06,   471.15,   719.30
  353.96,   597.72,   468.41
  357.30,   596.84,   593.41
  360.73,   596.80,   719.04
   97.75,   349.46,   600.45
   97.91,   350.66,   725.61
   98.41,   351.92,   849.58
   98.09,   473.70,   599.67
   96.54,   473.93,   723.93
   97.79,   475.36,   847.94
   98.87,   599.96,   598.88
   96.34,   600.83,   723.82
   96.36,   602.36,   847.65
  223.04,   349.20,   599.75
  223.10,   349.44,   725.27
  223.21,   350.53,   849.05
  223.88,   474.19,   599.78
  221.41,   474.27,   724.52
  221.01,   475.14,   847.41
  224.13,   600.17,   598.94
  220.48,   601.09,   723.49
  219.71,   601.67,   846.70
  348.44,   349.44,   600.32
  348.39,   349.75,   725.92
  348.51,   350.64,   849.63
  349.61,   474.22,   598.95
  349.51,   475.39,   724.63
  348.69,   476.79,   848.35
  349.04,   600.11,   597.29
  348.96,   601.49,   722.90
  348.94,   602.14,   847.82
   97.76,   473.16,    98.71
  100.05,   474.97,   224.27
  102.75,   478.38,   350.08
   96.66,   598.12,    96.37
   98.42,   600.86,   221.12
  102.30,   603.80,   346.76
   95.36,   723.92,    94.12
   97.27,   727.04,   217.52
  101.20,   729.00,   342.56
  222.12,   473.50,    95.95
  224.48,   475.80,   222.25
  228.31,   478.78,   347.49
  221.48,   599.05,    94.16
  222.85,   600.96,   219.88
  227.19,   603.54,   345.35
  221.39,   724.76,    93.53
  222.40,   726.65,   217.68
  225.25,   728.64,   342.48
  348.29,   474.99,    96.15
  348.76,   478.27,   220.73
  351.30,   480.55,   345.49
  348.03,   600.21,    93.42
  348.88,   603.05,   219.18
  350.88,   605.22,   343.08
  347.66,   724.99,    91.85
  349.13,   727.07,   217.44
  350.64,   728.88,   341.34
  100.03,   475.02,   223.86
  101.60,   479.28,   349.44
  102.18,   483.40,   474.45
   98.12,   600.75,   219.40
  100.82,   604.72,   345.26
  102.40,   608.93,   470.94
   97.07,   726.81,   214.85
  100.05,   730.17,   339.64
  102.11,   733.82,   465.85
  224.29,   475.62,   222.80
  227.11,   479.81,   347.98
  228.55,   483.60,   473.17
  222.85,   600.93,   219.43
  226.11,   604.66,   344.78
  227.76,   608.87,   469.70
  222.09,   726.54,   215.88
  224.20,   729.75,   340.73
  225.55,   734.10,   465.78
  348.67,   478.25,   222.71
  350.01,   481.65,   346.94
  351.51,   484.74,   472.03
  348.87,   603.22,   219.78
  349.39,   606.51,   343.66
  350.43,   609.39,   467.53
  349.16,   726.98,   217.01
  349.13,   729.94,   340.63
  349.01,   734.09,   464.16
  103.15,   473.38,   350.60
  101.78,   471.71,   475.59
   99.06,   468.93,   600.17
  103.17,   599.06,   352.02
  102.73,   597.46,   477.33
  100.22,   594.93,   602.46
  102.90,   724.29,   351.96
  103.18,   722.88,   477.92
  101.57,   721.92,   604.07
  228.39,   473.38,   350.99
  227.88,   471.44,   475.90
  225.16,   469.39,   601.48
  228.05,   598.23,   353.03
  228.07,   596.56,   478.25
  225.10,   595.12,   603.56
  226.83,   723.48,   354.03
  226.76,   722.38,   479.51
  224.33,   721.59,   604.77
  351.58,   474.64,   351.36
  351.24,   471.89,   476.25
  351.18,   469.66,   601.95
  351.56,   599.15,   353.43
  351.03,   597.05,   477.79
  350.48,   595.05,   603.07
  351.85,   723.03,   355.49
  349.87,   721.51,   479.29
  348.39,   720.68,   604.22
  102.44,   474.28,   475.91
  102.35,   475.04,   600.91
  102.33,   476.28,   724.97
  100.60,   599.97,   474.09
  100.41,   601.21,   599.00
   99.11,   602.94,   723.94
   98.03,   724.98,   470.83
   99.07,   727.93,   596.93
   98.10,   730.18,   722.46
  228.77,   476.82,   473.78
  228.64,   478.67,   599.13
  227.23,   479.77,   723.84
  225.97,   602.30,   472.06
  225.52,   604.29,   597.67
  223.64,   606.57,   722.44
  221.23,   727.57,   469.84
  221.48,   730.46,   595.34
  221.03,   733.15,   720.48
  352.04,   480.39,   471.65
  353.95,   481.90,   597.02
  355.58,   483.92,   722.72
  348.79,   605.28,   469.38
  350.12,   607.28,   594.34
  351.96,   609.72,   720.32
  344.82,   729.67,   467.44
  345.57,   732.62,   592.17
  347.14,   734.77,   717.87
   99.25,   472.84,   599.51
   97.92,   471.62,   724.05
   99.11,   471.04,   847.62
   96.85,   598.91,   600.58
   94.16,   598.21,   725.39
   94.40,   598.00,   849.13
   95.21,   725.99,   600.97
   92.69,   725.58,   726.59
   91.79,   724.43,   850.63
  225.40,   476.76,   599.44
  222.78,   475.26,   724.24
  222.13,   474.15,   847.28
  221.84,   602.64,   600.46
  218.45,   601.75,   725.38
  217.87,   601.00,   848.05
  217.97,   728.52,   600.95
  215.72,   728.76,   725.91
  215.04,   727.97,   849.43
  350.93,   480.35,   598.83
  350.62,   479.63,   724.53
  349.61,   479.29,   848.54
  346.71,   605.64,   599.09
  346.68,   605.39,   724.75
  346.47,   604.38,   849.33
  341.79,   731.09,   599.00
  341.98,   730.73,   725.02
  342.73,   729.18,   850.84
   99.58,   601.24,    98.43
  102.57,   597.97,   223.32
  107.53,   594.94,   349.09
   97.37,   726.89,   102.07
  100.22,   723.74,   225.62
  105.59,   719.97,   350.69
   96.33,   852.49,   105.21
   99.92,   848.69,   228.95
  103.61,   845.42,   354.01
  224.40,   603.10,    95.46
  227.03,   599.04,   220.98
  232.13,   595.75,   346.52
  223.49,   728.66,   100.35
  225.58,   724.52,   224.70
  229.91,   720.92,   349.36
  223.67,   853.29,   103.87
  225.08,   849.98,   227.07
  227.68,   846.24,   352.31
  351.03,   605.14,    93.57
  352.92,   602.23,   219.13
  355.65,   598.63,   343.36
  349.62,   729.68,    97.97
  352.31,   726.17,   223.58
  354.40,   722.41,   347.04
  348.04,   854.11,   100.69
  351.47,   849.92,   226.39
  352.84,   846.77,   351.69
  100.66,   598.62,   225.70
  103.26,   598.23,   351.61
  104.47,   597.56,   476.89
  103.32,   724.58,   225.45
  106.29,   723.31,   350.69
  108.26,   722.69,   477.03
  107.37,   849.60,   226.55
  109.11,   848.97,   351.49
  110.75,   848.40,   477.26
  224.83,   594.96,   225.43
  228.19,   594.17,   350.72
  229.63,   593.49,   475.96
  228.39,   720.48,   226.69
  230.29,   719.11,   351.39
  231.66,   718.76,   476.55
  232.83,   845.92,   226.64
  233.21,   844.25,   351.98
  233.43,   843.77,   477.32
  350.63,   593.36,   225.61
  351.56,   592.03,   349.51
  352.66,   590.24,   473.77
  354.93,   717.14,   227.36
  355.02,   715.59,   351.05
  355.03,   715.03,   474.44
  359.22,   840.77,   228.09
  358.37,   839.84,   353.26
  357.28,   839.83,   476.67
  102.95,   599.28,   350.42
  106.29,   601.12,   476.04
  106.83,   601.86,   601.07
   99.79,   724.22,   347.17
  103.73,   725.97,   473.53
  105.73,   728.60,   599.52
   97.16,   849.71,   345.59
  100.49,   852.19,   471.17
  103.25,   854.08,   597.48
  228.05,   600.82,   347.94
  231.28,   603.06,   473.02
  232.05,   604.89,   598.62
  224.23,   726.24,   346.10
  227.20,   728.36,   471.26
  228.32,   730.97,   596.84
  221.10,   851.61,   344.02
  223.25,   852.98,   469.61
  224.89,   855.31,   595.08
  351.45,   604.67,   345.02
  354.10,   605.67,   469.24
  356.76,   607.58,   594.48
  349.13,   728.34,   344.26
  350.50,   730.13,   467.61
  352.34,   732.70,   592.25
  346.16,   853.09,   343.61
  347.04,   855.14,   467.76
  348.92,   857.20,   591.66
  102.86,   599.90,   475.98
   97.99,   597.71,   600.90
   91.76,   596.44,   725.83
  105.08,   725.31,   476.35
  101.01,   725.06,   602.56
   94.97,   723.71,   727.65
  106.01,   851.15,   477.00
  103.00,   850.37,   603.62
   98.65,   849.13,   729.06
  228.34,   597.74,   478.89
  222.81,   596.57,   604.49
  215.91,   594.68,   729.13
  228.34,   722.92,   479.98
  223.43,   722.65,   605.82
  217.95,   722.02,   730.49
  228.66,   847.80,   481.74
  224.41,   847.25,   606.86
  220.73,   847.33,   732.95
  351.11,   596.16,   481.20
  347.64,   594.82,   606.42
  344.00,   593.39,   731.99
  351.65,   720.94,   482.18
  347.79,   720.13,   607.12
  344.57,   718.86,   733.08
  352.22,   845.35,   485.09
  348.51,   844.70,   609.35
  345.85,   843.46,   735.12
   98.56,   599.87,   601.49
   97.80,   602.21,   726.24
  100.14,   605.12,   850.07
   96.20,   726.79,   598.99
   96.35,   729.44,   724.48
   96.82,   731.61,   848.52
   93.19,   852.48,   596.20
   94.44,   854.56,   721.97
   94.46,   856.58,   846.53
  223.41,   604.07,   599.14
  222.35,   606.28,   723.70
  223.65,   608.36,   847.00
  219.15,   730.13,   596.54
  218.98,   733.30,   721.56
  220.49,   734.96,   845.16
  214.48,   854.36,   594.06
  216.43,   858.13,   720.03
  218.56,   860.25,   844.70
  348.44,   607.59,   595.28
  350.54,   610.24,   721.02
  352.36,   612.13,   845.65
  342.97,   732.76,   592.61
  345.20,   735.14,   718.43
  348.35,   736.54,   844.34
  338.65,   857.50,   590.84
  341.27,   859.95,   716.44
  343.86,   862.02,   842.24
  226.22,    98.62,    99.12
  228.10,    99.21,   223.11
  228.39,   100.05,   347.85
  222.97,   223.76,    99.21
  224.84,   224.54,   222.80
  224.60,   226.10,   346.78
  218.52,   348.28,    97.09
  220.47,   349.11,   221.96
  221.97,   350.67,   346.77
  350.04,   103.06,    97.68
  351.98,   103.29,   222.41
  353.37,   104.45,   346.73
  346.57,   227.40,    97.10
  347.93,   228.30,   222.35
  349.65,   229.45,   345.72
  343.13,   352.43,    96.21
  344.10,   354.09,   220.99
  346.31,   354.77,   345.04
  474.11,   106.95,    95.46
  476.39,   107.61,   221.38
  478.44,   108.39,   345.45
  469.98,   231.42,    95.12
  471.32,   232.18,   220.82
  474.68,   232.61,   344.71
  467.63,   357.11,    95.65
  468.31,   357.70,   219.35
  470.97,   357.38,   343.44
  225.72,   100.61,   222.93
  221.99,   103.21,   347.51
  218.60,   106.38,   472.76
  223.32,   226.05,   220.49
  218.78,   229.17,   344.34
  215.45,   232.07,   469.25
  219.82,   350.94,   218.36
  217.64,   353.83,   342.93
  214.92,   356.03,   467.61
  349.68,   104.13,   226.29
  346.72,   106.92,   350.66
  343.29,   109.65,   475.04
  346.63,   228.82,   224.05
  343.91,   231.72,   347.73
  341.05,   234.42,   472.39
  343.45,   354.51,   221.05
  341.72,   357.10,   345.19
  339.71,   359.25,   470.18
  474.09,   107.25,   229.18
  471.77,   110.10,   353.25
  468.83,   112.70,   477.26
  469.94,   231.65,   227.19
  469.14,   234.27,   350.85
  467.19,   236.88,   475.06
  467.78,   357.51,   223.66
  466.20,   359.00,   347.69
  464.46,   360.91,   473.34
  225.13,   101.27,   351.04
  223.38,   105.24,   476.15
  223.21,   109.07,   601.18
  222.20,   227.24,   347.15
  220.44,   230.63,   471.47
  220.03,   233.40,   597.10
  221.06,   351.85,   344.43
  219.76,   355.02,   469.27
  217.86,   357.53,   594.81
  349.78,   104.86,   352.29
  348.02,   108.64,   476.59
  346.22,   111.89,   602.02
  347.34,   229.57,   348.65
  345.94,   232.92,   473.17
  344.34,   236.01,   598.98
  345.18,   354.65,   345.32
  344.75,   357.77,   470.42
  343.64,   360.57,   596.43
  475.13,   107.54,   353.67
  473.49,   111.08,   477.87
  470.90,   114.56,   602.66
  472.46,   231.75,   350.18
  472.05,   235.36,   474.72
  469.72,   238.78,   601.01
  469.86,   356.70,   346.22
  469.50,   359.47,   472.00
  468.73,   363.26,   597.96
  224.44,   101.55,   476.03
  223.17,   104.02,   601.16
  223.58,   105.53,   726.47
  222.59,   227.71,   473.15
  221.72,   228.59,   599.11
  222.28,   229.64,   725.13
  223.71,   352.07,   472.69
  221.13,   352.64,   598.19
  219.14,   353.40,   723.73
  349.17,   103.42,   477.65
  346.56,   105.12,   602.81
  344.81,   106.52,   728.17
  348.32,   228.21,   475.61
  345.99,   229.61,   601.45
  344.34,   229.97,   727.95
  348.61,   353.02,   474.71
  346.94,   354.11,   600.68
  344.79,   355.28,   726.20
  474.35,   104.68,   479.44
  471.42,   106.35,   604.47
  468.26,   107.76,   730.08
  474.63,   228.88,   477.95
  471.15,   230.95,   604.02
  467.78,   232.33,   730.27
  473.78,   353.42,   476.82
  472.03,   355.31,   602.85
  469.75,   357.32,   728.96
  225.18,    99.85,   599.73
  226.23,    97.77,   724.77
  225.80,    95.52,   849.99
  222.99,   224.32,   600.91
  225.19,   222.20,   726.98
  225.22,   220.50,   852.22
  222.09,   348.27,   603.32
  221.34,   345.91,   728.81
  221.15,   344.21,   852.42
  348.44,   101.44,   599.65
  347.98,    99.45,   724.98
  348.26,    97.33,   850.35
  347.48,   225.87,   602.11
  346.71,   222.92,   728.17
  347.40,   220.70,   853.11
  347.56,   350.12,   604.61
  346.84,   348.06,   730.24
  346.22,   345.99,   853.81
  473.00,   103.19,   599.85
  471.57,   101.02,   725.63
  472.25,    99.06,   851.10
  472.87,   227.59,   603.20
  470.25,   225.65,   729.50
  470.31,   222.81,   853.94
  472.86,   352.05,   605.44
  471.82,   350.42,   731.46
  470.32,   348.72,   855.56
  226.79,   225.26,   101.99
  230.13,   224.05,   225.49
  231.26,   223.67,   349.22
  222.27,   350.10,   101.68
  225.81,   349.09,   226.81
  229.12,   348.54,   351.46
  217.40,   474.99,   102.13
  221.37,   473.31,   228.45
  226.28,   472.78,   353.46
  350.01,   229.00,    98.33
  353.41,   227.74,   223.47
  356.61,   226.94,   346.93
  346.68,   353.96,    99.47
  349.19,   353.45,   224.34
  353.01,   352.19,   348.36
  343.50,   479.45,   100.86
  345.73,   479.40,   225.58
  349.39,   477.89,   349.89
  473.56,   232.90,    94.88
  476.53,   231.89,   220.69
  481.73,   230.54,   344.27
  471.45,   358.45,    97.46
  473.87,   357.47,   221.05
  477.68,   354.92,   345.06
  469.37,   483.81,    98.70
  471.02,   483.42,   222.50
  473.22,   481.33,   346.82
  224.97,   225.96,   226.33
  222.75,   229.45,   350.08
  221.17,   232.60,   474.63
  221.83,   350.75,   223.53
  221.38,   354.04,   348.23
  220.94,   356.61,   473.11
  218.29,   475.43,   220.80
  220.00,   478.26,   346.35
  219.90,   481.17,   471.54
  348.34,   228.39,   227.47
  347.93,   231.94,   351.10
  346.99,   234.79,   475.67
  345.59,   354.25,   224.36
  345.49,   357.19,   348.71
  345.66,   359.53,   473.58
  342.92,   480.16,   221.67
  343.07,   482.46,   346.06
  343.38,   484.63,   471.21
  471.87,   231.41,   228.43
  473.19,   233.93,   352.14
  473.25,   237.05,   476.60
  470.07,   356.92,   224.94
  470.24,   358.72,   349.10
  470.56,   361.19,   474.50
  468.23,   483.14,   222.34
  466.80,   484.81,   346.76
  466.69,   486.78,   471.70
  225.75,   225.85,   348.90
  227.60,   226.02,   473.83
  231.09,   225.14,   599.29
  229.01,   350.53,   349.97
  231.50,   350.15,   474.82
  233.95,   348.94,   600.44
  232.03,   475.09,   351.05
  235.74,   474.54,   476.25
  237.04,   473.84,   601.46
  350.76,   223.22,   347.24
  353.10,   223.31,   471.58
  355.58,   222.91,   597.41
  353.04,   348.61,   347.12
  356.75,   348.17,   472.37
  359.54,   347.16,   598.36
  355.45,   474.11,   347.64
  358.93,   473.14,   472.83
  362.36,   472.38,   598.29
  475.88,   221.07,   344.65
  479.29,   220.85,   469.13
  480.61,   220.95,   595.05
  477.94,   345.49,   344.47
  481.59,   344.81,   469.61
  484.58,   345.11,   596.08
  479.48,   471.63,   344.83
  482.49,   470.44,   469.99
  487.13,   470.25,   595.59
  223.47,   227.52,   475.60
  221.42,   230.61,   601.27
  221.09,   233.56,   727.22
  222.26,   352.06,   472.87
  219.09,   354.43,   598.28
  215.44,   357.11,   723.72
  221.15,   476.29,   470.42
  216.31,   479.24,   595.71
  210.34,   481.97,   720.44
  349.06,   230.49,   478.68
  345.78,   233.73,   604.91
  342.88,   236.10,   730.83
  347.13,   355.26,   475.72
  344.29,   357.93,   601.76
  341.23,   361.30,   727.27
  344.31,   480.26,   472.42
  341.81,   483.11,   597.94
  338.42,   486.75,   723.52
  475.58,   233.27,   482.30
  470.90,   237.30,   608.07
  466.36,   240.30,   734.23
  472.22,   357.41,   479.28
  469.35,   361.63,   605.11
  466.43,   365.48,   730.79
  467.67,   482.98,   475.34
  466.80,   486.30,   600.74
  465.35,   490.36,   726.32
  223.63,   226.00,   597.95
  228.26,   223.59,   724.09
  231.61,   221.41,   849.54
  227.30,   349.80,   600.51
  229.67,   347.20,   726.34
  232.50,   345.28,   850.08
  231.10,   475.00,   603.60
  230.98,   472.35,   728.34
  233.04,   469.97,   851.23
  347.75,   223.04,   596.11
  350.25,   220.04,   722.53
  353.94,   217.19,   847.02
  352.91,   347.34,   598.44
  354.79,   345.13,   724.38
  357.29,   342.74,   848.11
  356.75,   472.26,   600.46
  359.18,   470.37,   725.96
  360.58,   468.82,   849.95
  473.31,   219.98,   593.77
  473.75,   217.75,   720.05
  476.46,   215.18,   844.90
  477.91,   344.57,   596.64
  479.68,   342.82,   722.46
  481.55,   340.77,   846.87
  481.46,   469.13,   597.94
  485.27,   467.79,   723.69
  486.63,   466.30,   848.37
  225.58,   347.90,   100.99
  223.58,   349.49,   225.96
  221.72,   352.24,   350.80
  227.57,   472.59,    98.30
  225.54,   474.41,   224.55
  225.73,   476.36,   349.84
  230.02,   598.05,    97.51
  227.63,   599.50,   223.13
  228.16,   601.35,   348.37
  350.06,   345.39,   104.30
  347.52,   347.60,   228.85
  346.04,   349.33,   352.72
  353.47,   470.94,   102.58
  350.06,   473.53,   227.29
  348.76,   474.76,   351.76
  356.58,   596.05,   100.75
  353.40,   598.50,   226.33
  351.71,   599.35,   350.18
  474.39,   343.29,   107.03
  471.69,   344.95,   230.81
  471.04,   345.70,   355.15
  479.21,   468.72,   105.48
  475.66,   470.94,   229.43
  472.82,   471.81,   353.59
  483.09,   593.10,   103.44
  479.40,   596.18,   228.64
  475.09,   597.69,   352.57
  226.32,   350.36,   224.85
  226.86,   353.93,   349.54
  227.30,   356.42,   474.49
  227.14,   474.67,   222.04
  229.89,   478.29,   347.37
  230.71,   480.92,   472.51
  228.39,   600.09,   219.42
  231.20,   602.92,   344.57
  232.73,   606.02,   469.76
  350.07,   349.09,   225.01
  350.97,   352.22,   349.19
  352.03,   354.71,   474.11
  351.92,   474.92,   222.25
  352.77,   477.52,   346.54
  354.05,   479.75,   471.49
  354.40,   599.75,   219.95
  354.78,   602.39,   343.91
  355.26,   604.73,   468.27
  474.33,   347.49,   224.84
  476.03,   349.19,   348.77
  477.33,   352.17,   474.37
  477.39,   473.29,   221.64
  477.20,   475.57,   346.24
  477.61,   477.54,   471.46
  480.14,   598.41,   219.82
  478.29,   601.42,   343.86
  478.50,   603.30,   467.79
  224.18,   352.17,   349.42
  225.47,   355.19,   474.17
  226.04,   357.52,   599.70
  227.65,   476.52,   347.13
  229.47,   479.49,   472.27
  229.27,   482.29,   597.32
  229.49,   601.52,   344.16
  231.91,   604.63,   469.32
  231.17,   608.07,   594.50
  348.35,   350.10,   348.01
  350.14,   352.79,   473.05
  351.61,   355.18,   598.87
  350.42,   475.40,   345.26
  352.89,   477.93,   470.05
  354.91,   480.33,   595.66
  352.83,   600.14,   342.40
  354.69,   602.67,   466.49
  356.23,   605.95,   591.82
  473.27,   346.58,   346.58
  475.42,   349.69,   472.19
  476.61,   353.11,   598.29
  474.63,   472.65,   343.95
  476.31,   474.91,   468.91
  479.50,   478.08,   594.36
  476.56,   598.51,   341.47
  477.62,   601.04,   465.37
  480.65,   603.39,   590.04
  223.71,   348.93,   473.43
  225.99,   350.96,   598.97
  227.87,   353.55,   724.38
  227.37,   472.92,   471.10
  228.44,   476.06,   596.57
  228.07,   478.75,   721.40
  229.36,   598.24,   468.01
  229.91,   601.82,   593.66
  229.24,   605.39,   718.19
  348.89,   346.83,   471.29
  351.28,   349.52,   597.30
  353.45,   352.30,   722.86
  350.96,   471.90,   468.22
  353.78,   474.73,   593.85
  356.14,   477.82,   719.35
  352.13,   596.57,   464.25
  354.93,   599.98,   589.42
  357.20,   603.75,   715.09
  473.81,   343.81,   469.15
  476.43,   347.93,   595.56
  478.40,   351.61,   721.19
  474.68,   469.55,   466.09
  478.68,   472.59,   591.58
  482.79,   476.32,   716.86
  475.03,   595.53,   461.98
  479.44,   598.08,   586.74
  484.45,   601.03,   712.73
  226.51,   349.85,   601.13
  227.70,   351.90,   726.49
  229.33,   354.73,   850.26
  229.68,   474.70,   598.96
  228.57,   477.24,   723.82
  229.76,   479.66,   846.82
  232.16,   600.69,   596.43
  230.50,   603.62,   720.92
  231.14,   605.98,   844.09
  351.92,   347.36,   599.81
  353.14,   349.98,   725.75
  354.45,   352.59,   849.42
  355.34,   472.41,   597.05
  356.66,   475.42,   722.56
  357.37,   478.57,   846.55
  357.03,   598.15,   593.08
  358.87,   601.41,   719.05
  360.40,   603.79,   843.78
  476.65,   344.86,   598.91
  478.05,   348.28,   724.72
  478.82,   351.17,   849.20
  479.82,   469.72,   595.30
  483.37,   472.94,   720.96
  483.68,   476.52,   845.90
  481.71,   594.87,   591.10
  486.11,   597.95,   717.06
  487.94,   600.56,   842.85
  224.89,   472.40,   100.44
  227.74,   469.52,   226.41
  232.18,   467.24,   351.73
  221.75,   597.88,   103.84
  224.40,   594.72,   229.46
  229.30,   591.91,   354.78
  219.51,   723.50,   108.44
  221.47,   720.03,   232.42
  225.38,   716.72,   357.51
  351.07,   476.19,    99.82
  352.39,   474.30,   224.75
  355.14,   471.11,   348.77
  348.64,   601.51,   102.90
  350.20,   599.16,   228.37
  352.38,   595.53,   352.10
  346.42,   725.89,   106.86
  348.29,   722.78,   231.90
  350.07,   719.24,   355.60
  477.13,   479.57,    98.65
  478.08,   477.19,   222.38
  479.27,   473.26,   346.60
  475.13,   603.71,   101.14
  475.92,   602.46,   226.28
  476.03,   599.32,   350.22
  472.28,   728.11,   103.86
  474.66,   725.45,   229.24
  474.59,   723.06,   353.30
  224.77,   475.89,   223.66
  228.86,   473.91,   349.08
  231.71,   471.40,   474.04
  225.48,   601.08,   226.79
  230.29,   598.69,   351.85
  233.23,   596.33,   477.08
  227.24,   726.93,   229.48
  230.34,   723.98,   354.26
  233.16,   721.90,   479.14
  349.17,   476.48,   222.14
  351.95,   473.58,   346.33
  354.84,   470.55,   471.34
  351.44,   601.44,   225.43
  353.53,   598.30,   349.15
  355.87,   595.07,   473.40
  353.72,   725.07,   228.68
  355.25,   722.13,   352.17
  356.50,   719.68,   475.80
  474.97,   475.36,   219.68
  476.29,   471.90,   344.08
  478.49,   468.28,   469.26
  477.16,   600.60,   223.48
  477.40,   597.68,   347.13
  479.01,   594.17,   471.25
  480.12,   723.49,   225.93
  480.03,   721.57,   350.07
  480.39,   718.99,   473.37
  226.11,   472.69,   351.31
  227.92,   470.24,   476.23
  227.40,   467.10,   601.79
  223.84,   597.63,   354.27
  225.77,   595.49,   479.29
  225.01,   592.90,   604.56
  220.49,   722.62,   356.45
  222.37,   720.76,   481.49
  222.35,   719.22,   607.14
  349.05,   476.29,   349.50
  351.05,   472.71,   474.43
  352.81,   469.57,   599.86
  347.18,   600.70,   352.26
  348.97,   597.74,   476.52
  350.14,   594.92,   602.20
  345.54,   724.68,   355.47
  345.49,   722.51,   479.14
  346.45,   720.65,   604.26
  473.09,   477.76,   348.52
  474.93,   474.41,   473.36
  477.61,   471.43,   599.06
  470.84,   603.53,   351.34
  471.62,   600.31,   475.46
  474.94,   596.91,   600.40
  470.27,   727.29,   354.22
  469.60,   724.80,   477.75
  471.53,   722.05,   602.03
  226.86,   473.92,   476.78
  226.43,   476.19,   601.90
  224.79,   478.74,   726.71
  226.33,   599.10,   474.23
  225.53,   602.09,   599.59
  223.25,   605.38,   723.97
  224.04,   724.43,   470.73
  224.03,   728.20,   596.08
  223.21,   731.88,   721.15
  350.29,   475.07,   474.77
  352.14,   477.34,   600.31
  352.82,   480.35,   725.99
  349.54,   599.83,   471.53
  350.47,   603.08,   596.81
  351.51,   606.19,   722.73
  347.79,   724.49,   468.59
  347.96,   728.53,   593.33
  349.28,   731.43,   719.31
  473.92,   475.38,   473.86
  476.73,   478.10,   599.46
  479.60,   481.46,   725.02
  472.09,   601.17,   470.34
  475.21,   603.46,   595.18
  478.90,   606.11,   721.20
  471.62,   725.64,   467.18
  473.22,   728.65,   591.21
  476.77,   730.49,   717.59
  226.02,   475.23,   602.99
  224.79,   471.16,   727.66
  225.44,   467.69,   850.44
  222.59,   601.22,   606.52
  220.20,   597.88,   730.74
  220.76,   593.96,   853.78
  218.41,   727.36,   609.48
  217.04,   724.91,   734.13
  217.90,   721.22,   857.80
  352.00,   478.92,   601.20
  352.61,   476.02,   726.84
  352.88,   472.95,   850.69
  347.63,   604.63,   603.78
  348.75,   601.73,   729.50
  349.43,   597.80,   854.15
  342.44,   729.87,   606.53
  344.00,   726.66,   732.59
  345.50,   722.68,   858.32
  476.33,   482.14,   600.22
  479.16,   479.57,   725.89
  478.88,   476.73,   850.79
  472.44,   607.54,   602.07
  475.88,   604.51,   728.07
  477.31,   601.10,   853.48
  467.51,   732.45,   604.46
  471.10,   728.66,   730.80
  474.04,   724.56,   857.27
  223.12,   599.30,    98.14
  224.88,   600.06,   224.21
  229.21,   601.10,   349.52
  219.86,   725.06,    98.77
  221.19,   725.38,   222.79
  224.43,   726.08,   347.81
  218.38,   849.41,    97.59
  218.91,   851.02,   221.07
  220.44,   851.62,   346.26
  349.81,   603.43,    97.41
  350.96,   604.92,   223.17
  352.80,   605.71,   347.14
  346.58,   727.92,    97.12
  348.33,   728.67,   222.69
  349.42,   729.64,   346.69
  342.65,   852.27,    95.38
  345.17,   852.91,   221.06
  345.82,   853.97,   346.45
  475.91,   606.50,    95.69
  476.70,   609.13,   221.28
  476.40,   610.20,   345.53
  472.24,   730.88,    94.48
  474.63,   732.08,   220.33
  474.41,   733.70,   344.68
  466.45,   855.30,    91.39
  471.79,   854.62,   218.35
  472.03,   856.90,   344.58
  224.94,   601.04,   225.28
  230.99,   601.72,   350.69
  235.15,   602.34,   475.61
  226.12,   726.83,   225.14
  231.00,   727.00,   349.64
  234.63,   728.06,   475.01
  228.53,   852.36,   223.57
  231.50,   852.16,   349.10
  234.78,   852.46,   474.70
  350.71,   601.50,   222.74
  354.33,   601.48,   346.75
  358.05,   601.55,   470.89
  352.85,   725.38,   223.32
  355.86,   725.32,   346.89
  358.32,   726.18,   470.59
  354.87,   849.47,   222.05
  357.01,   849.69,   347.50
  358.59,   850.98,   471.43
  476.74,   600.82,   219.51
  477.95,   601.34,   343.82
  481.09,   600.66,   467.46
  479.08,   724.19,   219.42
  480.68,   724.75,   343.38
  482.44,   725.61,   466.71
  481.58,   846.46,   217.78
  483.44,   847.98,   343.97
  484.34,   849.48,   467.18
  225.68,   599.64,   350.55
  224.26,   597.27,   475.69
  220.43,   595.23,   601.09
  227.59,   724.85,   353.11
  226.03,   722.98,   478.05
  222.55,   721.23,   603.56
  230.35,   850.03,   355.57
  227.96,   847.37,   480.99
  224.93,   845.96,   606.10
  349.09,   597.40,   352.15
  347.42,   594.52,   476.38
  345.46,   591.74,   601.81
  352.57,   721.25,   355.54
  349.34,   718.93,   478.93
  346.71,   717.49,   603.98
  355.40,   845.65,   359.35
  351.68,   843.86,   483.14
  349.01,   841.81,   607.10
  472.30,   595.03,   354.49
  470.14,   591.57,   478.43
  470.34,   588.09,   603.26
  476.97,   718.79,   357.48
  473.31,   716.49,   480.75
  472.05,   713.54,   605.08
  481.37,   841.97,   361.06
  477.03,   840.55,   484.28
  474.82,   838.25,   608.39
  228.58,   598.76,   474.72
  229.78,   597.05,   599.81
  229.29,   595.40,   724.43
  227.80,   724.32,   475.80
  229.48,   723.23,   601.46
  230.37,   721.92,   726.31
  227.11,   848.87,   477.75
  228.99,   848.16,   603.09
  231.72,   847.31,   729.07
  351.64,   598.30,   470.10
  354.48,   596.37,   595.38
  357.93,   594.84,   720.97
  351.21,   722.99,   471.96
  353.67,   721.94,   596.61
  357.11,   720.03,   722.66
  350.89,   847.85,   475.11
  353.28,   846.62,   599.11
  357.00,   845.03,   724.66
  474.43,   598.22,   467.29
  479.45,   595.42,   592.10
  484.99,   593.56,   718.06
  475.22,   722.87,   468.46
  478.56,   720.97,   592.83
  484.16,   718.10,   719.02
  476.44,   847.27,   471.63
  479.29,   845.69,   595.64
  484.63,   843.03,   721.53
  224.07,   601.13,   601.20
  216.96,   599.52,   725.73
  212.86,   597.88,   848.44
  226.12,   727.07,   602.02
  220.75,   726.61,   726.87
  216.38,   724.93,   850.44
  228.45,   851.65,   603.32
  224.47,   852.05,   729.19
  221.02,   850.22,   853.40
  349.10,   597.59,   603.03
  345.56,   597.00,   728.52
  341.30,   595.37,   853.24
  350.30,   723.20,   603.80
  347.29,   721.92,   729.71
  344.35,   720.13,   855.48
  352.52,   847.64,   605.54
  349.38,   846.86,   731.32
  346.82,   844.85,   857.26
  473.87,   594.47,   605.79
  472.86,   593.27,   731.82
  469.12,   591.90,   856.94
  475.65,   719.58,   606.01
  474.72,   717.54,   732.37
  472.69,   715.62,   859.09
  478.35,   844.46,   608.10
  477.15,   842.15,   734.00
  475.56,   840.55,   860.68
  350.33,    99.83,    99.10
  347.83,    99.00,   223.81
  344.64,    98.89,   348.23
  350.14,   224.23,    99.84
  347.63,   223.90,   224.81
  344.32,   224.12,   348.37
  350.52,   349.44,   100.09
  347.20,   349.75,   224.77
  344.68,   349.19,   348.94
  474.33,   100.02,   101.75
  472.27,    99.53,   227.44
  469.82,    99.44,   351.29
  473.71,   224.31,   102.24
  471.11,   224.03,   228.39
  469.78,   223.78,   352.08
  475.31,   350.18,   103.78
  471.37,   349.82,   227.85
  469.70,   348.22,   351.73
  599.96,    99.27,   103.97
  596.96,    99.65,   229.77
  594.48,    99.41,   354.23
  598.34,   224.54,   104.90
  595.64,   224.33,   230.45
  594.78,   223.48,   354.26
  600.01,   349.95,   106.18
  597.17,   348.55,   230.15
  594.90,   347.78,   354.76
  351.36,    98.87,   226.71
  353.81,   101.43,   351.36
  355.74,   104.21,   475.71
  347.97,   223.57,   225.15
  350.87,   226.46,   348.61
  353.46,   228.79,   473.25
  344.53,   349.27,   222.47
  348.04,   351.46,   346.37
  351.46,   353.55,   471.36
  475.84,   102.17,   224.33
  479.23,   104.64,   348.50
  481.47,   107.44,   472.63
  471.44,   226.83,   222.86
  475.87,   229.09,   346.54
  479.53,   231.38,   470.73
  468.94,   352.44,   219.35
  472.75,   353.64,   343.57
  476.30,   355.85,   468.84
  600.59,   105.23,   221.22
  603.94,   107.55,   345.49
  607.23,   110.28,   469.75
  595.96,   229.95,   219.03
  600.95,   232.19,   343.12
  604.89,   234.51,   467.46
  594.57,   354.35,   216.22
  598.19,   356.01,   340.91
  601.27,   358.14,   466.38
  349.23,   101.22,   351.01
  344.70,   103.92,   475.24
  340.73,   106.49,   600.22
  349.32,   226.03,   348.13
  345.29,   228.53,   472.67
  341.26,   230.65,   598.36
  349.38,   351.28,   345.56
  346.29,   353.59,   470.82
  342.66,   355.40,   596.32
  474.41,   101.34,   354.86
  470.39,   104.01,   478.71
  465.00,   106.61,   604.00
  474.63,   225.90,   352.48
  471.36,   228.50,   476.84
  466.20,   231.40,   602.70
  474.31,   350.53,   349.35
  471.53,   352.65,   474.79
  467.74,   355.85,   600.84
  599.60,   101.62,   358.04
  596.13,   104.26,   482.45
  591.79,   106.95,   608.03
  599.54,   225.88,   355.66
  597.17,   228.31,   480.22
  592.21,   231.80,   606.01
  599.96,   349.60,   353.08
  596.44,   352.39,   478.66
  592.38,   355.81,   604.22
  349.61,   102.49,   473.64
  352.91,    99.47,   598.28
  356.25,    95.69,   723.84
  351.10,   227.32,   476.52
  354.38,   223.75,   602.43
  357.74,   219.36,   728.76
  353.30,   351.91,   480.61
  357.22,   348.06,   606.65
  360.53,   344.31,   732.25
  475.16,   101.74,   469.63
  477.60,    98.32,   594.75
  480.27,    95.03,   719.89
  477.41,   226.09,   473.55
  479.56,   223.15,   599.25
  481.31,   219.47,   725.67
  478.37,   350.41,   477.28
  482.00,   347.66,   603.45
  485.10,   344.48,   729.14
  600.90,   101.19,   465.96
  604.47,    97.74,   591.11
  607.88,    94.33,   717.01
  603.08,   225.45,   469.53
  605.98,   222.89,   595.13
  607.59,   220.61,   721.89
  603.51,   349.12,   473.75
  606.81,   346.59,   599.80
  609.40,   344.35,   725.24
  350.07,   101.77,   600.41
  352.32,   103.28,   726.07
  356.17,   104.89,   851.08
  351.34,   226.09,   599.00
  353.76,   227.12,   725.45
  357.27,   228.44,   850.17
  353.75,   350.51,   597.55
  356.12,   352.15,   723.35
  358.51,   353.93,   847.12
  474.66,   100.85,   597.62
  476.05,   102.98,   723.29
  480.11,   104.29,   848.72
  476.64,   225.42,   596.77
  477.18,   227.14,   723.05
  480.29,   228.61,   847.73
  478.86,   349.89,   595.51
  481.21,   352.39,   721.36
  482.90,   354.25,   845.69
  601.12,   100.17,   595.28
  603.41,   102.28,   721.11
  606.85,   103.21,   846.03
  602.54,   225.10,   593.67
  603.56,   228.25,   720.48
  605.72,   229.62,   845.25
  603.47,   348.91,   592.67
  605.12,   351.91,   718.13
  606.61,   354.34,   843.60
  350.17,   224.12,   102.20
  349.44,   223.23,   226.89
  348.12,   222.96,   350.71
  350.54,   349.34,   102.86
  348.80,   348.90,   227.03
  348.47,   348.35,   351.34
  350.78,   474.59,   103.16
  348.61,   474.94,   228.06
  348.15,   473.68,   352.38
  473.89,   224.28,   102.79
  472.84,   223.57,   228.49
  473.49,   222.74,   352.25
  475.21,   349.88,   104.30
  473.39,   349.19,   228.50
  473.09,   347.41,   352.41
  476.55,   475.58,   105.55
  474.24,   475.03,   229.23
  472.46,   473.62,   353.65
  598.67,   224.36,   103.53
  597.41,   223.68,   229.09
  598.45,   222.84,   352.90
  600.24,   349.85,   105.31
  598.90,   348.10,   229.01
  598.50,   346.61,   353.90
  601.98,   474.88,   105.97
  600.30,   473.57,   229.96
  598.21,   472.00,   355.19
  347.92,   226.42,   225.95
  347.73,   226.39,   349.73
  347.22,   225.98,   474.36
  348.38,   352.17,   226.32
  349.00,   351.69,   350.16
  349.54,   350.71,   475.62
  349.23,   477.81,   226.84
  349.73,   476.94,   351.29
  350.85,   475.71,   476.08
  471.32,   225.68,   226.78
  473.08,   225.01,   350.41
  473.52,   224.70,   474.86
  472.94,   351.15,   226.29
  473.66,   349.89,   350.34
  474.51,   349.09,   475.96
  474.83,   477.27,   226.89
  473.71,   476.07,   351.16
  474.38,   474.33,   476.48
  595.91,   225.12,   225.70
  597.98,   224.10,   350.05
  599.06,   223.82,   474.47
  598.25,   349.30,   225.78
  599.00,   348.17,   350.33
  599.74,   347.49,   475.73
  600.96,   474.42,   226.52
  599.67,   473.51,   351.44
  599.38,   472.33,   477.29
  348.74,   224.25,   348.45
  346.99,   227.16,   472.70
  344.66,   229.49,   598.72
  347.39,   349.84,   345.66
  346.35,   352.08,   470.76
  344.61,   354.14,   596.47
  345.60,   475.25,   343.19
  344.76,   477.09,   468.21
  343.65,   479.23,   593.49
  473.95,   225.82,   350.41
  472.94,   228.69,   475.04
  470.02,   231.86,   600.73
  472.35,   350.68,   347.02
  471.50,   353.23,   472.47
  469.99,   356.38,   598.85
  469.60,   476.95,   344.84
  468.40,   478.59,   469.86
  468.24,   481.06,   595.47
  599.38,   227.57,   351.68
  598.62,   230.65,   476.21
  595.85,   234.04,   602.38
  597.71,   351.76,   349.05
  596.21,   354.10,   474.39
  594.31,   357.96,   600.23
  595.70,   476.90,   346.95
  593.42,   479.27,   472.50
  592.40,   482.12,   597.79
  350.74,   224.28,   472.27
  346.32,   224.11,   598.13
  342.86,   222.99,   724.31
  350.69,   349.43,   472.97
  347.25,   348.39,   599.07
  343.17,   347.79,   724.63
  350.20,   474.29,   473.34
  346.99,   473.65,   598.77
  343.09,   473.45,   724.44
  476.80,   225.28,   476.20
  471.66,   225.21,   602.31
  465.95,   224.69,   728.40
  475.86,   349.49,   477.15
  472.26,   349.73,   603.25
  468.34,   349.78,   728.69
  473.46,   474.74,   476.96
  472.00,   474.66,   602.54
  469.82,   474.94,   728.27
  602.37,   226.10,   479.40
  597.84,   226.81,   605.53
  591.94,   227.66,   732.16
  601.00,   349.80,   480.92
  596.80,   350.79,   606.78
  592.45,   351.48,   732.27
  598.62,   474.73,   481.63
  595.79,   474.92,   606.83
  593.30,   475.21,   731.88
  350.67,   225.90,   602.08
  349.17,   228.31,   728.37
  349.15,   230.98,   852.83
  353.61,   350.41,   598.90
  352.04,   353.19,   724.75
  350.04,   356.51,   848.69
  355.70,   475.23,   595.33
  354.06,   478.88,   720.80
  351.23,   482.41,   845.08
  476.05,   225.19,   603.73
  472.70,   228.17,   729.84
  471.96,   230.83,   854.44
  478.90,   349.30,   601.23
  476.90,   353.07,   726.71
  474.74,   356.80,   851.05
  480.34,   474.41,   597.13
  480.53,   478.02,   722.64
  477.92,   482.22,   847.19
  602.17,   224.67,   605.01
  598.84,   229.02,   731.33
  597.11,   231.50,   856.07
  603.38,   348.41,   602.42
  601.07,   352.65,   727.98
  598.52,   356.13,   852.86
  604.39,   472.47,   599.00
  603.70,   476.52,   723.89
  600.93,   480.08,   848.79
  350.28,   348.88,   102.24
  351.33,   353.27,   226.62
  353.74,   356.75,   350.57
  347.51,   474.41,    98.19
  348.17,   478.87,   222.84
  350.26,   482.32,   347.16
  344.47,   599.41,    94.48
  345.26,   603.73,   219.95
  347.01,   606.78,   344.19
  474.92,   352.78,   100.80
  476.06,   356.50,   224.60
  478.45,   359.05,   348.93
  473.48,   478.05,    97.48
  473.82,   482.57,   221.44
  474.50,   485.57,   345.68
  470.78,   602.54,    93.24
  471.22,   607.55,   218.61
  470.61,   611.13,   342.78
  600.24,   355.85,    98.80
  601.69,   358.54,   222.88
  603.90,   361.64,   347.46
  598.54,   480.68,    95.72
  599.71,   483.85,   219.29
  600.22,   487.12,   344.33
  595.90,   604.72,    90.92
  597.10,   609.73,   215.79
  596.24,   613.35,   341.17
  347.83,   349.98,   226.43
  348.74,   349.22,   350.48
  349.59,   348.38,   475.72
  350.92,   475.95,   227.42
  351.68,   474.89,   351.60
  353.04,   473.33,   476.75
  354.46,   600.76,   228.78
  354.99,   599.23,   352.73
  355.37,   598.25,   477.01
  472.29,   346.80,   226.14
  473.67,   345.06,   350.15
  474.65,   344.16,   475.69
  476.32,   472.73,   227.04
  476.01,   471.07,   351.26
  476.73,   469.75,   476.54
  480.58,   597.86,   228.76
  478.57,   597.05,   352.46
  478.41,   595.64,   476.80
  597.64,   342.58,   225.47
  598.97,   341.23,   350.30
  599.60,   340.45,   475.69
  602.47,   467.88,   226.29
  601.65,   466.20,   351.25
  601.43,   465.25,   476.87
  606.17,   593.37,   227.12
  604.28,   592.55,   352.58
  603.84,   591.45,   477.41
  351.89,   349.20,   348.85
  349.34,   347.80,   473.87
  346.97,   346.24,   599.95
  349.32,   474.90,   350.29
  347.37,   473.04,   475.09
  345.28,   471.16,   600.64
  346.57,   599.22,   351.71
  344.44,   597.81,   475.97
  341.89,   596.89,   601.12
  476.47,   350.91,   351.69
  474.82,   349.67,   476.95
  472.07,   348.87,   603.18
  473.31,   476.82,   353.13
  470.78,   474.98,   478.23
  469.92,   473.75,   603.49
  470.00,   602.83,   354.48
  467.14,   600.85,   478.62
  466.39,   599.08,   603.26
  601.86,   352.47,   354.46
  599.35,   351.30,   480.08
  596.72,   351.12,   605.76
  599.04,   477.89,   356.01
  595.82,   476.11,   481.78
  594.02,   475.77,   607.13
  595.77,   604.31,   357.36
  592.20,   602.48,   482.28
  591.28,   600.95,   607.00
  351.66,   348.66,   476.09
  352.72,   348.90,   601.79
  353.48,   349.32,   727.67
  354.17,   473.68,   475.36
  355.86,   473.80,   600.63
  356.52,   474.93,   726.21
  355.84,   598.41,   473.79
  357.29,   599.64,   598.99
  358.26,   600.63,   724.91
  477.00,   345.45,   475.24
  477.77,   346.78,   601.69
  478.26,   347.97,   727.23
  477.83,   470.94,   474.62
  480.44,   471.60,   599.81
  483.07,   473.07,   725.55
  478.99,   596.77,   472.91
  481.80,   596.83,   597.52
  485.46,   597.88,   723.72
  601.77,   342.69,   474.39
  602.46,   344.60,   600.29
  602.55,   346.62,   725.78
  602.89,   467.48,   474.22
  604.65,   468.73,   599.44
  606.40,   470.29,   724.54
  604.23,   593.58,   472.87
  606.34,   593.93,   597.98
  609.63,   594.31,   722.92
  348.59,   348.57,   600.18
  348.65,   349.84,   725.63
  348.85,   351.69,   849.59
  352.46,   473.62,   597.88
  352.36,   475.59,   723.34
  351.60,   477.90,   847.46
  354.17,   599.11,   594.99
  354.63,   601.48,   721.03
  354.65,   603.11,   845.71
  473.85,   345.98,   600.19
  473.85,   348.12,   726.04
  472.94,   350.12,   850.52
  477.33,   470.53,   597.55
  478.78,   473.19,   723.24
  477.76,   475.83,   848.19
  479.16,   595.84,   594.41
  481.86,   598.16,   720.26
  482.13,   600.16,   846.02
  598.38,   342.87,   599.84
  597.99,   346.19,   725.42
  596.65,   347.93,   850.72
  601.00,   467.33,   598.19
  602.36,   469.75,   723.28
  601.17,   472.07,   847.98
  603.69,   592.66,   595.36
  605.95,   593.96,   720.49
  606.08,   595.87,   845.31
  351.90,   475.40,   102.47
  351.58,   478.69,   227.35
  352.35,   480.88,   351.56
  354.68,   600.61,   100.09
  354.17,   603.59,   225.68
  354.90,   605.51,   349.62
  357.44,   725.13,    98.41
  357.60,   727.33,   223.88
  357.14,   729.10,   347.50
  477.89,   473.58,   103.16
  477.30,   476.66,   226.96
  476.65,   478.29,   351.32
  481.20,   598.04,   100.08
  480.39,   601.51,   225.32
  478.35,   604.13,   349.25
  482.98,   722.04,    97.08
  483.89,   724.78,   222.94
  482.16,   727.97,   347.33
  603.43,   470.63,   102.36
  603.37,   472.12,   226.21
  602.51,   474.29,   351.40
  606.06,   594.79,    98.98
  605.94,   597.81,   223.72
  604.39,   600.34,   349.10
  607.68,   718.49,    94.69
  608.40,   722.54,   220.31
  606.34,   726.96,   346.25
  349.98,   476.17,   224.12
  349.58,   478.43,   348.55
  349.00,   480.50,   473.68
  351.15,   600.93,   222.06
  350.20,   603.31,   346.08
  349.24,   605.30,   470.55
  352.70,   724.77,   220.53
  350.79,   727.02,   343.92
  348.72,   729.93,   467.82
  475.65,   475.90,   225.66
  473.57,   477.59,   349.90
  472.51,   479.87,   475.10
  477.28,   600.74,   223.53
  473.75,   603.43,   347.61
  471.94,   605.55,   471.53
  479.19,   724.15,   221.30
  475.74,   727.12,   345.02
  472.47,   730.41,   468.36
  601.74,   473.22,   226.44
  599.42,   475.45,   351.55
  597.66,   477.63,   477.26
  603.12,   599.02,   223.73
  599.28,   601.65,   349.14
  597.26,   604.03,   473.90
  603.55,   723.53,   220.07
  600.30,   728.37,   346.02
  597.80,   730.91,   470.48
  349.63,   477.75,   348.45
  349.29,   474.03,   473.45
  348.41,   470.33,   599.18
  348.81,   602.30,   351.91
  347.71,   598.99,   476.14
  346.67,   595.71,   601.28
  347.99,   726.33,   355.37
  345.71,   723.35,   478.91
  343.79,   721.48,   603.92
  473.61,   478.49,   349.81
  472.74,   474.32,   474.84
  472.95,   471.12,   600.48
  472.34,   604.16,   353.40
  470.69,   599.99,   477.38
  471.39,   596.24,   602.22
  472.85,   728.02,   356.63
  469.56,   724.95,   479.78
  469.06,   721.79,   604.44
  599.39,   477.36,   351.74
  597.74,   473.74,   477.07
  597.15,   471.20,   602.44
  597.80,   603.67,   354.82
  596.01,   600.03,   479.59
  596.04,   596.42,   604.65
  597.27,   730.27,   357.91
  594.87,   727.05,   481.87
  595.14,   722.39,   606.46
  350.12,   476.36,   474.19
  348.59,   472.58,   599.81
  345.86,   469.61,   725.47
  351.61,   601.18,   477.22
  349.69,   598.05,   602.37
  347.41,   595.15,   728.06
  352.73,   725.98,   480.20
  349.92,   723.94,   605.04
  347.96,   720.48,   730.81
  473.75,   474.06,   476.64
  473.43,   470.57,   602.00
  472.50,   467.86,   727.67
  474.63,   599.80,   479.01
  474.62,   595.79,   603.94
  474.77,   592.71,   730.16
  476.71,   724.59,   482.00
  475.28,   721.16,   606.63
  475.56,   717.00,   732.85
  598.98,   470.26,   479.71
  597.03,   467.78,   605.13
  595.62,   465.11,   729.98
  599.97,   596.67,   482.55
  599.05,   592.86,   607.71
  598.88,   589.35,   732.57
  601.68,   723.40,   485.05
  601.31,   718.79,   609.72
  601.82,   714.13,   735.10
  352.62,   473.04,   598.28
  355.13,   471.50,   723.95
  356.50,   469.53,   848.08
  355.34,   598.48,   599.27
  357.90,   596.87,   724.99
  360.38,   594.76,   849.91
  356.96,   724.07,   600.56
  360.22,   722.03,   726.41
  363.52,   719.27,   852.57
  477.11,   469.51,   595.92
  481.19,   468.16,   721.73
  482.55,   466.99,   846.38
  480.08,   594.71,   596.47
  485.34,   592.80,   722.35
  487.59,   591.12,   847.98
  482.42,   719.72,   597.14
  487.36,   717.32,   723.37
  491.64,   714.65,   850.12
  601.09,   465.06,   594.26
  604.38,   463.96,   718.97
  605.54,   462.74,   844.17
  604.39,   590.51,   595.32
  609.04,   588.16,   720.01
  611.38,   586.45,   844.92
  608.05,   716.52,   595.48
  613.44,   713.27,   721.06
  617.18,   710.70,   846.24
  349.02,   600.94,    99.34
  351.30,   600.48,   224.83
  354.51,   598.85,   348.78
  351.48,   725.49,   101.36
  354.77,   724.05,   226.58
  357.38,   722.61,   350.41
  353.56,   849.61,   101.34
  357.70,   848.04,   227.17
  359.25,   847.20,   352.60
  475.42,   598.32,    96.42
  477.07,   598.81,   221.76
  478.39,   597.69,   345.92
  477.40,   722.66,    97.12
  480.67,   722.12,   222.97
  482.02,   721.33,   347.05
  477.66,   847.11,    96.03
  484.19,   844.37,   222.85
  485.82,   844.72,   348.77
  600.05,   594.90,    92.42
  602.87,   594.86,   217.55
  604.13,   593.86,   342.71
  601.73,   718.65,    91.49
  605.26,   719.28,   217.23
  606.24,   720.45,   343.33
  602.05,   843.73,    90.47
  608.15,   843.64,   217.66
  610.02,   845.29,   344.01
  348.75,   600.06,   227.95
  351.65,   598.74,   352.09
  354.33,   597.29,   476.35
  347.39,   723.84,   229.98
  349.07,   722.40,   353.60
  350.86,   721.84,   477.10
  345.37,   848.11,   230.42
  346.42,   846.96,   355.85
  347.37,   846.87,   479.38
  474.66,   603.18,   225.75
  475.28,   602.07,   349.61
  477.32,   600.42,   473.48
  473.35,   726.51,   227.00
  473.85,   726.15,   350.74
  474.65,   724.99,   474.09
  472.12,   849.29,   227.40
  472.48,   849.18,   352.97
  472.63,   849.09,   476.28
  600.38,   604.29,   221.86
  600.87,   603.50,   347.02
  602.44,   601.83,   471.98
  598.19,   728.90,   222.05
  598.47,   729.68,   347.79
  599.66,   728.96,   472.19
  596.08,   853.18,   222.64
  597.14,   854.29,   349.16
  598.53,   853.62,   472.62
  348.86,   601.65,   349.07
  351.18,   604.88,   473.38
  353.70,   608.22,   598.46
  349.36,   725.47,   346.47
  350.50,   729.17,   469.85
  351.91,   733.66,   594.69
  349.54,   849.82,   344.27
  350.19,   854.15,   468.07
  351.81,   857.88,   591.99
  472.31,   602.29,   347.10
  474.20,   604.68,   471.11
  478.57,   607.60,   595.89
  474.26,   725.95,   344.00
  474.66,   729.52,   467.27
  477.41,   732.84,   591.66
  476.02,   848.91,   341.91
  475.74,   853.64,   465.36
  477.72,   857.49,   589.07
  598.28,   600.54,   345.13
  599.66,   603.36,   469.99
  602.92,   606.49,   594.75
  598.54,   727.09,   341.25
  599.59,   730.35,   465.61
  603.58,   732.69,   590.07
  600.34,   851.24,   338.09
  600.96,   855.11,   461.85
  604.12,   858.06,   586.70
  350.49,   599.70,   475.25
  353.61,   601.97,   600.28
  356.42,   604.13,   725.88
  345.74,   724.63,   473.46
  348.09,   727.47,   598.13
  351.64,   729.05,   724.00
  341.30,   849.10,   473.00
  344.10,   851.82,   597.18
  347.35,   854.11,   722.55
  473.26,   603.68,   472.06
  477.88,   604.82,   596.83
  483.51,   606.56,   722.86
  469.64,   728.44,   469.68
  473.40,   730.29,   594.14
  478.75,   731.20,   720.39
  466.79,   852.33,   469.38
  469.91,   854.81,   593.24
  474.94,   856.20,   719.13
  598.35,   606.13,   469.88
  602.54,   607.54,   594.95
  607.80,   608.51,   719.94
  594.61,   732.90,   467.40
  599.38,   733.65,   591.97
  605.27,   734.13,   717.59
  592.51,   857.46,   465.14
  596.40,   859.01,   590.11
  602.51,   859.35,   715.86
  350.74,   601.64,   600.22
  350.66,   602.24,   725.96
  350.67,   601.87,   850.43
  345.26,   727.11,   599.16
  345.81,   727.45,   724.95
  346.65,   726.60,   851.12
  341.26,   851.60,   599.64
  341.75,   852.26,   725.15
  342.48,   852.02,   851.08
  475.58,   604.45,   599.32
  478.30,   604.84,   725.21
  478.30,   605.20,   851.08
  470.75,   729.91,   598.31
  473.01,   729.52,   724.50
  474.97,   728.98,   851.22
  466.92,   854.69,   598.87
  469.41,   854.28,   724.65
  471.01,   854.18,   850.90
  599.95,   607.51,   600.43
  602.74,   607.16,   725.50
  602.30,   607.70,   850.43
  596.67,   733.71,   598.74
  599.80,   731.98,   724.40
  601.26,   731.62,   850.07
  593.97,   858.89,   598.40
  596.95,   857.64,   724.16
  598.26,   856.44,   850.38
  475.13,   101.40,    98.46
  475.21,    99.99,   224.37
  475.28,    98.50,   348.44
  473.65,   225.99,   100.25
  473.24,   224.45,   226.28
  474.60,   222.87,   350.08
  474.46,   351.76,   103.39
  473.26,   350.21,   227.11
  474.18,   347.20,   351.38
  600.40,   101.87,    98.10
  600.10,   100.34,   224.29
  600.24,    98.95,   348.40
  598.38,   227.04,   100.70
  598.10,   225.44,   226.14
  599.65,   223.58,   349.90
  599.56,   352.07,   103.36
  599.07,   349.47,   227.00
  599.23,   347.19,   351.63
  726.77,   101.33,    98.22
  725.72,   100.74,   222.96
  725.67,    99.85,   348.51
  724.86,   226.87,   100.79
  724.27,   226.14,   225.48
  724.91,   224.38,   349.33
  724.91,   350.83,   103.30
  724.57,   348.43,   227.80
  725.14,   347.58,   352.65
  474.33,    99.21,   226.90
  477.57,    98.01,   350.88
  479.76,    97.30,   475.29
  470.77,   223.71,   228.66
  474.93,   222.42,   352.21
  478.68,   221.41,   476.60
  468.72,   349.29,   229.04
  472.65,   347.02,   352.86
  475.94,   345.85,   478.35
  599.25,   101.54,   223.74
  602.48,   100.55,   347.97
  605.56,    99.68,   472.40
  595.22,   226.15,   225.17
  600.17,   224.90,   349.12
  603.80,   223.96,   473.53
  594.43,   350.68,   225.83
  597.81,   348.98,   350.22
  601.05,   347.62,   475.96
  724.88,   103.32,   219.65
  727.88,   103.32,   344.70
  732.19,   102.69,   470.40
  721.17,   228.72,   221.46
  725.12,   227.70,   345.37
  728.85,   226.53,   469.73
  719.98,   351.50,   223.08
  723.50,   350.80,   347.83
  726.76,   349.17,   473.14
  474.10,   100.63,   348.25
  470.43,   104.23,   472.38
  465.68,   107.54,   597.06
  475.64,   225.07,   344.99
  473.15,   228.37,   469.21
  468.68,   232.00,   595.13
  477.12,   349.65,   341.03
  474.94,   352.40,   466.61
  471.80,   356.53,   592.76
  599.19,    99.19,   351.08
  596.21,   102.80,   475.60
  592.45,   106.30,   600.77
  600.64,   223.58,   347.64
  598.79,   226.98,   472.29
  594.49,   230.95,   598.00
  602.61,   347.32,   344.68
  599.83,   350.70,   469.89
  596.42,   354.54,   595.69
  724.68,    97.95,   354.06
  722.52,   101.95,   479.44
  720.80,   104.86,   604.41
  725.58,   222.06,   349.73
  723.72,   225.43,   474.51
  720.69,   230.14,   600.35
  728.20,   345.10,   348.32
  725.68,   348.19,   473.07
  720.97,   352.67,   598.31
  473.46,   102.07,   472.71
  475.44,   101.50,   597.50
  477.45,   100.78,   723.11
  473.94,   226.44,   473.65
  475.49,   226.17,   599.28
  476.64,   225.37,   725.51
  473.02,   350.78,   474.65
  476.32,   350.57,   600.88
  479.08,   350.50,   726.64
  599.28,   103.12,   469.37
  602.04,   102.56,   594.43
  604.79,   102.20,   720.47
  599.35,   227.28,   470.08
  601.80,   227.46,   595.95
  602.86,   228.13,   722.50
  597.80,   350.98,   471.30
  601.00,   351.36,   597.39
  603.20,   351.89,   722.81
  725.78,   104.55,   466.48
  730.21,   103.35,   591.76
  734.06,   101.98,   716.87
  724.41,   227.90,   465.70
  728.07,   229.12,   591.63
  730.59,   229.64,   718.92
  723.87,   350.98,   468.46
  725.68,   351.32,   593.38
  727.05,   353.13,   719.18
  472.36,   101.41,   599.84
  473.46,    99.12,   725.46
  476.75,    96.40,   850.87
  472.16,   226.17,   603.79
  472.19,   223.71,   730.00
  474.65,   220.69,   854.43
  472.60,   350.42,   606.44
  474.00,   348.61,   732.30
  474.92,   346.53,   856.51
  599.21,   103.00,   598.30
  600.73,   101.01,   724.23
  603.03,    97.72,   848.90
  598.25,   228.14,   601.17
  598.37,   226.83,   727.76
  599.95,   223.82,   852.53
  597.12,   351.56,   604.35
  598.05,   350.48,   729.87
  598.69,   348.64,   855.02
  727.37,   104.63,   596.86
  729.77,   101.42,   721.95
  731.69,    99.63,   847.18
  724.82,   229.92,   598.20
  726.23,   229.25,   725.47
  727.10,   227.09,   851.92
  721.82,   352.23,   601.82
  722.05,   352.60,   727.34
  723.25,   350.10,   853.01
  474.22,   224.29,    99.00
  471.74,   226.67,   225.12
  470.72,   229.00,   348.70
  475.04,   349.85,    97.74
  471.81,   352.34,   221.74
  470.12,   353.62,   345.85
  475.88,   475.43,    95.74
  471.89,   478.38,   219.36
  468.58,   479.97,   343.95
  598.94,   225.31,   101.49
  596.60,   227.58,   226.84
  596.14,   229.59,   350.79
  600.05,   350.28,   100.29
  597.13,   351.64,   224.00
  595.48,   353.47,   348.55
  601.38,   475.47,    97.90
  598.22,   477.14,   221.72
  594.39,   478.80,   346.65
  725.18,   225.08,   103.99
  722.43,   228.35,   228.60
  720.80,   230.49,   352.29
  725.54,   348.96,   102.27
  723.02,   350.80,   226.80
  721.09,   353.76,   351.51
  725.64,   474.42,    99.62
  723.72,   475.05,   224.29
  720.68,   478.37,   350.22
  471.63,   225.47,   226.57
  472.36,   226.39,   350.08
  471.79,   227.47,   474.52
  471.98,   351.03,   224.49
  472.02,   351.33,   348.55
  471.66,   351.71,   474.24
  473.14,   477.19,   223.67
  471.14,   477.19,   348.08
  470.50,   477.39,   473.30
  596.35,   226.02,   226.65
  597.43,   226.56,   350.86
  597.22,   227.65,   475.39
  597.83,   350.23,   225.40
  597.58,   350.40,   350.03
  596.58,   351.36,   475.23
  599.23,   475.65,   224.63
  596.88,   475.82,   349.35
  595.37,   476.45,   474.97
  722.24,   225.85,   226.95
  722.33,   226.94,   350.76
  722.28,   227.58,   475.28
  723.65,   348.78,   226.60
  723.04,   350.14,   351.26
  722.44,   350.84,   476.44
  724.90,   472.61,   225.18
  723.02,   474.63,   351.64
  721.01,   476.29,   477.72
  475.51,   225.30,   351.63
  474.82,   227.61,   475.83
  472.09,   230.32,   601.93
  476.45,   349.60,   348.41
  475.70,   352.14,   474.16
  474.93,   354.87,   600.09
  476.49,   476.14,   346.72
  475.71,   477.56,   471.89
  476.04,   479.61,   597.04
  600.46,   224.18,   352.21
  600.40,   226.45,   476.91
  598.23,   229.82,   602.72
  601.67,   347.91,   350.06
  600.80,   350.48,   475.55
  599.48,   353.58,   601.15
  602.37,   473.26,   348.14
  600.96,   475.35,   473.84
  600.06,   477.97,   599.07
  725.30,   223.28,   352.38
  725.37,   225.88,   476.73
  724.54,   229.48,   603.05
  727.64,   346.48,   351.56
  726.66,   348.61,   476.51
  724.21,   351.91,   601.94
  728.45,   470.73,   350.09
  726.61,   474.36,   476.53
  723.64,   476.30,   601.07
  473.65,   224.34,   476.39
  468.67,   225.83,   602.22
  463.09,   226.38,   728.48
  470.68,   348.61,   475.51
  466.88,   350.13,   601.67
  462.60,   351.37,   727.38
  466.16,   474.24,   474.55
  464.15,   475.18,   599.69
  461.62,   476.64,   725.37
  599.33,   227.76,   479.68
  594.60,   229.67,   605.92
  588.65,   231.73,   732.36
  595.43,   351.14,   479.42
  591.59,   353.44,   605.51
  587.14,   355.72,   730.74
  591.07,   476.06,   478.76
  587.84,   477.72,   604.14
  585.59,   479.23,   728.88
  724.46,   230.94,   482.25
  720.68,   233.94,   608.55
  716.16,   235.92,   735.96
  720.94,   353.68,   483.27
  715.70,   356.05,   608.46
  710.42,   359.46,   734.19
  716.28,   479.80,   484.16
  711.46,   480.56,   608.80
  706.64,   482.15,   732.03
  472.86,   227.46,   600.09
  474.40,   223.70,   726.48
  478.58,   219.20,   850.69
  472.37,   351.84,   604.49
  475.70,   348.57,   730.31
  478.22,   344.82,   854.56
  471.51,   476.57,   607.77
  476.11,   473.68,   733.10
  478.30,   470.36,   857.77
  598.85,   229.84,   596.05
  600.65,   227.48,   722.54
  603.80,   222.87,   847.38
  597.23,   353.58,   600.88
  599.89,   351.31,   726.41
  602.17,   347.40,   851.39
  595.05,   478.00,   604.80
  599.64,   474.97,   729.67
  601.46,   471.45,   854.45
  725.01,   232.65,   591.43
  728.24,   230.23,   719.03
  731.13,   226.68,   844.96
  721.87,   354.80,   596.72
  723.45,   353.48,   722.24
  726.40,   349.60,   847.73
  718.56,   479.16,   602.15
  720.87,   476.16,   725.22
  723.91,   472.35,   849.33
  473.50,   352.58,   101.32
  472.87,   349.85,   225.23
  474.38,   346.30,   349.16
  478.22,   478.00,   104.19
  477.36,   475.81,   227.75
  476.89,   472.31,   352.01
  482.26,   602.48,   105.73
  481.20,   600.94,   230.99
  479.44,   598.34,   355.26
  598.41,   349.02,   100.46
  598.58,   345.64,   224.45
  599.71,   342.45,   349.15
  603.43,   473.95,   103.31
  603.22,   470.86,   226.88
  602.59,   467.74,   352.00
  607.24,   597.96,   104.65
  606.84,   596.25,   229.54
  605.04,   593.68,   354.90
  723.90,   343.86,    99.44
  724.07,   340.74,   223.86
  725.48,   338.90,   348.94
  727.86,   469.29,   101.48
  729.02,   464.49,   226.21
  728.85,   463.27,   352.39
  731.06,   594.21,   102.52
  732.32,   590.30,   227.28
  731.73,   588.44,   354.45
  474.24,   349.60,   226.26
  474.56,   346.88,   350.07
  474.58,   344.67,   475.70
  475.41,   475.94,   228.24
  473.94,   472.96,   352.61
  473.33,   470.23,   477.71
  476.52,   600.85,   230.86
  473.47,   598.96,   354.88
  472.20,   596.08,   479.09
  599.95,   348.17,   226.49
  600.00,   345.78,   351.11
  599.62,   343.91,   476.84
  601.70,   473.52,   228.82
  599.48,   470.89,   353.54
  598.34,   468.97,   479.31
  602.17,   599.51,   230.90
  599.06,   597.46,   355.85
  597.53,   594.94,   480.91
  725.63,   346.65,   227.64
  725.79,   345.38,   352.63
  725.43,   342.95,   477.59
  727.26,   470.65,   229.17
  725.63,   469.77,   355.53
  724.28,   468.62,   481.78
  727.70,   596.19,   229.91
  726.02,   595.24,   357.08
  723.78,   594.92,   483.59
  476.09,   348.05,   349.97
  477.50,   347.94,   475.42
  477.97,   348.56,   601.48
  473.92,   474.18,   350.29
  474.75,   473.43,   475.36
  476.67,   473.58,   600.90
  471.76,   600.00,   350.62
  472.05,   599.30,   474.58
  474.28,   598.68,   599.47
  601.47,   348.82,   349.53
  602.20,   348.96,   474.90
  602.50,   349.74,   600.93
  599.81,   473.92,   350.03
  599.85,   473.57,   475.61
  600.81,   474.17,   601.03
  597.43,   600.41,   350.09
  597.11,   600.08,   475.01
  598.99,   599.90,   600.18
  727.41,   349.75,   349.70
  728.06,   349.33,   474.69
  727.14,   350.64,   599.88
  725.74,   474.27,   350.52
  725.43,   475.34,   476.80
  724.27,   475.24,   601.57
  724.50,   599.80,   349.68
  723.48,   601.41,   476.50
  723.24,   601.02,   601.77
  475.77,   349.41,   475.52
  475.98,   347.61,   601.38
  475.86,   345.63,   727.10
  476.55,   474.81,   477.42
  478.91,   472.26,   603.15
  480.64,   470.73,   728.78
  477.42,   600.73,   479.05
  480.06,   597.75,   604.00
  483.19,   595.66,   729.93
  600.70,   346.66,   475.15
  600.80,   345.15,   601.04
  600.20,   344.30,   726.48
  601.73,   471.44,   477.67
  602.87,   469.63,   603.14
  603.96,   468.08,   728.10
  602.94,   597.71,   479.89
  604.53,   594.87,   604.56
  607.39,   591.88,   729.43
  726.42,   343.50,   474.39
  725.56,   342.47,   599.74
  724.22,   342.86,   725.53
  727.28,   469.05,   478.71
  726.20,   466.57,   603.47
  724.86,   465.50,   726.75
  728.99,   595.32,   481.18
  728.64,   592.68,   606.43
  728.91,   589.12,   728.97
  474.59,   350.24,   600.41
  477.91,   352.32,   726.02
  480.80,   354.28,   850.38
  478.37,   475.05,   597.91
  483.60,   477.34,   723.30
  485.93,   479.52,   848.11
  480.46,   600.29,   594.70
  487.21,   602.28,   720.36
  490.86,   604.00,   845.83
  599.19,   346.59,   596.35
  601.81,   349.60,   722.06
  604.52,   351.39,   846.93
  602.15,   471.15,   594.74
  606.71,   473.03,   719.56
  609.11,   475.27,   844.38
  605.15,   596.45,   592.08
  611.15,   597.53,   716.82
  614.59,   599.30,   841.75
  723.89,   342.66,   591.62
  725.87,   346.85,   717.40
  728.73,   348.22,   843.05
  725.96,   466.77,   591.69
  727.95,   469.35,   715.09
  731.47,   470.97,   838.75
  729.55,   592.96,   590.64
  732.80,   593.19,   713.43
  736.17,   595.44,   835.87
  478.03,   476.97,   100.51
  480.50,   480.36,   223.81
  483.11,   482.53,   348.31
  479.69,   601.07,    96.65
  482.14,   605.64,   222.06
  483.69,   608.33,   346.11
  480.43,   725.62,    93.46
  484.32,   728.59,   219.13
  486.15,   731.87,   343.10
  603.15,   475.08,    96.54
  606.66,   477.40,   219.99
  608.96,   479.50,   345.22
  604.42,   599.28,    92.13
  608.20,   603.06,   216.94
  609.42,   605.89,   342.42
  604.42,   723.24,    87.37
  608.88,   727.52,   213.05
  610.29,   732.54,   339.16
  727.58,   472.47,    91.67
  731.96,   473.19,   215.98
  734.97,   476.94,   342.31
  728.18,   597.47,    87.33
  733.36,   599.07,   211.43
  736.15,   602.63,   338.47
  728.23,   720.91,    83.31
  732.82,   726.06,   206.94
  736.41,   731.09,   334.15
  475.05,   475.94,   226.98
  472.61,   476.72,   351.19
  471.10,   477.25,   476.27
  473.46,   601.34,   226.26
  469.41,   602.74,   350.36
  467.60,   603.00,   474.32
  472.09,   724.62,   225.23
  468.41,   726.45,   349.01
  464.95,   727.97,   472.26
  601.07,   476.63,   228.18
  598.18,   477.58,   353.44
  596.07,   478.51,   478.94
  599.07,   602.43,   226.90
  594.96,   603.94,   352.03
  592.78,   604.89,   476.95
  596.51,   726.92,   224.40
  592.53,   730.42,   350.31
  589.80,   731.61,   474.81
  726.75,   476.17,   229.48
  724.37,   478.78,   355.90
  721.62,   481.26,   481.88
  724.37,   602.31,   226.65
  722.02,   604.52,   353.51
  718.97,   607.46,   480.32
  720.41,   729.49,   224.04
  718.39,   732.76,   351.16
  716.74,   733.72,   477.19
  473.35,   477.67,   347.94
  472.43,   480.35,   472.82
  473.19,   483.18,   598.23
  471.94,   603.52,   345.05
  470.46,   606.08,   469.23
  471.37,   608.51,   594.02
  472.53,   727.22,   342.29
  469.42,   730.84,   465.69
  468.58,   733.70,   589.76
  598.91,   476.96,   349.33
  597.36,   479.87,   474.73
  597.13,   483.32,   599.97
  597.36,   603.61,   346.44
  595.48,   606.32,   471.31
  595.92,   609.05,   595.86
  596.93,   729.73,   342.80
  594.48,   733.00,   467.29
  594.69,   734.95,   591.57
  725.19,   476.66,   351.27
  723.16,   480.99,   477.15
  720.68,   483.65,   602.00
  724.47,   602.06,   347.26
  722.06,   607.17,   474.03
  720.56,   609.77,   599.03
  722.44,   730.94,   342.75
  721.49,   733.35,   468.67
  721.63,   735.89,   593.92
  475.81,   476.27,   476.24
  474.15,   474.15,   601.53
  472.71,   473.01,   727.28
  474.91,   601.96,   477.28
  474.03,   599.46,   602.07
  472.97,   597.96,   727.92
  475.19,   726.96,   478.54
  472.80,   724.70,   603.02
  471.96,   722.23,   729.33
  600.68,   474.34,   479.88
  598.10,   473.19,   605.41
  596.12,   471.76,   730.21
  600.34,   600.77,   481.44
  598.69,   598.43,   606.19
  597.74,   595.90,   731.14
  600.19,   727.38,   482.51
  599.01,   724.49,   606.87
  598.92,   720.88,   732.72
  726.33,   473.89,   484.60
  721.79,   472.00,   609.49
  717.16,   470.72,   732.74
  726.61,   600.40,   486.64
  722.67,   597.62,   611.58
  719.29,   594.63,   734.54
  727.79,   726.12,   486.37
  725.54,   723.85,   611.59
  723.63,   720.71,   736.06
  476.79,   474.88,   601.35
  480.88,   473.05,   726.93
  482.06,   471.25,   851.76
  473.22,   600.19,   602.38
  478.51,   598.06,   728.62
  480.85,   595.89,   853.82
  468.96,   725.46,   603.87
  474.42,   722.58,   730.18
  478.48,   719.55,   856.57
  600.69,   477.18,   599.46
  604.12,   475.32,   724.29
  605.23,   473.47,   849.05
  597.58,   602.46,   601.02
  602.43,   599.53,   725.70
  604.83,   597.34,   850.83
  595.04,   728.62,   602.06
  600.68,   724.46,   727.51
  604.47,   721.35,   852.79
  724.27,   478.93,   597.75
  724.96,   477.15,   720.71
  727.59,   474.95,   844.52
  722.07,   605.06,   600.20
  724.44,   601.17,   723.48
  726.84,   599.48,   846.34
  721.47,   730.84,   600.88
  725.57,   727.32,   725.05
  727.78,   724.64,   848.82
  476.32,   601.65,   101.63
  476.50,   606.06,   227.16
  475.76,   608.90,   351.11
  479.34,   725.82,    98.27
  481.38,   729.27,   223.96
  480.69,   732.71,   348.42
  480.75,   850.19,    92.99
  485.77,   851.70,   220.02
  485.63,   855.59,   346.46
  601.30,   597.14,    99.36
  602.19,   601.03,   224.41
  601.26,   604.24,   349.81
  603.67,   720.67,    94.46
  605.56,   725.60,   220.36
  604.94,   730.32,   346.37
  605.32,   845.67,    89.48
  609.53,   849.68,   216.94
  610.10,   855.31,   343.22
  724.70,   592.61,    96.62
  727.71,   594.48,   221.16
  728.14,   598.27,   348.31
  727.36,   716.01,    92.21
  729.88,   721.62,   216.55
  731.04,   726.50,   343.89
  729.48,   842.41,    89.12
  732.98,   849.62,   214.36
  733.91,   853.93,   340.01
  474.06,   601.48,   228.04
  472.33,   599.13,   352.08
  472.87,   596.30,   476.25
  477.88,   724.69,   230.15
  476.43,   723.10,   354.47
  475.36,   721.12,   477.71
  481.96,   847.07,   231.60
  480.32,   846.08,   357.23
  478.54,   845.49,   480.45
  599.68,   597.24,   226.35
  598.24,   595.40,   351.61
  597.77,   592.65,   476.59
  602.31,   721.89,   227.47
  600.70,   721.86,   353.40
  600.28,   719.39,   477.60
  605.75,   846.15,   229.10
  604.92,   846.42,   355.31
  604.01,   844.34,   479.15
  725.14,   591.47,   224.20
  724.95,   590.11,   350.90
  724.01,   589.86,   478.01
  726.61,   718.76,   224.77
  727.16,   718.27,   351.73
  727.63,   715.90,   478.27
  729.00,   847.24,   227.26
  729.02,   846.02,   353.10
  729.33,   842.17,   477.84
  473.28,   602.19,   351.25
  470.27,   603.79,   475.13
  469.49,   605.56,   599.87
  477.78,   725.97,   348.89
  473.08,   728.29,   472.31
  471.16,   730.48,   596.71
  482.32,   849.02,   348.08
  476.94,   852.50,   471.34
  474.11,   855.26,   595.32
  598.66,   597.85,   353.97
  595.36,   599.93,   478.92
  594.02,   601.52,   603.87
  601.95,   724.10,   351.46
  597.93,   726.31,   475.67
  597.24,   727.85,   600.37
  606.49,   848.90,   349.17
  602.10,   851.05,   473.02
  600.95,   853.05,   598.01
  725.64,   592.74,   357.02
  721.44,   596.42,   483.73
  718.06,   598.22,   608.55
  728.13,   720.57,   353.34
  725.52,   722.56,   479.60
  723.72,   724.31,   604.31
  730.43,   848.31,   350.29
  727.13,   849.12,   475.06
  727.34,   850.04,   601.22
  471.09,   602.72,   475.06
  474.56,   604.46,   599.81
  478.92,   606.88,   725.77
  470.96,   727.83,   472.18
  472.93,   729.98,   596.58
  477.27,   731.50,   722.82
  471.45,   851.47,   471.04
  472.88,   854.47,   594.83
  476.72,   856.59,   720.94
  596.12,   602.26,   474.43
  599.19,   604.04,   599.41
  603.05,   605.82,   724.33
  595.70,   728.79,   471.20
  599.27,   730.05,   595.85
  603.70,   730.83,   721.47
  596.82,   853.56,   468.51
  599.49,   855.35,   593.34
  603.99,   856.59,   719.11
  722.48,   601.97,   474.57
  723.81,   604.14,   599.95
  725.19,   604.84,   723.20
  723.12,   728.04,   470.49
  725.85,   730.11,   595.63
  729.12,   731.23,   719.94
  721.50,   854.76,   466.23
  725.83,   855.90,   592.47
  730.68,   856.81,   717.09
  474.47,   598.20,   599.42
  479.91,   598.32,   725.19
  482.52,   598.40,   850.73
  473.52,   723.61,   598.37
  479.11,   722.82,   724.53
  483.34,   722.15,   851.40
  474.30,   848.27,   599.07
  479.01,   847.57,   725.15
  483.81,   846.96,   851.43
  598.99,   596.94,   597.86
  603.84,   596.47,   722.71
  606.57,   596.62,   847.68
  599.43,   723.21,   596.46
  605.41,   721.51,   721.86
  609.31,   720.84,   847.20
  600.58,   848.76,   596.38
  606.42,   847.06,   722.17
  610.90,   845.54,   848.18
  723.32,   596.23,   597.02
  725.61,   594.68,   720.31
  727.98,   595.37,   842.77
  726.28,   722.01,   595.02
  730.11,   721.10,   719.56
  732.68,   720.52,   843.32
  727.00,   847.94,   594.04
  733.24,   846.94,   719.20
  735.92,   846.16,   844.27
  599.85,   101.70,    98.42
  596.84,   102.11,   224.28
  594.03,   102.27,   348.96
  598.56,   227.09,    99.22
  595.65,   226.77,   224.90
  594.45,   226.52,   348.68
  600.99,   352.26,   100.39
  597.56,   351.23,   224.53
  594.98,   350.55,   348.76
  725.89,   100.54,   101.17
  722.65,   101.16,   226.07
  719.53,   102.18,   351.62
  724.90,   225.99,   102.35
  721.83,   226.66,   226.89
  719.36,   226.34,   350.78
  726.03,   349.73,   102.89
  723.28,   349.36,   227.51
  720.98,   349.59,   352.48
  851.90,    99.59,   104.39
  848.39,   100.31,   228.42
  846.53,   101.21,   354.97
  851.48,   226.10,   106.38
  848.18,   225.89,   229.73
  845.94,   225.71,   353.40
  850.88,   349.53,   106.29
  847.88,   348.53,   231.28
  846.33,   348.41,   355.98
  600.96,   100.32,   223.87
  604.02,    97.62,   348.33
  606.87,    94.60,   472.73
  600.82,   224.83,   227.15
  605.44,   221.83,   351.21
  609.40,   218.89,   475.36
  603.88,   349.17,   229.62
  607.42,   345.55,   354.34
  610.62,   342.36,   479.65
  726.52,    98.25,   219.63
  729.42,    96.37,   345.37
  733.57,    93.72,   470.78
  726.74,   223.72,   223.40
  730.70,   220.72,   347.06
  734.32,   217.82,   471.54
  729.72,   345.97,   226.83
  733.27,   343.66,   351.69
  736.22,   340.37,   476.80
  852.25,    95.96,   216.03
  856.10,    93.65,   342.85
  860.42,    90.89,   469.13
  853.34,   221.78,   220.29
  857.04,   218.69,   343.80
  860.77,   216.16,   468.41
  854.32,   344.44,   224.91
  858.22,   341.29,   349.40
  861.22,   337.18,   473.83
  598.29,    99.06,   349.06
  595.14,    98.03,   473.41
  591.55,    96.67,   598.41
  601.81,   223.64,   350.48
  599.69,   222.16,   474.81
  595.60,   221.76,   600.64
  605.92,   347.47,   351.72
  602.96,   345.73,   477.26
  599.75,   345.37,   603.21
  723.86,    95.71,   351.73
  721.94,    94.87,   477.46
  719.56,    92.70,   602.50
  726.94,   219.91,   352.05
  724.72,   218.94,   476.91
  722.29,   218.89,   602.69
  731.74,   343.32,   355.48
  728.86,   341.41,   480.50
  724.18,   341.29,   605.52
  850.27,    91.02,   355.53
  848.89,    89.94,   481.51
  846.43,    87.72,   605.81
  853.35,   215.99,   354.81
  851.00,   215.13,   479.25
  848.68,   215.10,   605.71
  856.79,   338.48,   358.53
  853.78,   336.05,   483.18
  848.97,   337.25,   608.18
  599.40,    99.96,   474.77
  601.66,    98.73,   599.96
  603.81,    97.29,   725.74
  599.78,   224.40,   476.09
  601.67,   223.65,   602.27
  602.14,   223.31,   728.55
  598.90,   348.19,   478.70
  601.25,   347.44,   604.60
  602.65,   347.25,   729.98
  726.05,   101.56,   472.99
  730.29,    99.20,   598.09
  733.02,    96.94,   723.01
  724.90,   225.06,   472.41
  728.02,   225.38,   598.54
  730.25,   224.74,   726.08
  724.82,   347.92,   476.31
  726.00,   347.65,   601.15
  726.72,   348.46,   726.98
  853.08,   101.05,   471.08
  856.90,    98.82,   595.47
  859.52,    98.30,   719.94
  851.13,   225.42,   469.44
  854.34,   225.64,   595.73
  857.89,   225.68,   723.52
  850.03,   346.84,   473.49
  850.77,   347.34,   598.42
  851.11,   348.91,   723.80
  598.16,   101.86,   598.19
  595.11,    98.22,   723.92
  592.54,    93.65,   848.61
  601.76,   226.54,   602.34
  596.83,   224.20,   729.08
  593.87,   219.65,   853.59
  604.64,   350.35,   606.81
  600.64,   347.85,   732.22
  596.67,   344.66,   857.50
  726.73,    98.72,   601.78
  723.78,    94.24,   726.79
  720.95,    91.24,   851.65
  727.90,   224.74,   604.24
  724.81,   222.12,   731.47
  720.74,   218.58,   857.25
  729.11,   346.75,   608.73
  724.67,   345.87,   734.74
  721.00,   341.65,   860.19
  853.27,    94.13,   604.26
  850.49,    92.14,   728.62
  845.95,    90.43,   855.84
  854.37,   221.63,   606.71
  852.75,   219.40,   734.67
  848.68,   217.42,   861.46
  853.77,   343.82,   611.12
  849.32,   342.68,   736.93
  847.01,   338.77,   862.62
  596.54,   225.00,    98.99
  596.26,   226.09,   224.76
  598.02,   226.71,   348.52
  594.66,   350.34,    99.09
  594.17,   350.27,   223.03
  594.29,   350.60,   347.50
  592.80,   475.20,    98.35
  591.77,   475.61,   222.44
  590.28,   476.14,   347.34
  722.83,   227.94,    99.48
  722.49,   229.76,   223.95
  722.92,   230.53,   347.91
  719.96,   352.13,    98.89
  719.72,   352.16,   223.55
  720.29,   353.82,   348.52
  717.08,   477.39,    97.66
  717.75,   476.52,   222.16
  716.37,   478.39,   348.59
  849.24,   232.32,   100.78
  848.72,   233.20,   224.43
  849.34,   233.72,   347.60
  844.49,   355.59,    99.47
  844.57,   355.38,   224.48
  845.51,   356.56,   349.24
  840.74,   481.27,    97.25
  841.56,   478.54,   222.62
  841.32,   481.74,   349.74
  598.10,   224.34,   226.82
  602.67,   225.55,   350.65
  605.96,   227.10,   475.16
  598.59,   348.62,   224.52
  601.83,   349.74,   349.40
  604.22,   351.03,   474.81
  599.11,   473.98,   223.21
  600.22,   475.01,   348.38
  602.10,   475.72,   474.04
  724.38,   225.79,   223.28
  727.80,   226.80,   347.41
  731.04,   228.27,   471.88
  724.47,   348.18,   222.51
  727.40,   350.37,   347.40
  730.10,   351.04,   472.32
  724.76,   472.33,   220.90
  726.17,   474.41,   346.88
  727.65,   477.22,   473.05
  850.79,   226.23,   220.84
  853.95,   227.37,   344.31
  857.21,   228.93,   469.15
  849.16,   348.60,   220.79
  852.68,   350.12,   345.47
  855.44,   350.63,   470.13
  848.28,   471.76,   218.21
  850.95,   475.09,   345.12
  852.74,   478.05,   471.12
  598.57,   223.50,   351.05
  601.99,   220.99,   475.49
  603.68,   219.16,   601.25
  596.91,   347.34,   353.67
  600.12,   344.81,   479.28
  601.89,   342.93,   605.05
  594.98,   472.70,   357.02
  597.16,   469.62,   482.51
  600.19,   467.45,   607.91
  723.56,   225.40,   347.61
  727.08,   222.80,   471.90
  730.35,   222.07,   598.16
  722.73,   348.77,   351.65
  725.75,   345.76,   476.94
  726.82,   344.02,   602.05
  721.16,   473.03,   355.70
  722.60,   471.52,   481.67
  723.65,   468.45,   606.16
  849.97,   226.58,   344.42
  853.30,   224.39,   469.33
  856.47,   223.44,   595.10
  848.04,   349.32,   349.60
  851.05,   345.81,   474.48
  851.75,   345.44,   599.04
  845.94,   474.49,   353.54
  847.44,   472.70,   479.79
  847.47,   470.62,   603.87
  602.02,   225.54,   473.79
  601.54,   227.76,   599.41
  599.80,   230.05,   726.03
  602.76,   349.38,   473.53
  602.86,   351.40,   599.35
  602.13,   353.85,   724.61
  602.91,   474.27,   472.60
  603.68,   476.06,   598.01
  604.92,   477.70,   723.08
  727.24,   224.54,   472.00
  727.72,   227.36,   598.46
  727.75,   229.66,   725.67
  728.56,   347.15,   472.89
  727.48,   349.48,   598.21
  725.89,   353.45,   724.04
  728.69,   472.95,   473.72
  727.30,   473.94,   598.70
  726.15,   476.17,   721.98
  853.28,   222.92,   471.59
  854.24,   225.86,   597.45
  855.58,   228.50,   725.47
  853.77,   344.42,   472.61
  852.62,   347.93,   597.51
  850.63,   351.76,   723.29
  853.58,   471.14,   474.00
  851.65,   473.11,   598.34
  848.51,   475.20,   720.62
  599.63,   225.75,   598.32
  596.63,   229.09,   725.05
  595.75,   230.53,   849.92
  602.08,   349.51,   597.12
  600.29,   352.95,   722.67
  598.40,   355.24,   847.81
  603.86,   473.71,   594.93
  603.82,   476.51,   720.16
  602.21,   479.34,   845.12
  725.95,   224.38,   598.28
  724.43,   227.73,   725.52
  722.66,   230.13,   851.80
  726.62,   346.39,   597.23
  723.90,   351.19,   723.11
  722.58,   353.06,   848.73
  727.70,   471.03,   596.83
  725.19,   473.93,   720.11
  724.15,   476.04,   844.20
  852.37,   222.11,   598.76
  852.31,   225.43,   726.63
  850.66,   229.06,   853.86
  851.41,   343.90,   597.58
  848.83,   348.75,   723.36
  847.88,   350.46,   848.83
  851.55,   468.76,   597.57
  847.29,   472.07,   719.80
  847.83,   473.85,   842.66
  599.00,   349.53,   102.13
  597.88,   351.10,   226.02
  597.39,   352.97,   350.34
  597.72,   474.46,    99.79
  596.16,   476.61,   223.45
  593.89,   478.28,   348.61
  594.83,   598.55,    96.31
  593.37,   602.27,   221.42
  589.68,   604.47,   346.51
  724.67,   350.79,   102.46
  723.76,   352.58,   226.95
  723.19,   355.80,   352.06
  722.09,   476.25,    99.81
  721.67,   476.77,   224.36
  719.92,   480.29,   350.60
  718.88,   601.24,    95.93
  718.71,   602.61,   220.37
  716.49,   605.94,   347.47
  849.17,   354.24,   103.52
  848.28,   355.12,   228.49
  848.56,   358.00,   353.51
  845.63,   479.73,    99.62
  845.69,   478.60,   225.34
  844.79,   482.92,   352.09
  842.65,   605.19,    96.94
  843.50,   604.65,   220.69
  842.22,   609.09,   348.29
  599.85,   349.05,   226.91
  603.03,   349.88,   351.57
  605.46,   350.75,   477.16
  601.05,   474.32,   225.76
  602.07,   475.05,   350.76
  604.08,   475.76,   476.34
  601.25,   600.25,   224.98
  600.91,   601.08,   350.15
  602.24,   602.16,   475.13
  725.62,   347.78,   224.92
  728.62,   349.49,   349.54
  731.25,   350.21,   474.83
  726.71,   472.07,   223.45
  728.18,   473.83,   349.45
  729.52,   476.47,   476.03
  726.68,   597.73,   220.66
  727.68,   599.52,   347.69
  728.84,   602.38,   474.48
  850.55,   347.60,   222.97
  853.83,   348.84,   347.72
  856.40,   348.94,   472.53
  850.27,   471.06,   221.02
  852.86,   473.84,   348.04
  854.61,   476.32,   474.02
  851.07,   596.80,   217.91
  852.90,   599.86,   345.34
  853.75,   604.66,   472.89
  601.63,   347.77,   348.58
  599.84,   349.48,   473.99
  596.86,   352.58,   599.87
  604.13,   472.75,   347.49
  601.51,   474.30,   472.80
  599.67,   476.81,   598.12
  606.56,   599.26,   345.60
  603.23,   600.80,   470.76
  602.18,   602.12,   595.82
  727.21,   344.44,   351.58
  725.34,   346.00,   476.60
  721.89,   349.07,   601.52
  730.13,   468.47,   350.81
  727.22,   471.64,   476.63
  723.13,   473.14,   601.51
  733.25,   593.89,   348.04
  729.77,   597.67,   475.08
  726.71,   599.30,   600.35
  852.66,   340.44,   353.95
  850.79,   341.17,   478.58
  846.41,   345.79,   603.42
  854.86,   465.30,   353.50
  852.04,   467.99,   479.68
  847.23,   470.58,   603.59
  858.00,   591.30,   350.58
  854.51,   596.68,   477.79
  850.87,   597.61,   602.86
  600.37,   349.67,   476.94
  603.86,   354.48,   602.58
  606.57,   359.03,   727.84
  599.69,   474.48,   473.88
  603.89,   478.60,   599.05
  608.45,   482.90,   723.60
  599.23,   600.80,   469.75
  604.02,   604.01,   594.64
  609.96,   607.14,   719.27
  726.05,   348.36,   473.00
  728.33,   352.82,   598.24
  730.07,   359.07,   723.96
  725.56,   474.00,   471.74
  727.52,   477.48,   596.56
  729.40,   481.58,   719.49
  725.45,   600.12,   467.70
  728.42,   603.59,   593.21
  731.82,   605.66,   716.37
  851.35,   346.06,   469.56
  853.15,   351.65,   593.97
  854.66,   357.98,   719.58
  850.36,   472.90,   468.23
  851.66,   477.10,   592.90
  851.64,   481.38,   715.22
  850.58,   601.04,   464.55
  853.05,   604.49,   589.59
  854.33,   606.07,   712.36
  598.68,   348.56,   602.97
  597.57,   346.57,   728.77
  596.08,   343.26,   853.76
  600.52,   473.13,   606.80
  601.06,   470.17,   731.57
  599.19,   467.26,   856.34
  602.52,   598.11,   609.40
  604.64,   594.06,   734.38
  603.49,   591.24,   858.96
  723.23,   345.89,   602.24
  721.36,   345.04,   728.43
  720.31,   341.32,   853.78
  724.15,   470.31,   607.67
  722.03,   467.67,   730.88
  721.85,   464.08,   854.97
  726.69,   595.88,   611.58
  725.82,   591.23,   734.05
  725.50,   588.33,   857.34
  848.27,   343.22,   602.06
  846.31,   342.63,   727.84
  846.15,   338.71,   853.69
  847.97,   468.33,   607.35
  844.31,   465.90,   729.80
  846.31,   461.46,   852.96
  850.47,   595.13,   611.92
  847.91,   589.88,   733.88
  848.03,   586.91,   855.29
  600.36,   476.84,   100.48
  603.16,   473.46,   224.21
  605.15,   470.19,   349.10
  600.70,   600.92,   101.91
  602.98,   599.36,   226.98
  604.03,   596.44,   352.11
  599.33,   724.84,   102.75
  602.42,   723.71,   228.44
  603.18,   723.28,   354.54
  724.87,   475.71,    96.48
  728.67,   470.87,   220.81
  731.31,   469.56,   346.87
  724.25,   600.43,    97.20
  728.65,   596.98,   221.96
  730.87,   594.96,   348.87
  722.65,   724.14,    98.26
  726.41,   724.24,   223.08
  729.44,   723.33,   350.40
  848.34,   476.63,    92.56
  852.32,   470.30,   217.70
  855.76,   469.38,   344.70
  848.31,   601.77,    94.59
  852.93,   596.02,   217.97
  855.79,   595.50,   345.71
  848.45,   726.26,    97.50
  854.06,   724.97,   219.24
  858.82,   722.31,   345.58
  599.03,   475.88,   225.51
  594.31,   479.08,   350.19
  590.10,   482.37,   475.67
  595.95,   601.67,   221.98
  590.16,   605.30,   346.70
  585.46,   608.84,   471.65
  592.54,   725.72,   216.82
  586.74,   731.32,   342.94
  581.59,   735.34,   466.99
  724.46,   476.82,   228.51
  720.23,   481.50,   354.69
  715.83,   486.25,   480.94
  721.33,   602.55,   223.26
  716.62,   607.05,   350.37
  711.93,   612.15,   476.56
  716.21,   729.57,   218.00
  711.97,   735.69,   345.57
  708.47,   738.63,   471.19
  848.38,   479.09,   232.15
  844.77,   484.87,   358.76
  840.66,   490.06,   484.94
  845.76,   604.57,   225.90
  842.24,   610.71,   353.70
  837.33,   617.36,   480.83
  843.35,   733.72,   220.94
  841.38,   737.52,   347.18
  838.01,   739.83,   473.56
  599.60,   473.68,   350.75
  602.40,   473.29,   476.10
  606.37,   473.59,   601.71
  596.87,   600.13,   350.91
  599.36,   599.32,   476.14
  603.99,   599.07,   600.92
  595.07,   726.50,   350.74
  597.10,   726.20,   475.33
  602.41,   725.13,   599.72
  725.52,   473.87,   348.05
  727.96,   475.31,   474.59
  729.92,   474.92,   599.09
  723.72,   599.86,   347.66
  725.70,   601.26,   474.43
  728.39,   600.99,   599.61
  720.89,   728.06,   346.51
  724.29,   727.35,   472.65
  728.75,   726.78,   597.65
  850.31,   475.38,   345.49
  852.98,   476.69,   471.48
  853.80,   477.04,   595.87
  849.06,   601.59,   344.05
  851.02,   604.87,   471.49
  852.71,   604.37,   596.83
  850.06,   728.58,   341.72
  853.38,   727.77,   468.53
  855.21,   727.21,   593.69
  600.33,   475.23,   474.94
  603.44,   473.69,   600.40
  606.44,   472.62,   725.19
  600.42,   601.30,   476.61
  604.24,   598.95,   601.23
  608.32,   596.69,   726.20
  601.28,   728.23,   477.27
  605.17,   725.43,   601.83
  610.43,   721.58,   727.52
  726.10,   474.27,   474.36
  726.81,   472.18,   599.18
  727.29,   470.83,   722.21
  726.49,   600.37,   476.03
  728.29,   597.91,   601.15
  729.95,   594.90,   724.23
  728.55,   726.46,   475.70
  731.90,   723.96,   601.22
  734.96,   720.85,   725.58
  850.94,   472.62,   472.12
  851.03,   471.13,   596.53
  849.80,   470.33,   719.06
  851.74,   601.15,   474.22
  852.49,   598.67,   599.00
  852.38,   594.83,   721.41
  857.24,   723.95,   472.68
  858.18,   721.75,   597.97
  858.37,   719.69,   722.12
  598.54,   475.77,   599.38
  598.78,   473.01,   724.19
  596.97,   470.31,   849.26
  598.58,   601.17,   601.80
  600.20,   597.33,   726.50
  599.32,   594.18,   851.68
  598.91,   727.13,   603.66
  601.32,   722.19,   729.45
  601.61,   718.38,   854.68
  722.24,   474.52,   600.92
  719.97,   472.12,   724.20
  719.38,   469.11,   848.16
  722.79,   600.48,   604.49
  722.00,   595.94,   727.36
  721.14,   593.44,   850.18
  725.43,   726.29,   605.67
  726.30,   721.84,   730.17
  724.81,   718.64,   853.60
  845.95,   474.44,   601.06
  841.93,   472.28,   723.38
  842.87,   468.41,   846.53
  846.97,   601.57,   605.21
  844.23,   596.50,   727.38
  843.29,   593.74,   849.11
  851.79,   724.56,   605.28
  849.44,   721.46,   729.48
  847.47,   720.76,   854.60
  600.59,   599.33,    99.98
  601.04,   597.16,   225.25
  600.07,   594.42,   350.42
  597.85,   723.02,   101.18
  599.06,   722.02,   227.27
  598.19,   720.94,   353.18
  594.24,   847.64,   102.02
  598.02,   846.27,   229.89
  597.47,   845.45,   355.76
  723.95,   600.23,    97.41
  726.42,   596.33,   222.20
  726.96,   593.95,   349.32
  721.25,   723.99,    98.80
  723.13,   723.39,   223.63
  724.11,   722.12,   350.84
  718.37,   850.41,   101.51
  721.20,   851.55,   227.64
  721.71,   849.57,   353.28
  848.06,   602.88,    96.67
  851.02,   596.82,   220.13
  851.91,   595.90,   348.02
  846.99,   727.36,    99.79
  850.82,   725.53,   221.60
  853.42,   722.63,   348.31
  845.63,   855.56,   103.14
  850.33,   854.30,   225.78
  851.98,   849.38,   350.31
  601.97,   602.41,   225.35
  597.88,   605.49,   350.47
  595.20,   608.42,   475.20
  604.57,   727.06,   220.85
  600.38,   732.14,   347.08
  597.62,   735.23,   471.43
  607.28,   851.43,   217.57
  604.20,   856.40,   344.08
  601.07,   859.54,   467.91
  727.57,   597.10,   225.37
  724.91,   601.31,   352.27
  721.49,   605.78,   478.83
  728.24,   724.68,   220.70
  726.50,   729.49,   348.08
  724.76,   731.94,   473.95
  730.69,   852.71,   218.44
  728.38,   856.82,   344.16
  725.47,   858.08,   469.12
  851.94,   593.55,   226.43
  849.73,   598.75,   354.28
  846.84,   605.27,   481.49
  855.99,   722.12,   221.96
  855.83,   725.47,   348.23
  853.70,   727.74,   475.12
  859.98,   850.90,   220.00
  858.74,   852.33,   344.64
  855.76,   852.69,   470.14
  598.15,   601.41,   349.98
  596.43,   599.39,   474.97
  597.13,   597.55,   599.71
  594.33,   727.71,   351.32
  591.97,   726.03,   475.56
  592.90,   723.40,   600.06
  591.82,   851.86,   352.71
  589.47,   850.61,   476.50
  589.68,   848.86,   601.07
  724.57,   603.03,   350.76
  722.45,   603.15,   477.31
  721.38,   601.34,   602.79
  719.82,   731.40,   351.21
  719.33,   729.09,   476.88
  719.76,   727.14,   602.12
  715.29,   858.64,   351.85
  713.94,   855.51,   476.46
  716.29,   852.73,   602.60
  850.11,   607.02,   351.61
  847.68,   608.60,   478.93
  845.65,   606.48,   603.80
  849.53,   733.83,   350.14
  848.37,   731.27,   477.10
  846.08,   729.50,   602.44
  845.21,   860.29,   351.17
  842.93,   856.49,   476.53
  843.45,   853.36,   603.32
  599.04,   600.92,   474.50
  600.48,   602.94,   599.57
  603.02,   605.22,   724.44
  596.29,   727.63,   471.05
  597.57,   729.18,   595.78
  600.95,   729.97,   721.45
  594.64,   852.43,   468.25
  595.57,   854.34,   592.88
  598.31,   855.86,   718.68
  725.69,   603.77,   476.25
  725.15,   605.59,   601.84
  725.03,   606.80,   724.92
  723.18,   729.53,   471.79
  724.31,   731.60,   597.02
  726.06,   733.14,   721.61
  719.02,   856.24,   467.41
  721.71,   857.40,   593.53
  725.08,   858.84,   718.70
  850.69,   607.84,   476.68
  849.31,   609.87,   601.82
  847.38,   610.25,   724.35
  852.65,   730.64,   470.94
  851.21,   732.56,   596.40
  849.86,   735.49,   720.26
  848.58,   855.89,   466.37
  849.02,   856.68,   593.26
  850.26,   859.84,   718.74
  600.99,   601.10,   598.94
  601.45,   600.08,   723.87
  599.45,   599.92,   848.96
  601.42,   726.98,   597.89
  602.54,   725.21,   723.68
  601.66,   723.86,   848.99
  601.96,   852.67,   598.17
  603.14,   850.82,   724.18
  602.45,   848.84,   850.11
  725.35,   600.58,   603.08
  723.42,   599.02,   725.91
  720.94,   599.28,   848.71
  727.90,   726.74,   601.56
  727.49,   725.18,   725.87
  724.77,   724.49,   849.51
  728.50,   852.56,   601.13
  729.54,   851.19,   726.02
  727.41,   849.90,   851.42
  849.62,   601.98,   605.20
  845.43,   599.30,   727.42
  843.13,   599.39,   849.26
  854.27,   725.04,   602.48
  850.62,   724.41,   726.91
  847.18,   726.67,   852.14
  856.02,   848.45,   602.17
  854.80,   849.41,   727.56
  851.97,   852.97,   854.72
