27, 125, pa2-debug-a-output1.txt
  207.23,   201.94,   208.50
  401.24,   406.78,   198.28
   98.37,    98.17,    99.61
   98.49,    95.73,   224.58
   98.62,    93.30,   349.56
   99.87,   223.14,   102.04
   99.99,   220.70,   227.02
  100.11,   218.26,   352.00
  101.37,   348.11,   104.48
  101.49,   345.67,   229.46
  101.61,   343.23,   354.43
  223.36,    96.68,    99.46
  223.48,    94.24,   224.43
  223.61,    91.80,   349.41
  224.86,   221.64,   101.89
  224.98,   219.21,   226.87
  225.11,   216.77,   351.84
  226.36,   346.61,   104.33
  226.48,   344.17,   229.30
  226.60,   341.74,   354.28
  348.35,    95.18,    99.30
  348.48,    92.74,   224.28
  348.60,    90.31,   349.26
  349.85,   220.15,   101.74
  349.97,   217.71,   226.72
  350.10,   215.27,   351.69
  351.35,   345.12,   104.18
  351.47,   342.68,   229.15
  351.59,   340.24,   354.13
  101.34,   101.58,   226.34
  103.75,   104.39,   351.28
  106.16,   107.21,   476.23
  104.00,   226.51,   223.47
  106.41,   229.33,   348.41
  108.83,   232.15,   473.36
  106.67,   351.45,   220.60
  109.08,   354.27,   345.55
  111.49,   357.09,   470.49
  226.29,    98.86,   223.98
  228.70,   101.67,   348.93
  231.11,   104.49,   473.87
  228.95,   223.80,   221.12
  231.36,   226.61,   346.06
  233.77,   229.43,   471.01
  231.61,   348.74,   218.25
  234.03,   351.55,   343.19
  236.44,   354.37,   468.14
  351.24,    96.14,   221.63
  353.65,    98.96,   346.58
  356.06,   101.77,   471.52
  353.90,   221.08,   218.77
  356.31,   223.89,   343.71
  358.72,   226.71,   468.66
  356.56,   346.02,   215.90
  358.97,   348.83,   340.84
  361.39,   351.65,   465.79
  100.16,   101.98,   349.85
   98.36,   103.97,   474.82
   96.56,   105.97,   599.79
   97.66,   226.94,   347.82
   95.85,   228.93,   472.79
   94.05,   230.93,   597.76
   95.15,   351.89,   345.79
   93.34,   353.89,   470.76
   91.54,   355.89,   595.73
  225.12,   104.51,   351.61
  223.32,   106.51,   476.59
  221.52,   108.50,   601.56
  222.62,   229.47,   349.58
  220.81,   231.47,   474.55
  219.01,   233.46,   599.53
  220.11,   354.43,   347.55
  218.31,   356.43,   472.52
  216.50,   358.42,   597.49
  350.09,   107.05,   353.38
  348.28,   109.05,   478.35
  346.48,   111.04,   603.32
  347.58,   232.01,   351.35
  345.78,   234.00,   476.32
  343.97,   236.00,   601.29
  345.07,   356.97,   349.31
  343.27,   358.96,   474.29
  341.46,   360.96,   599.26
  101.63,    98.72,   473.76
  101.65,    95.15,   598.71
  101.68,    91.58,   723.66
  104.78,   223.63,   477.33
  104.80,   220.06,   602.28
  104.83,   216.48,   727.23
  107.93,   348.54,   480.90
  107.95,   344.97,   605.85
  107.98,   341.39,   730.80
  226.59,    95.57,   473.65
  226.61,    92.00,   598.60
  226.64,    88.43,   723.55
  229.74,   220.48,   477.22
  229.76,   216.91,   602.17
  229.79,   213.34,   727.12
  232.89,   345.39,   480.79
  232.91,   341.82,   605.74
  232.94,   338.25,   730.69
  351.55,    92.43,   473.54
  351.57,    88.85,   598.48
  351.60,    85.28,   723.43
  354.70,   217.33,   477.11
  354.72,   213.76,   602.06
  354.75,   210.19,   727.00
  357.85,   342.24,   480.68
  357.87,   338.67,   605.63
  357.90,   335.10,   730.57
   99.82,   101.43,   598.39
  103.37,    99.67,   723.33
  106.92,    97.90,   848.27
   99.66,   226.42,   600.16
  103.21,   224.65,   725.10
  106.75,   222.89,   850.03
   99.49,   351.40,   601.93
  103.04,   349.64,   726.86
  106.59,   347.88,   851.80
  224.77,   101.64,   594.84
  228.32,    99.88,   719.78
  231.87,    98.12,   844.72
  224.61,   226.63,   596.61
  228.15,   224.87,   721.55
  231.70,   223.11,   846.49
  224.44,   351.62,   598.38
  227.99,   349.86,   723.32
  231.54,   348.10,   848.25
  349.72,   101.86,   591.30
  353.27,   100.10,   716.24
  356.82,    98.34,   841.17
  349.55,   226.85,   593.07
  353.10,   225.09,   718.00
  356.65,   223.33,   842.94
  349.39,   351.84,   594.83
  352.94,   350.07,   719.77
  356.49,   348.31,   844.71
  100.99,   223.52,   100.02
  101.76,   220.03,   224.97
  102.54,   216.55,   349.92
  102.35,   348.46,   103.50
  103.13,   344.98,   228.45
  103.90,   341.49,   353.39
  103.71,   473.41,   106.97
  104.49,   469.92,   231.92
  105.26,   466.44,   356.87
  225.98,   222.18,    99.21
  226.75,   218.69,   224.16
  227.53,   215.21,   349.10
  227.34,   347.13,   102.68
  228.12,   343.64,   227.63
  228.89,   340.15,   352.58
  228.70,   472.07,   106.16
  229.48,   468.58,   231.11
  230.25,   465.10,   356.06
  350.97,   220.84,    98.39
  351.74,   217.36,   223.34
  352.52,   213.87,   348.29
  352.33,   345.79,   101.87
  353.11,   342.30,   226.82
  353.88,   338.81,   351.77
  353.69,   470.73,   105.35
  354.47,   467.24,   230.30
  355.24,   463.76,   355.25
   98.23,   223.47,   223.81
   99.56,   226.85,   348.76
  100.89,   230.24,   473.71
   99.04,   348.42,   220.41
  100.38,   351.81,   345.36
  101.71,   355.19,   470.31
   99.86,   473.37,   217.02
  101.19,   476.76,   341.96
  102.52,   480.14,   466.91
  223.22,   222.62,   222.50
  224.55,   226.00,   347.45
  225.88,   229.39,   472.40
  224.03,   347.57,   219.11
  225.37,   350.96,   344.05
  226.70,   354.34,   469.00
  224.85,   472.52,   215.71
  226.18,   475.91,   340.66
  227.51,   479.29,   465.60
  348.21,   221.77,   221.19
  349.54,   225.15,   346.14
  350.87,   228.54,   471.09
  349.02,   346.72,   217.80
  350.36,   350.11,   342.74
  351.69,   353.49,   467.69
  349.84,   471.67,   214.40
  351.17,   475.06,   339.35
  352.50,   478.44,   464.29
   98.77,   224.89,   348.21
   98.33,   227.59,   473.18
   97.88,   230.28,   598.15
   98.48,   349.86,   345.51
   98.03,   352.56,   470.48
   97.58,   355.25,   595.45
   98.18,   474.83,   342.81
   97.73,   477.53,   467.78
   97.29,   480.22,   592.75
  223.77,   225.19,   348.65
  223.32,   227.89,   473.62
  222.87,   230.59,   598.59
  223.48,   350.16,   345.95
  223.03,   352.86,   470.92
  222.58,   355.56,   595.89
  223.18,   475.13,   343.25
  222.73,   477.83,   468.22
  222.28,   480.53,   593.19
  348.77,   225.50,   349.09
  348.32,   228.20,   474.06
  347.87,   230.89,   599.03
  348.48,   350.47,   346.39
  348.03,   353.17,   471.36
  347.58,   355.86,   596.33
  348.18,   475.44,   343.69
  347.73,   478.14,   468.66
  347.28,   480.83,   593.63
  101.00,   224.72,   473.64
  101.12,   224.88,   598.64
  101.24,   225.05,   723.64
  104.20,   349.68,   473.47
  104.33,   349.84,   598.47
  104.45,   350.00,   723.47
  107.41,   474.64,   473.31
  107.53,   474.80,   598.31
  107.66,   474.96,   723.31
  225.96,   221.51,   473.52
  226.08,   221.68,   598.52
  226.20,   221.84,   723.52
  229.16,   346.47,   473.35
  229.29,   346.64,   598.35
  229.41,   346.80,   723.35
  232.37,   471.43,   473.19
  232.49,   471.59,   598.19
  232.62,   471.76,   723.19
  350.91,   218.31,   473.40
  351.04,   218.47,   598.40
  351.16,   218.63,   723.40
  354.12,   343.27,   473.23
  354.24,   343.43,   598.23
  354.37,   343.59,   723.23
  357.33,   468.22,   473.07
  357.45,   468.39,   598.07
  357.57,   468.55,   723.07
  100.30,   223.77,   601.11
  100.94,   223.15,   726.11
  101.59,   222.52,   851.10
  101.96,   348.76,   601.72
  102.61,   348.13,   726.72
  103.25,   347.51,   851.72
  103.63,   473.74,   602.34
  104.28,   473.12,   727.33
  104.92,   472.50,   852.33
  225.28,   222.10,   600.46
  225.93,   221.48,   725.46
  226.57,   220.86,   850.45
  226.95,   347.09,   601.07
  227.60,   346.47,   726.07
  228.24,   345.85,   851.07
  228.62,   472.08,   601.69
  229.26,   471.46,   726.68
  229.91,   470.84,   851.68
  350.27,   220.44,   599.81
  350.92,   219.82,   724.80
  351.56,   219.20,   849.80
  351.94,   345.43,   600.42
  352.58,   344.81,   725.42
  353.23,   344.18,   850.41
  353.61,   470.42,   601.03
  354.25,   469.79,   726.03
  354.89,   469.17,   851.03
   98.31,   350.31,   100.18
  101.75,   350.37,   225.14
  105.19,   350.43,   350.09
   99.02,   475.31,   100.11
  102.46,   475.37,   225.06
  105.90,   475.43,   350.01
   99.73,   600.31,   100.03
  103.17,   600.37,   224.98
  106.61,   600.42,   349.94
  223.26,   349.61,    96.74
  226.70,   349.66,   221.70
  230.14,   349.72,   346.65
  223.97,   474.60,    96.67
  227.41,   474.66,   221.62
  230.85,   474.72,   346.57
  224.68,   599.60,    96.59
  228.12,   599.66,   221.54
  231.56,   599.72,   346.50
  348.22,   348.90,    93.31
  351.65,   348.95,   218.26
  355.09,   349.01,   343.21
  348.92,   473.89,    93.23
  352.36,   473.95,   218.18
  355.80,   474.01,   343.13
  349.63,   598.89,    93.15
  353.07,   598.95,   218.11
  356.51,   599.01,   343.06
   98.76,   348.07,   224.98
  100.97,   351.39,   349.92
  103.18,   354.70,   474.85
   98.79,   473.03,   221.66
  101.00,   476.34,   346.60
  103.20,   479.66,   471.54
   98.82,   597.98,   218.35
  101.02,   601.30,   343.28
  103.23,   604.61,   468.22
  223.74,   347.98,   222.78
  225.95,   351.30,   347.71
  228.16,   354.62,   472.65
  223.77,   472.94,   219.46
  225.98,   476.26,   344.39
  228.19,   479.57,   469.33
  223.80,   597.90,   216.14
  226.00,   601.21,   341.08
  228.21,   604.53,   466.01
  348.72,   347.90,   220.57
  350.93,   351.21,   345.51
  353.14,   354.53,   470.44
  348.75,   472.85,   217.25
  350.96,   476.17,   342.19
  353.17,   479.49,   467.12
  348.78,   597.81,   213.93
  350.98,   601.13,   338.87
  353.19,   604.44,   463.81
  100.94,   350.02,   351.07
   99.28,   352.60,   476.03
   97.61,   355.19,   600.99
  102.79,   474.98,   348.51
  101.12,   477.56,   473.47
   99.45,   480.15,   598.43
  104.63,   599.94,   345.94
  102.96,   602.52,   470.91
  101.29,   605.11,   595.87
  225.92,   348.21,   352.77
  224.25,   350.80,   477.74
  222.58,   353.38,   602.70
  227.76,   473.17,   350.21
  226.09,   475.76,   475.17
  224.42,   478.34,   600.14
  229.60,   598.13,   347.65
  227.93,   600.72,   472.61
  226.27,   603.30,   597.57
  350.90,   346.40,   354.48
  349.23,   348.99,   479.44
  347.56,   351.58,   604.40
  352.74,   471.36,   351.92
  351.07,   473.95,   476.88
  349.40,   476.54,   601.84
  354.58,   596.32,   349.36
  352.91,   598.91,   474.32
  351.24,   601.50,   599.28
  100.56,   349.65,   473.69
  101.40,   350.47,   598.69
  102.24,   351.30,   723.68
   99.26,   474.64,   472.88
  100.10,   475.46,   597.87
  100.93,   476.29,   722.87
   97.95,   599.63,   472.06
   98.79,   600.45,   597.06
   99.63,   601.28,   722.05
  225.55,   350.94,   472.85
  226.39,   351.77,   597.84
  227.23,   352.59,   722.84
  224.25,   475.93,   472.03
  225.09,   476.76,   597.03
  225.92,   477.58,   722.02
  222.94,   600.92,   471.21
  223.78,   601.75,   596.21
  224.62,   602.57,   721.20
  350.54,   352.24,   472.00
  351.38,   353.06,   596.99
  352.22,   353.89,   721.99
  349.24,   477.23,   471.18
  350.08,   478.05,   596.18
  350.92,   478.88,   721.17
  347.94,   602.22,   470.37
  348.77,   603.04,   595.36
  349.61,   603.87,   720.36
  100.81,   350.80,   599.92
  102.16,   350.80,   724.92
  103.52,   350.81,   849.91
   99.06,   475.79,   599.94
  100.41,   475.79,   724.93
  101.77,   475.79,   849.93
   97.31,   600.78,   599.96
   98.66,   600.78,   724.95
  100.02,   600.78,   849.94
  225.79,   352.55,   598.57
  227.14,   352.55,   723.56
  228.50,   352.56,   848.55
  224.04,   477.54,   598.59
  225.39,   477.54,   723.58
  226.75,   477.54,   848.57
  222.29,   602.53,   598.60
  223.64,   602.53,   723.60
  225.00,   602.53,   848.59
  350.77,   354.30,   597.21
  352.12,   354.31,   722.21
  353.48,   354.31,   847.20
  349.02,   479.29,   597.23
  350.37,   479.29,   722.22
  351.73,   479.30,   847.22
  347.27,   604.28,   597.25
  348.62,   604.28,   722.24
  349.98,   604.28,   847.23
   99.87,   473.85,   100.85
   96.64,   477.16,   225.76
   93.41,   480.47,   350.68
  101.89,   598.79,    97.59
   98.66,   602.10,   222.50
   95.43,   605.41,   347.42
  103.91,   723.73,    94.33
  100.68,   727.04,   219.24
   97.44,   730.35,   344.15
  224.82,   471.91,   104.13
  221.58,   475.23,   229.05
  218.35,   478.54,   353.96
  226.83,   596.85,   100.87
  223.60,   600.17,   225.78
  220.37,   603.48,   350.70
  228.85,   721.80,    97.61
  225.62,   725.11,   222.52
  222.39,   728.42,   347.44
  349.76,   469.98,   107.41
  346.53,   473.29,   232.33
  343.29,   476.61,   357.24
  351.77,   594.92,   104.15
  348.54,   598.23,   229.07
  345.31,   601.55,   353.98
  353.79,   719.86,   100.89
  350.56,   723.18,   225.81
  347.33,   726.49,   350.72
   99.81,   476.90,   223.77
  101.04,   473.41,   348.71
  102.27,   469.91,   473.66
   97.18,   601.82,   227.29
   98.41,   598.33,   352.23
   99.64,   594.83,   477.18
   94.56,   726.75,   230.81
   95.79,   723.25,   355.75
   97.02,   719.76,   480.70
  224.77,   479.56,   222.61
  226.00,   476.06,   347.56
  227.24,   472.57,   472.50
  222.15,   604.48,   226.13
  223.38,   600.99,   351.08
  224.61,   597.49,   476.02
  219.52,   729.40,   229.65
  220.75,   725.91,   354.60
  221.98,   722.42,   479.54
  349.74,   482.22,   221.46
  350.97,   478.72,   346.40
  352.20,   475.23,   471.35
  347.11,   607.14,   224.98
  348.35,   603.65,   349.92
  349.58,   600.15,   474.87
  344.49,   732.06,   228.50
  345.72,   728.57,   353.44
  346.95,   725.08,   478.39
   98.03,   477.00,   350.25
   98.96,   478.51,   475.23
   99.89,   480.02,   600.22
  101.27,   601.94,   348.71
  102.20,   603.46,   473.69
  103.13,   604.97,   598.68
  104.51,   726.89,   347.17
  105.43,   728.41,   472.16
  106.36,   729.92,   597.14
  222.99,   473.75,   349.36
  223.92,   475.26,   474.34
  224.84,   476.78,   599.33
  226.22,   598.70,   347.82
  227.15,   600.21,   472.81
  228.08,   601.72,   597.79
  229.46,   723.64,   346.28
  230.39,   725.16,   471.27
  231.32,   726.67,   596.26
  347.94,   470.50,   348.47
  348.87,   472.01,   473.46
  349.80,   473.53,   598.44
  351.18,   595.45,   346.93
  352.11,   596.96,   471.92
  353.04,   598.48,   596.90
  354.42,   720.40,   345.39
  355.34,   721.91,   470.38
  356.27,   723.43,   595.37
   99.94,   473.37,   475.87
   99.27,   469.77,   600.82
   98.60,   466.17,   725.77
   97.45,   598.30,   479.46
   96.79,   594.70,   604.41
   96.12,   591.10,   729.35
   94.97,   723.22,   483.04
   94.30,   719.62,   607.99
   93.63,   716.02,   732.94
  224.91,   475.84,   476.62
  224.24,   472.24,   601.56
  223.57,   468.64,   726.51
  222.43,   600.76,   480.20
  221.76,   597.16,   605.15
  221.09,   593.56,   730.09
  219.94,   725.68,   483.78
  219.27,   722.09,   608.73
  218.60,   718.49,   733.68
  349.89,   478.30,   477.36
  349.22,   474.70,   602.30
  348.55,   471.10,   727.25
  347.40,   603.22,   480.94
  346.73,   599.63,   605.89
  346.06,   596.03,   730.83
  344.92,   728.15,   484.52
  344.25,   724.55,   609.47
  343.58,   720.95,   734.42
   98.26,   474.45,   600.59
   98.76,   473.19,   725.59
   99.27,   471.93,   850.58
  101.01,   599.41,   601.84
  101.52,   598.15,   726.83
  102.02,   596.89,   851.83
  103.77,   724.38,   603.09
  104.27,   723.12,   728.08
  104.77,   721.86,   853.08
  223.23,   471.70,   600.06
  223.73,   470.44,   725.05
  224.24,   469.18,   850.05
  225.98,   596.67,   601.31
  226.48,   595.41,   726.30
  226.99,   594.15,   851.30
  228.73,   721.63,   602.56
  229.24,   720.37,   727.55
  229.74,   719.11,   852.54
  348.19,   468.95,   599.53
  348.70,   467.69,   724.52
  349.20,   466.43,   849.51
  350.95,   593.92,   600.78
  351.45,   592.66,   725.77
  351.96,   591.40,   850.76
  353.70,   718.88,   602.03
  354.21,   717.62,   727.02
  354.71,   716.36,   852.01
   99.84,   598.46,   100.83
  102.56,   599.23,   225.79
  105.28,   600.01,   350.76
  101.03,   723.45,   100.03
  103.75,   724.22,   224.99
  106.47,   725.00,   349.96
  102.23,   848.44,    99.23
  104.95,   849.22,   224.20
  107.66,   849.99,   349.16
  224.81,   597.25,    98.11
  227.52,   598.02,   223.08
  230.24,   598.80,   348.05
  226.00,   722.24,    97.32
  228.72,   723.01,   222.28
  231.44,   723.79,   347.25
  227.19,   847.23,    96.52
  229.91,   848.01,   221.48
  232.63,   848.78,   346.45
  349.77,   596.04,    95.40
  352.49,   596.81,   220.37
  355.21,   597.58,   345.34
  350.96,   721.03,    94.60
  353.68,   721.80,   219.57
  356.40,   722.58,   344.54
  352.16,   846.02,    93.81
  354.88,   846.80,   218.77
  357.59,   847.57,   343.74
   99.98,   598.74,   226.20
   97.35,   599.25,   351.17
   94.72,   599.77,   476.14
  101.51,   723.73,   225.71
   98.88,   724.24,   350.69
   96.26,   724.76,   475.66
  103.05,   848.72,   225.23
  100.42,   849.23,   350.20
   97.79,   849.75,   475.17
  224.94,   597.21,   228.83
  222.31,   597.73,   353.80
  219.68,   598.24,   478.78
  226.48,   722.20,   228.35
  223.85,   722.72,   353.32
  221.22,   723.23,   478.29
  228.01,   847.19,   227.86
  225.39,   847.71,   352.84
  222.76,   848.22,   477.81
  349.90,   595.68,   231.47
  347.27,   596.20,   356.44
  344.65,   596.72,   481.41
  351.44,   720.67,   230.98
  348.81,   721.19,   355.95
  346.18,   721.71,   480.92
  352.98,   845.66,   230.50
  350.35,   846.18,   355.47
  347.72,   846.70,   480.44
   99.36,   601.81,   348.53
   99.53,   603.00,   473.52
   99.70,   604.19,   598.52
   97.01,   726.78,   347.34
   97.18,   727.97,   472.33
   97.35,   729.16,   597.33
   94.66,   851.75,   346.15
   94.83,   852.94,   471.15
   95.00,   854.14,   596.14
  224.34,   604.16,   348.33
  224.51,   605.35,   473.33
  224.68,   606.54,   598.32
  221.99,   729.13,   347.15
  222.16,   730.32,   472.14
  222.33,   731.51,   597.13
  219.63,   854.10,   345.96
  219.81,   855.29,   470.95
  219.98,   856.49,   595.95
  349.32,   606.51,   348.14
  349.49,   607.70,   473.13
  349.66,   608.89,   598.13
  346.96,   731.48,   346.95
  347.14,   732.67,   471.95
  347.31,   733.86,   596.94
  344.61,   856.45,   345.76
  344.78,   857.65,   470.76
  344.96,   858.84,   595.75
   99.14,   601.39,   474.87
  102.75,   603.72,   599.79
  106.35,   606.06,   724.72
   99.36,   726.37,   472.53
  102.96,   728.70,   597.45
  106.57,   731.04,   722.38
   99.57,   851.34,   470.18
  103.18,   853.68,   595.11
  106.79,   856.02,   720.03
  224.08,   601.10,   471.26
  227.69,   603.44,   596.19
  231.30,   605.77,   721.12
  224.30,   726.08,   468.92
  227.91,   728.42,   593.85
  231.52,   730.75,   718.77
  224.52,   851.06,   466.58
  228.13,   853.39,   591.50
  231.74,   855.73,   716.43
  349.03,   600.82,   467.66
  352.64,   603.15,   592.59
  356.25,   605.49,   717.51
  349.25,   725.79,   465.32
  352.86,   728.13,   590.24
  356.47,   730.47,   715.17
  349.47,   850.77,   462.97
  353.08,   853.11,   587.90
  356.69,   855.44,   712.83
  100.97,   599.70,   600.06
  104.28,   598.77,   725.01
  107.59,   597.85,   849.96
   99.63,   724.68,   601.02
  102.94,   723.76,   725.97
  106.26,   722.84,   850.92
   98.29,   849.67,   601.98
  101.61,   848.75,   726.93
  104.92,   847.83,   851.88
  225.92,   601.06,   596.76
  229.23,   600.14,   721.71
  232.54,   599.21,   846.66
  224.58,   726.05,   597.72
  227.89,   725.12,   722.67
  231.20,   724.20,   847.62
  223.24,   851.04,   598.67
  226.55,   850.11,   723.63
  229.87,   849.19,   848.58
  350.87,   602.42,   593.45
  354.18,   601.50,   718.41
  357.49,   600.58,   843.36
  349.53,   727.41,   594.41
  352.84,   726.49,   719.37
  356.15,   725.56,   844.32
  348.19,   852.40,   595.37
  351.50,   851.48,   720.32
  354.82,   850.55,   845.28
  225.71,    99.21,    98.42
  227.22,    95.51,   223.36
  228.74,    91.82,   348.29
  222.43,   224.11,   102.16
  223.95,   220.42,   227.09
  225.46,   216.72,   352.03
  219.15,   349.01,   105.89
  220.67,   345.32,   230.83
  222.19,   341.62,   355.77
  350.65,   102.53,    97.00
  352.17,    98.83,   221.94
  353.69,    95.14,   346.88
  347.38,   227.43,   100.74
  348.89,   223.73,   225.68
  350.41,   220.04,   350.61
  344.10,   352.33,   104.48
  345.62,   348.64,   229.41
  347.14,   344.94,   354.35
  475.60,   105.85,    95.58
  477.12,   102.15,   220.52
  478.63,    98.45,   345.46
  472.33,   230.75,    99.32
  473.84,   227.05,   224.26
  475.36,   223.36,   349.19
  469.05,   355.65,   103.06
  470.57,   351.95,   227.99
  472.08,   348.26,   352.93
  224.62,    99.19,   225.97
  222.12,   100.14,   350.94
  219.61,   101.09,   475.91
  228.18,   224.14,   225.09
  225.68,   225.09,   350.06
  223.18,   226.03,   475.03
  231.75,   349.09,   224.22
  229.25,   350.03,   349.19
  226.75,   350.98,   474.16
  349.54,    95.65,   228.49
  347.04,    96.59,   353.46
  344.54,    97.54,   478.44
  353.11,   220.59,   227.62
  350.61,   221.54,   352.59
  348.11,   222.48,   477.56
  356.68,   345.54,   226.75
  354.17,   346.48,   351.72
  351.67,   347.43,   476.69
  474.47,    92.10,   231.02
  471.96,    93.04,   355.99
  469.46,    93.99,   480.96
  478.03,   217.04,   230.15
  475.53,   217.99,   355.12
  473.03,   218.94,   480.09
  481.60,   341.99,   229.27
  479.10,   342.94,   354.24
  476.60,   343.88,   479.22
  225.76,    98.39,   348.26
  225.84,   100.38,   473.24
  225.92,   102.38,   598.22
  226.67,   223.37,   346.26
  226.75,   225.37,   471.24
  226.84,   227.36,   596.23
  227.59,   348.35,   344.26
  227.67,   350.35,   469.25
  227.75,   352.34,   594.23
  350.75,    97.47,   348.19
  350.83,    99.47,   473.17
  350.92,   101.46,   598.16
  351.67,   222.45,   346.19
  351.75,   224.45,   471.18
  351.83,   226.44,   596.16
  352.58,   347.43,   344.20
  352.67,   349.43,   469.18
  352.75,   351.42,   594.16
  475.75,    96.55,   348.12
  475.83,    98.55,   473.10
  475.91,   100.55,   598.09
  476.66,   221.54,   346.12
  476.75,   223.53,   471.11
  476.83,   225.53,   596.09
  477.58,   346.52,   344.13
  477.66,   348.51,   469.11
  477.75,   350.51,   594.10
  223.35,    99.31,   476.44
  222.99,   100.42,   601.43
  222.63,   101.52,   726.43
  226.45,   224.27,   475.34
  226.09,   225.37,   600.34
  225.73,   226.48,   725.33
  229.55,   349.23,   474.25
  229.19,   350.33,   599.24
  228.83,   351.43,   724.24
  348.31,    96.22,   476.83
  347.95,    97.32,   601.82
  347.59,    98.43,   726.82
  351.41,   221.17,   475.73
  351.05,   222.28,   600.73
  350.69,   223.38,   725.72
  354.51,   346.13,   474.64
  354.15,   347.24,   599.63
  353.79,   348.34,   724.63
  473.27,    93.12,   477.21
  472.91,    94.23,   602.21
  472.55,    95.33,   727.20
  476.37,   218.08,   476.12
  476.01,   219.18,   601.11
  475.65,   220.29,   726.11
  479.47,   343.04,   475.02
  479.11,   344.14,   600.02
  478.75,   345.25,   725.01
  223.38,   100.73,   601.43
  223.72,   103.90,   726.39
  224.05,   107.07,   851.35
  221.53,   225.68,   598.27
  221.86,   228.85,   723.23
  222.19,   232.01,   848.19
  219.68,   350.62,   595.11
  220.01,   353.79,   720.07
  220.34,   356.96,   845.03
  348.37,   102.58,   601.05
  348.70,   105.74,   726.01
  349.03,   108.91,   850.97
  346.52,   227.52,   597.89
  346.85,   230.69,   722.85
  347.18,   233.86,   847.81
  344.66,   352.47,   594.73
  345.00,   355.64,   719.69
  345.33,   358.80,   844.65
  473.36,   104.42,   600.67
  473.69,   107.59,   725.63
  474.02,   110.76,   850.59
  471.50,   229.37,   597.51
  471.83,   232.53,   722.47
  472.17,   235.70,   847.43
  469.65,   354.31,   594.35
  469.98,   357.48,   719.31
  470.31,   360.65,   844.27
  226.87,   226.95,    98.77
  224.92,   229.34,   223.73
  222.97,   231.72,   348.69
  226.43,   351.93,    96.38
  224.48,   354.31,   221.34
  222.53,   356.70,   346.30
  225.98,   476.90,    93.98
  224.03,   479.29,   218.95
  222.08,   481.67,   343.91
  351.85,   227.43,   100.71
  349.90,   229.81,   225.67
  347.95,   232.20,   350.63
  351.41,   352.40,    98.32
  349.46,   354.79,   223.28
  347.51,   357.18,   348.24
  350.97,   477.38,    95.92
  349.02,   479.77,   220.89
  347.07,   482.15,   345.85
  476.84,   227.91,   102.65
  474.89,   230.29,   227.61
  472.94,   232.68,   352.58
  476.39,   352.88,   100.26
  474.44,   355.27,   225.22
  472.49,   357.66,   350.18
  475.95,   477.86,    97.87
  474.00,   480.25,   222.83
  472.05,   482.63,   347.79
  226.46,   225.54,   225.70
  226.86,   225.64,   350.69
  227.26,   225.73,   475.69
  224.88,   350.53,   225.61
  225.28,   350.63,   350.61
  225.68,   350.72,   475.61
  223.30,   475.52,   225.52
  223.70,   475.62,   350.52
  224.10,   475.71,   475.52
  351.45,   227.12,   225.29
  351.85,   227.22,   350.29
  352.25,   227.31,   475.29
  349.87,   352.11,   225.20
  350.27,   352.21,   350.20
  350.67,   352.30,   475.20
  348.29,   477.10,   225.11
  348.69,   477.20,   350.11
  349.09,   477.29,   475.11
  476.44,   228.70,   224.89
  476.84,   228.80,   349.89
  477.24,   228.89,   474.88
  474.86,   353.69,   224.80
  475.26,   353.79,   349.80
  475.66,   353.88,   474.80
  473.28,   478.68,   224.71
  473.68,   478.78,   349.71
  474.08,   478.87,   474.71
  223.02,   226.71,   349.71
  226.28,   227.47,   474.66
  229.54,   228.23,   599.62
  225.29,   351.69,   348.89
  228.55,   352.45,   473.84
  231.82,   353.21,   598.80
  227.56,   476.67,   348.07
  230.83,   477.42,   473.03
  234.09,   478.18,   597.98
  347.96,   224.42,   346.46
  351.22,   225.18,   471.42
  354.48,   225.94,   596.37
  350.23,   349.40,   345.64
  353.49,   350.16,   470.60
  356.75,   350.92,   595.55
  352.50,   474.37,   344.82
  355.76,   475.13,   469.78
  359.02,   475.89,   594.73
  472.90,   222.13,   343.21
  476.16,   222.89,   468.17
  479.42,   223.65,   593.12
  475.17,   347.11,   342.40
  478.43,   347.87,   467.35
  481.69,   348.62,   592.31
  477.44,   472.08,   341.58
  480.70,   472.84,   466.53
  483.96,   473.60,   591.49
  223.30,   223.04,   473.21
  226.39,   221.08,   598.15
  229.48,   219.12,   723.10
  223.53,   348.03,   475.16
  226.62,   346.07,   600.11
  229.72,   344.11,   725.06
  223.77,   473.01,   477.12
  226.86,   471.05,   602.07
  229.95,   469.09,   727.01
  348.26,   222.86,   470.11
  351.35,   220.89,   595.06
  354.44,   218.93,   720.01
  348.49,   347.84,   472.07
  351.59,   345.88,   597.01
  354.68,   343.92,   721.96
  348.73,   472.82,   474.02
  351.82,   470.86,   598.97
  354.91,   468.90,   723.92
  473.22,   222.67,   467.02
  476.31,   220.71,   591.96
  479.40,   218.75,   716.91
  473.46,   347.65,   468.97
  476.55,   345.69,   593.92
  479.64,   343.73,   718.87
  473.69,   472.64,   470.93
  476.78,   470.68,   595.88
  479.87,   468.71,   720.82
  226.18,   224.10,   600.83
  222.88,   225.45,   725.78
  219.59,   226.80,   850.73
  224.30,   349.08,   599.43
  221.00,   350.43,   724.38
  217.71,   351.78,   849.33
  222.42,   474.06,   598.03
  219.12,   475.41,   722.98
  215.83,   476.76,   847.93
  351.12,   226.02,   604.11
  347.83,   227.37,   729.05
  344.53,   228.72,   854.00
  349.24,   351.00,   602.71
  345.95,   352.35,   727.66
  342.65,   353.70,   852.60
  347.36,   475.98,   601.31
  344.07,   477.33,   726.26
  340.77,   478.68,   851.21
  476.06,   227.94,   607.38
  472.77,   229.29,   732.33
  469.47,   230.64,   857.28
  474.18,   352.91,   605.98
  470.89,   354.26,   730.93
  467.59,   355.61,   855.88
  472.30,   477.89,   604.58
  469.01,   479.24,   729.53
  465.71,   480.59,   854.48
  224.25,   348.14,    99.04
  222.71,   349.60,   224.02
  221.16,   351.06,   349.00
  222.52,   473.12,    97.55
  220.98,   474.58,   222.53
  219.43,   476.04,   347.52
  220.80,   598.10,    96.07
  219.25,   599.56,   221.05
  217.70,   601.02,   346.03
  349.23,   349.89,   100.56
  347.68,   351.35,   225.54
  346.14,   352.81,   350.53
  347.50,   474.86,    99.08
  345.96,   476.33,   224.06
  344.41,   477.79,   349.04
  345.78,   599.84,    97.60
  344.23,   601.31,   222.58
  342.68,   602.77,   347.56
  474.21,   351.63,   102.09
  472.66,   353.09,   227.07
  471.12,   354.55,   352.05
  472.48,   476.61,   100.61
  470.93,   478.07,   225.59
  469.39,   479.53,   350.57
  470.75,   601.59,    99.12
  469.21,   603.05,   224.10
  467.66,   604.51,   349.09
  224.02,   349.47,   224.52
  224.70,   347.70,   349.51
  225.39,   345.92,   474.49
  226.96,   474.43,   226.28
  227.65,   472.65,   351.27
  228.34,   470.87,   476.25
  229.91,   599.38,   228.04
  230.60,   597.60,   353.03
  231.28,   595.83,   478.01
  348.98,   346.54,   223.80
  349.67,   344.76,   348.78
  350.35,   342.98,   473.77
  351.93,   471.49,   225.56
  352.61,   469.71,   350.54
  353.30,   467.94,   475.53
  354.87,   596.44,   227.32
  355.56,   594.67,   352.30
  356.25,   592.89,   477.29
  473.94,   343.60,   223.07
  474.63,   341.82,   348.05
  475.32,   340.05,   473.04
  476.89,   468.55,   224.83
  477.58,   466.78,   349.81
  478.26,   465.00,   474.80
  479.84,   593.50,   226.59
  480.52,   591.73,   351.57
  481.21,   589.95,   476.56
  226.78,   349.16,   349.05
  227.96,   348.60,   474.04
  229.14,   348.03,   599.04
  227.24,   474.16,   349.61
  228.42,   473.59,   474.60
  229.59,   473.03,   599.60
  227.70,   599.16,   350.17
  228.87,   598.59,   475.16
  230.05,   598.03,   600.16
  351.77,   348.71,   347.87
  352.95,   348.14,   472.86
  354.13,   347.58,   597.86
  352.23,   473.71,   348.43
  353.41,   473.14,   473.42
  354.59,   472.58,   598.42
  352.69,   598.70,   348.99
  353.87,   598.14,   473.98
  355.05,   597.58,   598.97
  476.77,   348.25,   346.69
  477.95,   347.69,   471.68
  479.12,   347.13,   596.68
  477.22,   473.25,   347.25
  478.40,   472.69,   472.24
  479.58,   472.13,   597.23
  477.68,   598.25,   347.81
  478.86,   597.69,   472.80
  480.04,   597.12,   597.79
  226.11,   351.94,   475.27
  224.98,   353.89,   600.25
  223.86,   355.84,   725.23
  229.17,   476.88,   473.34
  228.05,   478.83,   598.32
  226.92,   480.78,   723.30
  232.23,   601.83,   471.42
  231.11,   603.78,   596.40
  229.99,   605.73,   721.38
  351.06,   348.89,   476.44
  349.94,   350.84,   601.42
  348.82,   352.79,   726.39
  354.13,   473.84,   474.51
  353.00,   475.79,   599.49
  351.88,   477.74,   724.47
  357.19,   598.79,   472.59
  356.07,   600.74,   597.57
  354.94,   602.69,   722.55
  476.02,   345.85,   477.61
  474.90,   347.80,   602.58
  473.78,   349.75,   727.56
  479.08,   470.79,   475.68
  477.96,   472.74,   600.66
  476.84,   474.69,   725.64
  482.15,   595.74,   473.76
  481.02,   597.69,   598.74
  479.90,   599.64,   723.72
  226.20,   348.96,   599.93
  229.03,   346.98,   724.88
  231.86,   345.00,   849.83
  224.35,   473.93,   601.95
  227.18,   471.95,   726.91
  230.01,   469.97,   851.86
  222.49,   598.90,   603.98
  225.32,   596.92,   728.93
  228.15,   594.94,   853.88
  351.16,   350.86,   597.13
  353.99,   348.88,   722.08
  356.82,   346.90,   847.04
  349.30,   475.83,   599.15
  352.13,   473.85,   724.11
  354.96,   471.87,   849.06
  347.45,   600.80,   601.18
  350.28,   598.82,   726.13
  353.11,   596.84,   851.08
  476.11,   352.76,   594.33
  478.94,   350.78,   719.28
  481.77,   348.80,   844.24
  474.26,   477.73,   596.35
  477.09,   475.75,   721.31
  479.92,   473.77,   846.26
  472.40,   602.70,   598.38
  475.23,   600.72,   723.33
  478.06,   598.74,   848.28
  226.02,   474.86,    99.91
  224.12,   472.31,   224.87
  222.23,   469.75,   349.83
  223.10,   599.80,   102.42
  221.21,   597.25,   227.38
  219.31,   594.69,   352.34
  220.18,   724.74,   104.93
  218.29,   722.19,   229.89
  216.39,   719.63,   354.85
  350.97,   477.74,   101.87
  349.07,   475.18,   226.83
  347.18,   472.63,   351.79
  348.05,   602.68,   104.38
  346.16,   600.13,   229.33
  344.26,   597.57,   354.29
  345.14,   727.62,   106.88
  343.24,   725.07,   231.84
  341.34,   722.51,   356.80
  475.92,   480.62,   103.82
  474.03,   478.06,   228.78
  472.13,   475.51,   353.74
  473.00,   605.56,   106.33
  471.11,   603.00,   231.29
  469.21,   600.45,   356.25
  470.09,   730.50,   108.84
  468.19,   727.94,   233.80
  466.30,   725.39,   358.76
  224.68,   473.94,   226.38
  225.46,   476.48,   351.35
  226.24,   479.01,   476.32
  223.18,   598.91,   223.85
  223.96,   601.44,   348.82
  224.74,   603.97,   473.80
  221.68,   723.87,   221.33
  222.46,   726.41,   346.30
  223.24,   728.94,   471.27
  349.67,   475.43,   225.57
  350.45,   477.96,   350.54
  351.23,   480.49,   475.51
  348.17,   600.39,   223.04
  348.95,   602.92,   348.01
  349.73,   605.46,   472.99
  346.67,   725.36,   220.52
  347.45,   727.89,   345.49
  348.23,   730.42,   470.46
  474.66,   476.91,   224.76
  475.44,   479.44,   349.73
  476.22,   481.98,   474.70
  473.16,   601.87,   222.23
  473.94,   604.41,   347.21
  474.72,   606.94,   472.18
  471.66,   726.84,   219.71
  472.44,   729.37,   344.68
  473.22,   731.91,   469.65
  223.04,   475.29,   350.09
  225.73,   477.13,   475.05
  228.41,   478.97,   600.01
  220.25,   600.25,   348.31
  222.94,   602.09,   473.27
  225.62,   603.93,   598.23
  217.46,   725.20,   346.53
  220.15,   727.04,   471.49
  222.83,   728.88,   596.45
  347.98,   478.04,   347.37
  350.67,   479.88,   472.33
  353.35,   481.72,   597.29
  345.19,   603.00,   345.59
  347.88,   604.84,   470.55
  350.56,   606.68,   595.51
  342.40,   727.95,   343.81
  345.09,   729.79,   468.77
  347.77,   731.63,   593.72
  472.92,   480.79,   344.65
  475.61,   482.63,   469.61
  478.29,   484.47,   594.56
  470.13,   605.75,   342.87
  472.82,   607.59,   467.82
  475.50,   609.43,   592.78
  467.34,   730.70,   341.09
  470.03,   732.54,   466.04
  472.71,   734.38,   591.00
  224.31,   473.67,   473.20
  225.47,   469.99,   598.14
  226.63,   466.30,   723.08
  222.50,   598.60,   476.90
  223.66,   594.92,   601.84
  224.82,   591.24,   726.78
  220.69,   723.53,   480.60
  221.85,   719.85,   605.54
  223.01,   716.17,   730.48
  349.29,   475.51,   472.10
  350.45,   471.83,   597.04
  351.61,   468.15,   721.98
  347.48,   600.45,   475.80
  348.64,   596.76,   600.74
  349.80,   593.08,   725.68
  345.67,   725.38,   479.49
  346.83,   721.70,   604.43
  347.99,   718.01,   729.37
  474.28,   477.36,   470.99
  475.44,   473.68,   595.93
  476.59,   469.99,   720.87
  472.46,   602.29,   474.69
  473.62,   598.61,   599.63
  474.78,   594.93,   724.57
  470.65,   727.22,   478.39
  471.81,   723.54,   603.33
  472.97,   719.86,   728.27
  226.88,   475.46,   600.53
  226.92,   474.64,   725.53
  226.97,   473.81,   850.53
  223.14,   600.40,   601.36
  223.18,   599.58,   726.36
  223.23,   598.75,   851.35
  219.39,   725.34,   602.18
  219.44,   724.52,   727.18
  219.49,   723.70,   852.18
  351.82,   479.20,   600.51
  351.87,   478.38,   725.51
  351.91,   477.55,   850.51
  348.08,   604.14,   601.34
  348.13,   603.32,   726.33
  348.17,   602.50,   851.33
  344.34,   729.08,   602.16
  344.39,   728.26,   727.16
  344.43,   727.44,   852.15
  476.76,   482.94,   600.49
  476.81,   482.12,   725.49
  476.86,   481.30,   850.48
  473.02,   607.88,   601.31
  473.07,   607.06,   726.31
  473.12,   606.24,   851.31
  469.28,   732.82,   602.14
  469.33,   732.00,   727.13
  469.38,   731.18,   852.13
  223.46,   602.00,   100.85
  227.00,   600.05,   225.79
  230.54,   598.10,   350.72
  221.26,   726.96,   102.86
  224.80,   725.01,   227.80
  228.34,   723.06,   352.73
  219.06,   851.92,   104.87
  222.60,   849.98,   229.81
  226.14,   848.03,   354.74
  348.39,   604.25,    97.35
  351.93,   602.30,   222.28
  355.47,   600.35,   347.21
  346.19,   729.21,    99.36
  349.73,   727.27,   224.29
  353.27,   725.32,   349.23
  343.99,   854.18,   101.37
  347.53,   852.23,   226.30
  351.07,   850.28,   351.24
  473.32,   606.51,    93.84
  476.86,   604.56,   218.77
  480.40,   602.61,   343.71
  471.12,   731.47,    95.85
  474.66,   729.52,   220.79
  478.20,   727.57,   345.72
  468.92,   856.43,    97.86
  472.46,   854.49,   222.80
  476.00,   852.54,   347.73
  223.01,   600.55,   225.17
  221.55,   602.78,   350.14
  220.09,   605.02,   475.11
  221.74,   725.52,   222.92
  220.28,   727.76,   347.89
  218.82,   729.99,   472.86
  220.47,   850.49,   220.67
  219.01,   852.73,   345.64
  217.55,   854.96,   470.61
  348.00,   601.84,   226.60
  346.54,   604.08,   351.57
  345.08,   606.31,   476.55
  346.73,   726.82,   224.35
  345.27,   729.05,   349.32
  343.81,   731.29,   474.30
  345.46,   851.79,   222.10
  344.00,   854.02,   347.07
  342.54,   856.26,   472.05
  472.98,   603.14,   228.04
  471.52,   605.37,   353.01
  470.06,   607.61,   477.98
  471.71,   728.11,   225.79
  470.25,   730.35,   350.76
  468.79,   732.58,   475.73
  470.44,   853.08,   223.54
  468.98,   855.32,   348.51
  467.52,   857.55,   473.48
  224.32,   600.92,   350.79
  223.82,   600.94,   475.79
  223.32,   600.96,   600.79
  224.53,   725.92,   350.77
  224.03,   725.94,   475.77
  223.53,   725.96,   600.77
  224.73,   850.92,   350.75
  224.23,   850.94,   475.75
  223.73,   850.96,   600.75
  349.32,   600.71,   351.29
  348.82,   600.73,   476.29
  348.32,   600.75,   601.29
  349.53,   725.71,   351.27
  349.03,   725.73,   476.27
  348.53,   725.75,   601.27
  349.73,   850.71,   351.25
  349.23,   850.73,   476.25
  348.73,   850.75,   601.25
  474.32,   600.51,   351.79
  473.82,   600.53,   476.79
  473.32,   600.55,   601.79
  474.53,   725.51,   351.77
  474.03,   725.53,   476.77
  473.52,   725.55,   601.77
  474.73,   850.51,   351.75
  474.23,   850.53,   476.75
  473.73,   850.55,   601.75
  226.08,   598.05,   475.85
  227.55,   600.54,   600.82
  229.02,   603.03,   725.79
  227.81,   723.01,   473.34
  229.29,   725.50,   598.31
  230.76,   727.99,   723.28
  229.55,   847.98,   470.83
  231.02,   850.46,   595.80
  232.49,   852.95,   720.77
  351.06,   596.29,   474.42
  352.53,   598.78,   599.38
  354.00,   601.27,   724.35
  352.79,   721.25,   471.91
  354.27,   723.74,   596.87
  355.74,   726.23,   721.84
  354.53,   846.21,   469.40
  356.00,   848.70,   594.37
  357.47,   851.19,   719.33
  476.04,   594.53,   472.98
  477.51,   597.02,   597.95
  478.98,   599.51,   722.91
  477.77,   719.49,   470.47
  479.24,   721.98,   595.44
  480.72,   724.47,   720.41
  479.51,   844.45,   467.96
  480.98,   846.94,   592.93
  482.45,   849.43,   717.90
  224.84,   600.68,   598.52
  224.88,   602.19,   723.51
  224.91,   603.70,   848.50
  228.53,   725.62,   597.01
  228.56,   727.13,   722.00
  228.60,   728.63,   847.00
  232.22,   850.56,   595.51
  232.25,   852.06,   720.50
  232.29,   853.57,   845.49
  349.79,   597.00,   598.53
  349.82,   598.50,   723.52
  349.86,   600.01,   848.51
  353.47,   721.93,   597.02
  353.51,   723.44,   722.01
  353.54,   724.95,   847.00
  357.16,   846.87,   595.52
  357.20,   848.38,   720.51
  357.23,   849.88,   845.50
  474.73,   593.31,   598.54
  474.77,   594.81,   723.53
  474.80,   596.32,   848.52
  478.42,   718.24,   597.03
  478.45,   719.75,   722.02
  478.49,   721.26,   847.01
  482.11,   843.18,   595.53
  482.14,   844.69,   720.52
  482.18,   846.19,   845.51
  348.35,    98.28,    99.20
  347.31,   101.95,   224.14
  346.27,   105.62,   349.08
  351.17,   223.19,    95.55
  350.13,   226.86,   220.49
  349.09,   230.53,   345.44
  353.99,   348.11,    91.91
  352.95,   351.78,   216.85
  351.91,   355.45,   341.79
  473.32,    95.49,   100.32
  472.28,    99.16,   225.26
  471.23,   102.83,   350.21
  476.14,   220.40,    96.68
  475.09,   224.07,   221.62
  474.05,   227.74,   346.56
  478.95,   345.32,    93.03
  477.91,   348.99,   217.97
  476.87,   352.66,   342.91
  598.28,    92.70,   101.44
  597.24,    96.37,   226.39
  596.20,   100.04,   351.33
  601.10,   217.62,    97.80
  600.06,   221.29,   222.74
  599.02,   224.96,   347.68
  603.92,   342.53,    94.15
  602.88,   346.20,   219.09
  601.84,   349.87,   344.04
  348.10,    98.22,   224.34
  351.17,    96.00,   349.29
  354.23,    93.78,   474.23
  351.26,   223.16,   226.49
  354.33,   220.94,   351.43
  357.39,   218.72,   476.37
  354.42,   348.10,   228.63
  357.49,   345.88,   353.57
  360.55,   343.66,   478.51
  473.03,    95.12,   221.23
  476.09,    92.90,   346.17
  479.15,    90.68,   471.11
  476.19,   220.06,   223.37
  479.25,   217.84,   348.31
  482.31,   215.62,   473.25
  479.34,   345.00,   225.51
  482.41,   342.78,   350.45
  485.47,   340.56,   475.40
  597.95,    92.01,   218.11
  601.01,    89.79,   343.05
  604.08,    87.57,   467.99
  601.11,   216.95,   220.25
  604.17,   214.73,   345.19
  607.24,   212.51,   470.14
  604.27,   341.89,   222.39
  607.33,   339.67,   347.33
  610.39,   337.46,   472.28
  349.36,   101.33,   350.98
  349.79,   102.36,   475.97
  350.23,   103.39,   600.97
  352.82,   226.27,   349.93
  353.26,   227.31,   474.93
  353.69,   228.34,   599.92
  356.29,   351.22,   348.89
  356.72,   352.25,   473.89
  357.16,   353.29,   598.88
  474.31,    97.86,   350.57
  474.75,    98.89,   475.57
  475.18,    99.92,   600.56
  477.78,   222.81,   349.53
  478.21,   223.84,   474.52
  478.64,   224.87,   599.52
  481.24,   347.75,   348.48
  481.67,   348.79,   473.48
  482.11,   349.82,   598.47
  599.26,    94.39,   350.17
  599.70,    95.42,   475.16
  600.13,    96.46,   600.16
  602.73,   219.34,   349.12
  603.16,   220.37,   474.12
  603.59,   221.40,   599.11
  606.19,   344.29,   348.08
  606.62,   345.32,   473.07
  607.06,   346.35,   598.07
  351.72,    98.50,   473.77
  350.90,    99.77,   598.76
  350.09,   101.03,   723.75
  351.26,   223.50,   472.50
  350.45,   224.76,   597.50
  349.63,   226.03,   722.49
  350.80,   348.49,   471.24
  349.99,   349.75,   596.23
  349.17,   351.02,   721.22
  476.71,    98.97,   474.58
  475.90,   100.24,   599.57
  475.09,   101.50,   724.56
  476.26,   223.96,   473.31
  475.44,   225.23,   598.30
  474.63,   226.49,   723.29
  475.80,   348.96,   472.04
  474.98,   350.22,   597.03
  474.17,   351.49,   722.03
  601.71,    99.44,   475.39
  600.90,   100.70,   600.38
  600.09,   101.97,   725.37
  601.25,   224.43,   474.12
  600.44,   225.70,   599.11
  599.63,   226.96,   724.10
  600.79,   349.42,   472.85
  599.98,   350.69,   597.84
  599.17,   351.95,   722.83
  348.96,   100.86,   598.71
  351.24,   101.91,   723.68
  353.53,   102.97,   848.66
  352.52,   225.80,   597.59
  354.81,   226.85,   722.56
  357.10,   227.91,   847.54
  356.09,   350.74,   596.47
  358.38,   351.80,   721.44
  360.67,   352.85,   846.42
  473.88,    97.27,   596.45
  476.17,    98.32,   721.43
  478.46,    99.38,   846.40
  477.45,   222.21,   595.33
  479.74,   223.27,   720.31
  482.03,   224.32,   845.28
  481.02,   347.16,   594.21
  483.31,   348.21,   719.19
  485.60,   349.27,   844.16
  598.81,    93.68,   594.20
  601.10,    94.73,   719.17
  603.39,    95.79,   844.14
  602.38,   218.62,   593.08
  604.67,   219.68,   718.05
  606.96,   220.73,   843.02
  605.95,   343.57,   591.96
  608.24,   344.62,   716.93
  610.52,   345.68,   841.90
  348.09,   225.72,    98.22
  348.91,   227.84,   223.20
  349.73,   229.95,   348.18
  346.47,   350.70,    96.12
  347.29,   352.81,   221.10
  348.11,   354.93,   346.08
  344.85,   475.67,    94.01
  345.67,   477.78,   218.99
  346.49,   479.90,   343.97
  473.08,   227.33,    97.38
  473.90,   229.44,   222.36
  474.72,   231.56,   347.33
  471.46,   352.30,    95.27
  472.28,   354.42,   220.25
  473.10,   356.53,   345.23
  469.84,   477.27,    93.17
  470.66,   479.39,   218.15
  471.48,   481.50,   343.13
  598.07,   228.94,    96.53
  598.88,   231.05,   221.51
  599.70,   233.17,   346.49
  596.45,   353.91,    94.43
  597.26,   356.02,   219.41
  598.08,   358.14,   344.38
  594.83,   478.88,    92.32
  595.64,   480.99,   217.30
  596.46,   483.11,   342.28
  348.95,   223.49,   224.45
  347.81,   222.86,   349.44
  346.67,   222.24,   474.44
  349.29,   348.48,   225.08
  348.15,   347.86,   350.07
  347.01,   347.23,   475.07
  349.63,   473.48,   225.71
  348.49,   472.86,   350.70
  347.35,   472.23,   475.69
  473.94,   223.14,   225.59
  472.80,   222.52,   350.58
  471.67,   221.89,   475.58
  474.28,   348.14,   226.22
  473.14,   347.51,   351.21
  472.00,   346.89,   476.20
  474.62,   473.14,   226.84
  473.48,   472.51,   351.84
  472.34,   471.89,   476.83
  598.94,   222.80,   226.73
  597.80,   222.17,   351.72
  596.66,   221.55,   476.71
  599.28,   347.80,   227.35
  598.14,   347.17,   352.35
  597.00,   346.55,   477.34
  599.61,   472.79,   227.98
  598.47,   472.17,   352.97
  597.34,   471.54,   477.97
  350.48,   223.83,   351.94
  349.37,   221.04,   476.91
  348.26,   218.24,   601.87
  352.10,   348.79,   354.75
  350.99,   345.99,   479.72
  349.88,   343.20,   604.68
  353.73,   473.75,   357.56
  352.62,   470.95,   482.52
  351.51,   468.16,   607.49
  475.47,   222.18,   353.02
  474.36,   219.39,   477.98
  473.25,   216.60,   602.95
  477.09,   347.14,   355.83
  475.98,   344.35,   480.79
  474.87,   341.55,   605.75
  478.71,   472.10,   358.63
  477.60,   469.31,   483.60
  476.49,   466.51,   608.56
  600.45,   220.54,   354.09
  599.34,   217.74,   479.06
  598.23,   214.95,   604.02
  602.07,   345.49,   356.90
  600.96,   342.70,   481.86
  599.85,   339.91,   606.83
  603.70,   470.45,   359.71
  602.58,   467.66,   484.67
  601.47,   464.87,   609.64
  350.52,   223.58,   476.40
  348.58,   226.11,   601.36
  346.63,   228.64,   726.32
  350.45,   348.56,   473.87
  348.51,   351.09,   598.83
  346.56,   353.62,   723.79
  350.38,   473.53,   471.34
  348.44,   476.06,   596.30
  346.49,   478.59,   721.26
  475.51,   223.69,   478.35
  473.56,   226.22,   603.30
  471.62,   228.75,   728.26
  475.44,   348.66,   475.81
  473.49,   351.20,   600.77
  471.55,   353.73,   725.73
  475.37,   473.64,   473.28
  473.42,   476.17,   598.24
  471.48,   478.70,   723.20
  600.49,   223.80,   480.29
  598.55,   226.33,   605.25
  596.60,   228.86,   730.21
  600.42,   348.77,   477.76
  598.48,   351.30,   602.72
  596.53,   353.83,   727.68
  600.35,   473.75,   475.22
  598.41,   476.28,   600.18
  596.46,   478.81,   725.14
  350.54,   224.99,   598.51
  350.72,   225.85,   723.50
  350.90,   226.70,   848.50
  350.99,   349.98,   597.65
  351.17,   350.84,   722.64
  351.35,   351.70,   847.64
  351.44,   474.98,   596.79
  351.62,   475.84,   721.78
  351.80,   476.70,   846.78
  475.54,   224.53,   598.33
  475.72,   225.39,   723.33
  475.90,   226.25,   848.32
  475.99,   349.53,   597.47
  476.17,   350.39,   722.47
  476.35,   351.25,   847.46
  476.44,   474.52,   596.61
  476.62,   475.38,   721.61
  476.80,   476.24,   846.60
  600.54,   224.08,   598.15
  600.72,   224.94,   723.15
  600.90,   225.80,   848.15
  600.99,   349.07,   597.29
  601.17,   349.93,   722.29
  601.35,   350.79,   847.29
  601.44,   474.07,   596.43
  601.62,   474.93,   721.43
  601.80,   475.79,   846.43
  348.73,   351.27,   101.74
  348.86,   349.18,   226.73
  348.99,   347.08,   351.71
  349.05,   476.25,   103.84
  349.18,   474.16,   228.82
  349.31,   472.06,   353.80
  349.37,   601.23,   105.93
  349.50,   599.14,   230.91
  349.63,   597.05,   355.90
  473.73,   350.95,   101.61
  473.86,   348.86,   226.59
  473.99,   346.76,   351.57
  474.05,   475.93,   103.70
  474.18,   473.84,   228.69
  474.31,   471.75,   353.67
  474.37,   600.92,   105.80
  474.50,   598.82,   230.78
  474.63,   596.73,   355.76
  598.73,   350.63,   101.48
  598.86,   348.54,   226.46
  598.99,   346.45,   351.44
  599.05,   475.62,   103.57
  599.18,   473.52,   228.55
  599.31,   471.43,   353.53
  599.37,   600.60,   105.66
  599.50,   598.50,   230.64
  599.63,   596.41,   355.63
  350.91,   351.25,   224.31
  354.25,   354.94,   349.21
  357.59,   358.62,   474.11
  353.59,   476.17,   220.55
  356.94,   479.85,   345.45
  360.28,   483.54,   470.35
  356.28,   601.08,   216.79
  359.63,   604.77,   341.69
  362.97,   608.45,   466.59
  475.83,   348.46,   221.05
  479.17,   352.15,   345.95
  482.52,   355.84,   470.85
  478.52,   473.38,   217.29
  481.86,   477.06,   342.19
  485.21,   480.75,   467.09
  481.21,   598.29,   213.53
  484.55,   601.98,   338.43
  487.90,   605.67,   463.33
  600.76,   345.68,   217.79
  604.10,   349.36,   342.69
  607.44,   353.05,   467.59
  603.45,   470.59,   214.03
  606.79,   474.28,   338.93
  610.13,   477.96,   463.83
  606.14,   595.51,   210.27
  609.48,   599.19,   335.17
  612.82,   602.88,   460.07
  350.56,   349.43,   348.48
  350.53,   349.81,   473.48
  350.50,   350.19,   598.47
  353.11,   474.40,   348.10
  353.08,   474.78,   473.10
  353.04,   475.16,   598.10
  355.66,   599.38,   347.72
  355.62,   599.76,   472.72
  355.59,   600.13,   597.72
  475.54,   346.89,   348.52
  475.50,   347.26,   473.52
  475.47,   347.64,   598.52
  478.08,   471.86,   348.14
  478.05,   472.24,   473.14
  478.02,   472.62,   598.14
  480.63,   596.83,   347.76
  480.60,   597.21,   472.76
  480.56,   597.59,   597.76
  600.51,   344.34,   348.56
  600.48,   344.72,   473.56
  600.45,   345.10,   598.56
  603.06,   469.31,   348.18
  603.02,   469.69,   473.18
  602.99,   470.07,   598.18
  605.60,   594.29,   347.80
  605.57,   594.67,   472.80
  605.54,   595.04,   597.80
  348.63,   349.45,   475.62
  345.83,   347.23,   600.57
  343.04,   345.01,   725.52
  350.90,   474.41,   477.89
  348.11,   472.19,   602.83
  345.31,   469.97,   727.78
  353.18,   599.37,   480.15
  350.39,   597.15,   605.10
  347.59,   594.93,   730.05
  473.57,   347.12,   478.37
  470.78,   344.90,   603.32
  467.98,   342.69,   728.27
  475.85,   472.08,   480.64
  473.06,   469.86,   605.59
  470.26,   467.65,   730.54
  478.13,   597.04,   482.91
  475.33,   594.82,   607.86
  472.54,   592.60,   732.81
  598.52,   344.80,   481.12
  595.73,   342.58,   606.07
  592.93,   340.36,   731.02
  600.80,   469.75,   483.39
  598.00,   467.54,   608.34
  595.21,   465.32,   733.29
  603.08,   594.71,   485.66
  600.28,   592.49,   610.61
  597.49,   590.28,   735.56
  349.89,   349.50,   598.48
  346.73,   346.39,   723.40
  343.57,   343.29,   848.32
  350.30,   474.46,   601.60
  347.14,   471.35,   726.52
  343.97,   468.25,   851.44
  350.70,   599.42,   604.72
  347.54,   596.32,   729.64
  344.38,   593.21,   854.56
  474.85,   349.02,   601.63
  471.69,   345.91,   726.55
  468.53,   342.80,   851.47
  475.26,   473.98,   604.75
  472.09,   470.87,   729.67
  468.93,   467.76,   854.59
  475.66,   598.94,   607.87
  472.50,   595.83,   732.79
  469.34,   592.72,   857.71
  599.81,   348.54,   604.78
  596.65,   345.43,   729.70
  593.49,   342.32,   854.62
  600.21,   473.50,   607.90
  597.05,   470.39,   732.82
  593.89,   467.28,   857.74
  600.62,   598.46,   611.02
  597.46,   595.35,   735.94
  594.30,   592.24,   860.86
  350.77,   473.54,    98.44
  349.51,   476.73,   223.39
  348.26,   479.93,   348.34
  348.13,   598.47,    95.21
  346.88,   601.66,   220.17
  345.62,   604.86,   345.12
  345.50,   723.40,    91.99
  344.24,   726.60,   216.94
  342.99,   729.79,   341.89
  475.73,   476.20,    99.62
  474.48,   479.40,   224.57
  473.22,   482.60,   349.53
  473.10,   601.13,    96.40
  471.84,   604.33,   221.35
  470.59,   607.53,   346.30
  470.47,   726.06,    93.18
  469.21,   729.26,   218.13
  467.96,   732.46,   343.08
  600.70,   478.86,   100.81
  599.44,   482.06,   225.76
  598.19,   485.26,   350.71
  598.06,   603.80,    97.59
  596.81,   606.99,   222.54
  595.56,   610.19,   347.49
  595.43,   728.73,    94.36
  594.18,   731.92,   219.32
  592.92,   735.12,   344.27
  348.87,   473.93,   226.45
  351.32,   476.13,   351.41
  353.76,   478.32,   476.37
  352.18,   598.86,   224.19
  354.63,   601.06,   349.15
  357.07,   603.26,   474.10
  355.50,   723.80,   221.93
  357.94,   726.00,   346.89
  360.38,   728.19,   471.84
  473.80,   470.57,   224.07
  476.25,   472.77,   349.02
  478.69,   474.97,   473.98
  477.12,   595.51,   221.81
  479.56,   597.71,   346.76
  482.00,   599.90,   471.72
  480.43,   720.44,   219.55
  482.87,   722.64,   344.50
  485.32,   724.84,   469.46
  598.74,   467.22,   221.68
  601.18,   469.42,   346.64
  603.62,   471.61,   471.60
  602.05,   592.15,   219.42
  604.49,   594.35,   344.38
  606.94,   596.55,   469.34
  605.36,   717.09,   217.16
  607.80,   719.29,   342.12
  610.25,   721.48,   467.07
  351.66,   474.71,   350.26
  349.33,   474.12,   475.24
  346.99,   473.53,   600.21
  348.97,   599.68,   350.80
  346.64,   599.09,   475.77
  344.30,   598.50,   600.75
  346.28,   724.65,   351.34
  343.95,   724.06,   476.31
  341.61,   723.47,   601.29
  476.61,   477.39,   352.61
  474.28,   476.80,   477.58
  471.94,   476.21,   602.56
  473.92,   602.36,   353.15
  471.59,   601.77,   478.12
  469.25,   601.18,   603.10
  471.23,   727.33,   353.68
  468.90,   726.74,   478.66
  466.56,   726.15,   603.64
  601.56,   480.07,   354.95
  599.23,   479.48,   479.93
  596.89,   478.89,   604.91
  598.87,   605.04,   355.49
  596.54,   604.45,   480.47
  594.20,   603.86,   605.45
  596.18,   730.01,   356.03
  593.84,   729.42,   481.01
  591.51,   728.83,   605.98
  350.70,   474.57,   475.07
  354.31,   477.51,   599.98
  357.92,   480.44,   724.90
  349.26,   599.53,   472.17
  352.87,   602.47,   597.09
  356.48,   605.40,   722.00
  347.81,   724.49,   469.28
  351.42,   727.42,   594.19
  355.03,   730.36,   719.11
  475.64,   475.93,   471.43
  479.25,   478.87,   596.34
  482.86,   481.80,   721.25
  474.20,   600.89,   468.53
  477.81,   603.82,   593.45
  481.42,   606.76,   718.36
  472.75,   725.84,   465.64
  476.36,   728.78,   590.55
  479.97,   731.72,   715.46
  600.58,   477.29,   467.79
  604.19,   480.22,   592.70
  607.80,   483.16,   717.61
  599.14,   602.24,   464.89
  602.75,   605.18,   589.80
  606.36,   608.12,   714.72
  597.69,   727.20,   461.99
  601.30,   730.14,   586.91
  604.91,   733.08,   711.82
  349.55,   475.61,   598.97
  350.00,   475.25,   723.97
  350.44,   474.89,   848.97
  350.91,   600.60,   599.32
  351.35,   600.24,   724.32
  351.80,   599.88,   849.32
  352.27,   725.59,   599.68
  352.71,   725.23,   724.67
  353.16,   724.88,   849.67
  474.54,   474.25,   598.52
  474.99,   473.89,   723.52
  475.44,   473.54,   848.52
  475.90,   599.24,   598.87
  476.35,   598.89,   723.87
  476.79,   598.53,   848.87
  477.26,   724.24,   599.22
  477.70,   723.88,   724.22
  478.15,   723.52,   849.22
  599.53,   472.90,   598.07
  599.98,   472.54,   723.07
  600.43,   472.18,   848.07
  600.89,   597.89,   598.42
  601.34,   597.53,   723.42
  601.78,   597.17,   848.42
  602.25,   722.88,   598.77
  602.70,   722.52,   723.77
  603.14,   722.16,   848.77
  349.33,   601.90,   100.31
  346.13,   600.68,   225.27
  342.92,   599.45,   350.22
  351.76,   726.87,   101.60
  348.55,   725.65,   226.56
  345.35,   724.42,   351.51
  354.18,   851.84,   102.89
  350.98,   850.62,   227.85
  347.77,   849.39,   352.80
  474.27,   599.45,   103.49
  471.06,   598.22,   228.45
  467.86,   596.99,   353.40
  476.69,   724.42,   104.78
  473.49,   723.19,   229.74
  470.28,   721.96,   354.69
  479.11,   849.39,   106.07
  475.91,   848.16,   231.03
  472.71,   846.93,   355.98
  599.20,   596.99,   106.67
  596.00,   595.76,   231.62
  592.80,   594.54,   356.58
  601.63,   721.96,   107.96
  598.42,   720.73,   232.91
  595.22,   719.51,   357.87
  604.05,   846.93,   109.25
  600.85,   845.70,   234.20
  597.64,   844.48,   359.16
  351.51,   601.57,   226.51
  348.65,   597.87,   351.42
  345.79,   594.18,   476.33
  349.01,   726.49,   230.15
  346.15,   722.80,   355.06
  343.30,   719.10,   479.97
  346.51,   851.41,   233.78
  343.66,   847.72,   358.70
  340.80,   844.02,   483.61
  476.45,   603.98,   229.44
  473.59,   600.29,   354.35
  470.73,   596.59,   479.26
  473.95,   728.90,   233.08
  471.10,   725.21,   357.99
  468.24,   721.51,   482.90
  471.46,   853.83,   236.71
  468.60,   850.13,   361.63
  465.74,   846.43,   486.54
  601.39,   606.39,   232.37
  598.53,   602.70,   357.28
  595.68,   599.00,   482.19
  598.89,   731.31,   236.01
  596.04,   727.62,   360.92
  593.18,   723.92,   485.83
  596.40,   856.24,   239.64
  593.54,   852.54,   364.56
  590.68,   848.85,   489.47
  348.02,   601.20,   350.59
  344.70,   597.87,   475.50
  341.38,   594.55,   600.41
  349.02,   726.15,   353.95
  345.70,   722.82,   478.86
  342.38,   719.50,   603.77
  350.02,   851.10,   357.30
  346.70,   847.78,   482.21
  343.38,   844.45,   607.12
  472.97,   600.11,   353.88
  469.65,   596.78,   478.80
  466.33,   593.46,   603.71
  473.97,   725.06,   357.24
  470.65,   721.74,   482.15
  467.33,   718.41,   607.06
  474.97,   850.01,   360.59
  471.65,   846.69,   485.50
  468.33,   843.36,   610.41
  597.92,   599.02,   357.18
  594.60,   595.69,   482.09
  591.28,   592.37,   607.00
  598.92,   723.97,   360.53
  595.60,   720.65,   485.44
  592.28,   717.32,   610.35
  599.92,   848.92,   363.88
  596.60,   845.60,   488.79
  593.28,   842.27,   613.71
  349.67,   600.52,   476.44
  349.63,   601.39,   601.44
  349.59,   602.25,   726.44
  348.91,   725.52,   475.58
  348.86,   726.38,   600.58
  348.82,   727.25,   725.57
  348.14,   850.51,   474.71
  348.10,   851.38,   599.71
  348.06,   852.24,   724.71
  474.67,   601.29,   476.48
  474.63,   602.16,   601.47
  474.59,   603.02,   726.47
  473.90,   726.29,   475.61
  473.86,   727.15,   600.61
  473.82,   728.01,   725.61
  473.13,   851.28,   474.75
  473.09,   852.15,   599.75
  473.05,   853.01,   724.74
  599.67,   602.06,   476.51
  599.63,   602.92,   601.51
  599.59,   603.79,   726.51
  598.90,   727.06,   475.65
  598.86,   727.92,   600.65
  598.82,   728.78,   725.64
  598.13,   852.05,   474.78
  598.09,   852.91,   599.78
  598.05,   853.78,   724.78
  350.94,   601.05,   598.32
  349.20,   601.35,   723.31
  347.46,   601.66,   848.30
  350.19,   726.05,   598.01
  348.45,   726.35,   722.99
  346.71,   726.65,   847.98
  349.44,   851.05,   597.69
  347.70,   851.35,   722.68
  345.97,   851.65,   847.67
  475.92,   601.80,   600.06
  474.18,   602.11,   725.04
  472.45,   602.41,   850.03
  475.18,   726.80,   599.74
  473.44,   727.10,   724.73
  471.70,   727.41,   849.72
  474.43,   851.80,   599.43
  472.69,   852.10,   724.42
  470.95,   852.40,   849.40
  600.91,   602.55,   601.79
  599.17,   602.86,   726.78
  597.43,   603.16,   851.77
  600.16,   727.55,   601.48
  598.42,   727.85,   726.47
  596.68,   728.16,   851.45
  599.41,   852.55,   601.17
  597.68,   852.85,   726.15
  595.94,   853.15,   851.14
  473.17,   101.68,   100.22
  470.95,   100.23,   225.19
  468.74,    98.77,   350.17
  475.60,   226.65,   101.72
  473.38,   225.19,   226.69
  471.16,   223.74,   351.66
  478.02,   351.61,   103.21
  475.80,   350.16,   228.19
  473.59,   348.71,   353.16
  598.13,    99.23,   102.41
  595.91,    97.77,   227.38
  593.69,    96.32,   352.36
  600.55,   224.19,   103.91
  598.34,   222.74,   228.88
  596.12,   221.29,   353.85
  602.98,   349.16,   105.40
  600.76,   347.71,   230.37
  598.54,   346.26,   355.35
  723.09,    96.78,   104.60
  720.87,    95.32,   229.57
  718.65,    93.87,   354.54
  725.51,   221.74,   106.10
  723.29,   220.29,   231.07
  721.07,   218.84,   356.04
  727.94,   346.71,   107.59
  725.72,   345.26,   232.56
  723.50,   343.81,   357.54
  474.43,   101.58,   226.47
  474.99,   101.85,   351.47
  475.55,   102.11,   476.47
  474.86,   226.58,   226.20
  475.42,   226.85,   351.20
  475.98,   227.11,   476.20
  475.29,   351.58,   225.93
  475.85,   351.85,   350.93
  476.40,   352.11,   475.93
  599.43,   101.15,   225.91
  599.99,   101.42,   350.91
  600.55,   101.69,   475.91
  599.86,   226.15,   225.64
  600.42,   226.42,   350.64
  600.97,   226.68,   475.64
  600.28,   351.15,   225.37
  600.84,   351.42,   350.37
  601.40,   351.68,   475.37
  724.43,   100.72,   225.35
  724.99,   100.99,   350.35
  725.55,   101.26,   475.35
  724.85,   225.72,   225.08
  725.41,   225.99,   350.08
  725.97,   226.26,   475.08
  725.28,   350.72,   224.81
  725.84,   350.99,   349.81
  726.40,   351.26,   474.81
  473.25,   101.15,   351.01
  472.18,    99.15,   475.99
  471.11,    97.15,   600.97
  474.11,   226.13,   353.02
  473.04,   224.13,   478.00
  471.97,   222.13,   602.98
  474.96,   351.11,   355.03
  473.89,   349.11,   480.00
  472.83,   347.11,   604.98
  598.24,   100.28,   352.07
  597.17,    98.28,   477.05
  596.11,    96.28,   602.03
  599.10,   225.26,   354.07
  598.03,   223.26,   479.05
  596.96,   221.26,   604.03
  599.96,   350.24,   356.08
  598.89,   348.24,   481.06
  597.82,   346.24,   606.04
  723.24,    99.40,   353.12
  722.17,    97.40,   478.10
  721.10,    95.41,   603.08
  724.09,   224.39,   355.13
  723.02,   222.39,   480.11
  721.95,   220.39,   605.09
  724.95,   349.37,   357.14
  723.88,   347.37,   482.12
  722.81,   345.37,   607.10
  474.58,   100.89,   476.54
  475.83,   102.15,   601.53
  477.08,   103.42,   726.51
  471.80,   225.85,   475.30
  473.06,   227.11,   600.29
  474.31,   228.38,   725.27
  469.03,   350.81,   474.06
  470.28,   352.08,   599.05
  471.53,   353.34,   724.04
  599.54,   103.65,   475.26
  600.79,   104.91,   600.25
  602.05,   106.18,   725.23
  596.77,   228.61,   474.02
  598.02,   229.88,   599.01
  599.27,   231.14,   724.00
  593.99,   353.57,   472.78
  595.24,   354.84,   597.77
  596.50,   356.11,   722.76
  724.50,   106.41,   473.98
  725.76,   107.68,   598.97
  727.01,   108.94,   723.95
  721.73,   231.37,   472.74
  722.98,   232.64,   597.73
  724.23,   233.91,   722.72
  718.95,   356.34,   471.50
  720.21,   357.60,   596.49
  721.46,   358.87,   721.48
  475.93,   101.69,   600.46
  473.22,    98.60,   725.39
  470.52,    95.51,   850.32
  472.53,   226.61,   603.47
  469.82,   223.52,   728.40
  467.11,   220.43,   853.34
  469.12,   351.52,   606.49
  466.41,   348.43,   731.42
  463.71,   345.35,   856.35
  600.86,   105.03,   603.25
  598.15,   101.94,   728.18
  595.44,    98.85,   853.11
  597.45,   229.94,   606.26
  594.74,   226.85,   731.20
  592.03,   223.77,   856.13
  594.05,   354.86,   609.28
  591.34,   351.77,   734.21
  588.63,   348.68,   859.14
  725.78,   108.36,   606.04
  723.07,   105.27,   730.97
  720.36,   102.19,   855.91
  722.38,   233.28,   609.05
  719.67,   230.19,   733.99
  716.96,   227.10,   858.92
  718.97,   358.20,   612.07
  716.26,   355.11,   737.00
  713.55,   352.02,   861.93
  474.94,   224.57,    98.27
  475.92,   224.25,   223.27
  476.90,   223.93,   348.26
  475.94,   349.56,    98.58
  476.92,   349.24,   223.58
  477.91,   348.92,   348.57
  476.95,   474.56,    98.89
  477.93,   474.24,   223.89
  478.91,   473.92,   348.89
  599.93,   223.56,    97.28
  600.91,   223.24,   222.28
  601.90,   222.92,   347.28
  600.93,   348.56,    97.60
  601.92,   348.24,   222.59
  602.90,   347.92,   347.59
  601.94,   473.56,    97.91
  602.92,   473.24,   222.90
  603.91,   472.92,   347.90
  724.92,   222.56,    96.30
  725.90,   222.24,   221.29
  726.89,   221.92,   346.29
  725.93,   347.56,    96.61
  726.91,   347.24,   221.61
  727.89,   346.92,   346.60
  726.93,   472.55,    96.92
  727.91,   472.23,   221.92
  728.90,   471.91,   346.91
  474.23,   224.32,   224.49
  474.67,   225.17,   349.48
  475.10,   226.02,   474.48
  474.09,   349.32,   223.64
  474.52,   350.17,   348.64
  474.95,   351.01,   473.64
  473.94,   474.32,   222.80
  474.37,   475.16,   347.79
  474.81,   476.01,   472.79
  599.23,   224.47,   224.05
  599.67,   225.31,   349.05
  600.10,   226.16,   474.05
  599.09,   349.46,   223.21
  599.52,   350.31,   348.20
  599.95,   351.16,   473.20
  598.94,   474.46,   222.36
  599.37,   475.31,   347.36
  599.81,   476.15,   472.36
  724.23,   224.61,   223.62
  724.67,   225.46,   348.62
  725.10,   226.30,   473.61
  724.09,   349.61,   222.77
  724.52,   350.45,   347.77
  724.95,   351.30,   472.77
  723.94,   474.60,   221.93
  724.37,   475.45,   346.92
  724.81,   476.30,   471.92
  475.89,   226.44,   349.61
  479.64,   227.20,   474.55
  483.39,   227.96,   599.49
  479.08,   351.40,   348.75
  482.83,   352.16,   473.70
  486.58,   352.92,   598.64
  482.28,   476.36,   347.90
  486.03,   477.12,   472.84
  489.78,   477.88,   597.78
  600.79,   223.22,   345.88
  604.54,   223.98,   470.82
  608.29,   224.74,   595.76
  603.98,   348.18,   345.02
  607.73,   348.94,   469.97
  611.48,   349.70,   594.91
  607.18,   473.14,   344.17
  610.93,   473.90,   469.11
  614.68,   474.66,   594.05
  725.69,   220.01,   342.15
  729.44,   220.77,   467.09
  733.19,   221.53,   592.03
  728.89,   344.96,   341.29
  732.64,   345.72,   466.24
  736.39,   346.48,   591.18
  732.08,   469.92,   340.44
  735.83,   470.68,   465.38
  739.58,   471.44,   590.32
  476.68,   225.42,   475.88
  478.71,   226.46,   600.86
  480.74,   227.49,   725.84
  478.15,   350.40,   474.82
  480.18,   351.44,   599.80
  482.20,   352.48,   724.78
  479.61,   475.39,   473.76
  481.64,   476.43,   598.74
  483.67,   477.47,   723.72
  601.66,   223.93,   473.87
  603.69,   224.97,   598.85
  605.71,   226.01,   723.83
  603.12,   348.92,   472.80
  605.15,   349.96,   597.78
  607.18,   351.00,   722.76
  604.59,   473.91,   471.74
  606.62,   474.95,   596.72
  608.65,   475.99,   721.70
  726.63,   222.45,   471.85
  728.66,   223.49,   596.83
  730.69,   224.53,   721.81
  728.10,   347.44,   470.79
  730.13,   348.48,   595.77
  732.15,   349.52,   720.75
  729.56,   472.43,   469.73
  731.59,   473.46,   594.71
  733.62,   474.50,   719.68
  476.24,   224.22,   598.31
  472.71,   220.83,   723.21
  469.18,   217.43,   848.12
  477.82,   349.16,   601.75
  474.29,   345.77,   726.65
  470.76,   342.38,   851.55
  479.41,   474.10,   605.18
  475.87,   470.71,   730.09
  472.34,   467.32,   854.99
  601.18,   222.54,   601.80
  597.65,   219.15,   726.70
  594.12,   215.76,   851.60
  602.76,   347.48,   605.23
  599.23,   344.09,   730.14
  595.70,   340.70,   855.04
  604.35,   472.43,   608.67
  600.81,   469.03,   733.58
  597.28,   465.64,   858.48
  726.12,   220.86,   605.28
  722.59,   217.47,   730.19
  719.06,   214.08,   855.09
  727.70,   345.81,   608.72
  724.17,   342.41,   733.63
  720.64,   339.02,   858.53
  729.29,   470.75,   612.16
  725.75,   467.36,   737.06
  722.22,   463.97,   861.97
  476.46,   350.45,   101.08
  473.53,   352.03,   226.04
  470.60,   353.60,   350.99
  479.80,   475.40,    99.58
  476.87,   476.97,   224.54
  473.94,   478.55,   349.50
  483.14,   600.35,    98.09
  480.21,   601.92,   223.04
  477.27,   603.50,   348.00
  601.38,   347.15,   104.05
  598.45,   348.73,   229.01
  595.52,   350.30,   353.97
  604.72,   472.10,   102.56
  601.79,   473.67,   227.51
  598.86,   475.25,   352.47
  608.06,   597.04,   101.06
  605.13,   598.62,   226.02
  602.20,   600.19,   350.97
  726.30,   343.85,   107.03
  723.37,   345.42,   231.98
  720.44,   347.00,   356.94
  729.64,   468.80,   105.53
  726.71,   470.37,   230.49
  723.78,   471.95,   355.44
  732.98,   593.74,   104.03
  730.05,   595.32,   228.99
  727.12,   596.89,   353.94
  475.19,   349.68,   225.63
  471.57,   351.94,   350.56
  467.94,   354.19,   475.49
  471.55,   474.60,   223.27
  467.93,   476.86,   348.20
  464.30,   479.11,   473.13
  467.91,   599.53,   220.91
  464.29,   601.78,   345.84
  460.66,   604.04,   470.76
  600.09,   353.39,   229.19
  596.46,   355.64,   354.11
  592.84,   357.90,   479.04
  596.45,   478.31,   226.83
  592.82,   480.57,   351.75
  589.20,   482.82,   476.68
  592.81,   603.24,   224.47
  589.18,   605.49,   349.39
  585.56,   607.75,   474.32
  724.98,   357.09,   232.74
  721.36,   359.35,   357.67
  717.73,   361.60,   482.60
  721.34,   482.02,   230.38
  717.72,   484.27,   355.31
  714.09,   486.53,   480.24
  717.70,   606.94,   228.02
  714.08,   609.20,   352.95
  710.45,   611.45,   477.88
  473.86,   351.21,   350.44
  475.43,   348.70,   475.40
  477.00,   346.19,   600.37
  470.72,   476.15,   352.99
  472.28,   473.64,   477.95
  473.85,   471.13,   602.92
  467.57,   601.08,   355.53
  469.14,   598.57,   480.50
  470.70,   596.06,   605.46
  598.81,   354.39,   348.94
  600.38,   351.88,   473.90
  601.95,   349.37,   598.87
  595.67,   479.32,   351.48
  597.23,   476.82,   476.45
  598.80,   474.31,   601.41
  592.52,   604.26,   354.03
  594.09,   601.75,   479.00
  595.65,   599.24,   603.96
  723.76,   357.57,   347.43
  725.33,   355.06,   472.40
  726.90,   352.55,   597.36
  720.62,   482.50,   349.98
  722.18,   479.99,   474.94
  723.75,   477.49,   599.91
  717.47,   607.44,   352.53
  719.04,   604.93,   477.49
  720.60,   602.42,   602.46
  473.62,   349.62,   474.36
  476.55,   349.29,   599.32
  479.47,   348.97,   724.29
  477.27,   474.57,   474.60
  480.20,   474.24,   599.56
  483.12,   473.92,   724.53
  480.92,   599.51,   474.84
  483.85,   599.19,   599.80
  486.77,   598.86,   724.77
  598.54,   345.98,   471.42
  601.46,   345.65,   596.39
  604.39,   345.33,   721.35
  602.18,   470.93,   471.66
  605.11,   470.60,   596.63
  608.03,   470.27,   721.59
  605.83,   595.87,   471.90
  608.76,   595.55,   596.87
  611.68,   595.22,   721.83
  723.45,   342.34,   468.49
  726.37,   342.01,   593.45
  729.30,   341.69,   718.42
  727.10,   467.28,   468.73
  730.02,   466.96,   593.69
  732.95,   466.63,   718.66
  730.75,   592.23,   468.97
  733.67,   591.90,   593.93
  736.60,   591.58,   718.90
  474.82,   349.47,   599.45
  473.76,   348.91,   724.44
  472.71,   348.35,   849.44
  471.94,   474.43,   599.98
  470.89,   473.87,   724.98
  469.83,   473.31,   849.97
  469.07,   599.40,   600.52
  468.01,   598.84,   725.51
  466.96,   598.28,   850.51
  599.78,   352.34,   600.51
  598.72,   351.78,   725.51
  597.67,   351.22,   850.50
  596.90,   477.30,   601.05
  595.85,   476.74,   726.04
  594.80,   476.18,   851.04
  594.03,   602.27,   601.58
  592.97,   601.71,   726.58
  591.92,   601.15,   851.57
  724.74,   355.21,   601.58
  723.69,   354.65,   726.58
  722.63,   354.09,   851.57
  721.87,   480.17,   602.12
  720.81,   479.61,   727.11
  719.76,   479.05,   852.11
  718.99,   605.14,   602.65
  717.94,   604.58,   727.65
  716.88,   604.02,   852.64
  474.01,   475.15,    98.92
  473.57,   478.86,   223.86
  473.13,   482.56,   348.81
  470.42,   600.04,    95.20
  469.98,   603.75,   220.14
  469.54,   607.45,   345.09
  466.83,   724.93,    91.48
  466.39,   728.64,   216.43
  465.95,   732.35,   341.37
  598.96,   478.75,    99.25
  598.52,   482.46,   224.20
  598.08,   486.17,   349.14
  595.37,   603.65,    95.53
  594.93,   607.35,   220.48
  594.49,   611.06,   345.42
  591.78,   728.54,    91.82
  591.33,   732.24,   216.76
  590.89,   735.95,   341.71
  723.91,   482.36,    99.59
  723.47,   486.06,   224.53
  723.03,   489.77,   349.48
  720.32,   607.25,    95.87
  719.87,   610.96,   220.81
  719.43,   614.66,   345.76
  716.72,   732.14,    92.15
  716.28,   735.85,   217.10
  715.84,   739.56,   342.04
  476.64,   473.61,   223.28
  476.56,   474.56,   348.28
  476.49,   475.51,   473.28
  478.57,   598.59,   222.34
  478.50,   599.54,   347.33
  478.42,   600.49,   472.33
  480.50,   723.57,   221.39
  480.43,   724.52,   346.38
  480.35,   725.47,   471.38
  601.62,   471.68,   223.37
  601.55,   472.63,   348.37
  601.47,   473.58,   473.37
  603.55,   596.66,   222.42
  603.48,   597.61,   347.42
  603.41,   598.56,   472.42
  605.49,   721.64,   221.48
  605.41,   722.59,   346.47
  605.34,   723.54,   471.47
  726.61,   469.75,   223.46
  726.53,   470.70,   348.46
  726.46,   471.65,   473.45
  728.54,   594.73,   222.51
  728.47,   595.68,   347.51
  728.39,   596.63,   472.51
  730.47,   719.71,   221.56
  730.40,   720.66,   346.56
  730.32,   721.61,   471.56
  473.51,   476.78,   348.23
  474.41,   475.15,   473.22
  475.31,   473.51,   598.20
  471.73,   601.76,   349.88
  472.63,   600.12,   474.86
  473.53,   598.49,   599.85
  469.95,   726.73,   351.52
  470.85,   725.10,   476.51
  471.75,   723.47,   601.49
  598.49,   478.57,   347.35
  599.39,   476.94,   472.34
  600.29,   475.30,   597.32
  596.71,   603.54,   349.00
  597.61,   601.91,   473.98
  598.52,   600.28,   598.97
  594.93,   728.52,   350.64
  595.84,   726.89,   475.63
  596.74,   725.26,   600.61
  723.47,   480.36,   346.47
  724.38,   478.72,   471.46
  725.28,   477.09,   596.44
  721.70,   605.33,   348.12
  722.60,   603.70,   473.10
  723.50,   602.07,   598.09
  719.92,   730.31,   349.76
  720.82,   728.68,   474.75
  721.72,   727.04,   599.74
  473.85,   473.33,   476.74
  474.62,   470.82,   601.71
  475.40,   468.32,   726.68
  475.95,   598.28,   479.23
  476.72,   595.78,   604.20
  477.49,   593.28,   729.17
  478.05,   723.24,   481.71
  478.82,   720.74,   606.69
  479.59,   718.24,   731.66
  598.83,   471.24,   475.92
  599.60,   468.74,   600.90
  600.38,   466.24,   725.87
  600.93,   596.20,   478.41
  601.70,   593.70,   603.38
  602.47,   591.20,   728.36
  603.03,   721.16,   480.90
  603.80,   718.66,   605.87
  604.57,   716.16,   730.84
  723.81,   469.16,   475.11
  724.58,   466.66,   600.08
  725.36,   464.16,   725.05
  725.91,   594.12,   477.60
  726.68,   591.62,   602.57
  727.45,   589.12,   727.54
  728.01,   719.08,   480.09
  728.78,   716.58,   605.06
  729.55,   714.08,   730.03
  475.76,   473.95,   598.56
  472.80,   471.18,   723.49
  469.84,   468.41,   848.43
  476.49,   598.92,   601.35
  473.53,   596.15,   726.28
  470.57,   593.38,   851.22
  477.22,   723.89,   604.14
  474.26,   721.12,   729.07
  471.30,   718.35,   854.01
  600.73,   473.16,   601.50
  597.76,   470.39,   726.44
  594.80,   467.62,   851.37
  601.46,   598.13,   604.29
  598.49,   595.35,   729.23
  595.53,   592.58,   854.16
  602.19,   723.09,   607.08
  599.22,   720.32,   732.02
  596.26,   717.55,   856.95
  725.69,   472.36,   604.45
  722.73,   469.59,   729.38
  719.77,   466.82,   854.32
  726.42,   597.33,   607.24
  723.46,   594.56,   732.17
  720.50,   591.79,   857.11
  727.15,   722.30,   610.03
  724.19,   719.53,   734.96
  721.23,   716.75,   859.90
  475.17,   598.38,   101.99
  478.50,   599.32,   226.94
  481.82,   600.25,   351.89
  475.69,   723.38,   101.04
  479.02,   724.31,   225.99
  482.34,   725.25,   350.95
  476.21,   848.37,   100.09
  479.54,   849.31,   225.05
  482.86,   850.24,   350.00
  600.13,   597.84,    98.67
  603.45,   598.77,   223.62
  606.78,   599.71,   348.57
  600.65,   722.83,    97.72
  603.97,   723.77,   222.67
  607.30,   724.70,   347.63
  601.17,   847.83,    96.77
  604.49,   848.76,   221.72
  607.82,   849.70,   346.68
  725.08,   597.29,    95.35
  728.41,   598.23,   220.30
  731.73,   599.16,   345.25
  725.60,   722.29,    94.40
  728.93,   723.22,   219.35
  732.25,   724.16,   344.30
  726.12,   847.29,    93.45
  729.45,   848.22,   218.40
  732.77,   849.15,   343.36
  476.79,   600.93,   226.29
  478.96,   602.81,   351.26
  481.13,   604.69,   476.22
  479.09,   725.90,   224.37
  481.26,   727.77,   349.34
  483.43,   729.65,   474.31
  481.39,   850.86,   222.45
  483.56,   852.74,   347.42
  485.73,   854.62,   472.39
  601.75,   598.60,   224.16
  603.92,   600.47,   349.12
  606.09,   602.35,   474.09
  604.05,   723.56,   222.24
  606.22,   725.44,   347.21
  608.39,   727.32,   472.17
  606.35,   848.53,   220.32
  608.52,   850.40,   345.29
  610.69,   852.28,   470.25
  726.71,   596.26,   222.02
  728.88,   598.14,   346.99
  731.05,   600.02,   471.96
  729.01,   721.23,   220.10
  731.18,   723.10,   345.07
  733.35,   724.98,   470.04
  731.31,   846.19,   218.19
  733.48,   848.07,   343.15
  735.65,   849.95,   468.12
  474.63,   601.95,   348.98
  474.84,   601.07,   473.98
  475.05,   600.18,   598.98
  474.78,   726.95,   349.87
  474.99,   726.06,   474.86
  475.21,   725.18,   599.86
  474.93,   851.95,   350.75
  475.15,   851.06,   475.75
  475.36,   850.17,   600.75
  599.63,   601.80,   348.77
  599.84,   600.92,   473.76
  600.05,   600.03,   598.76
  599.78,   726.80,   349.65
  599.99,   725.91,   474.65
  600.21,   725.03,   599.65
  599.93,   851.80,   350.54
  600.15,   850.91,   475.54
  600.36,   850.02,   600.53
  724.63,   601.65,   348.55
  724.84,   600.76,   473.55
  725.05,   599.88,   598.55
  724.78,   726.65,   349.44
  724.99,   725.76,   474.44
  725.21,   724.87,   599.43
  724.93,   851.64,   350.33
  725.15,   850.76,   475.32
  725.36,   849.87,   600.32
  473.35,   599.02,   473.57
  473.88,   596.81,   598.55
  474.41,   594.61,   723.53
  477.05,   723.95,   475.76
  477.58,   721.74,   600.74
  478.10,   719.53,   725.72
  480.74,   848.87,   477.96
  481.27,   846.67,   602.94
  481.80,   844.46,   727.91
  598.30,   595.34,   472.98
  598.82,   593.13,   597.96
  599.35,   590.92,   722.94
  601.99,   720.26,   475.17
  602.52,   718.05,   600.15
  603.05,   715.85,   725.13
  605.69,   845.19,   477.36
  606.22,   842.98,   602.34
  606.75,   840.77,   727.32
  723.24,   591.65,   472.39
  723.77,   589.44,   597.37
  724.30,   587.23,   722.35
  726.94,   716.58,   474.58
  727.47,   714.37,   599.56
  727.99,   712.16,   724.54
  730.63,   841.50,   476.77
  731.16,   839.29,   601.75
  731.69,   837.08,   726.73
  474.34,   601.77,   601.09
  478.00,   601.26,   726.03
  481.65,   600.75,   850.98
  473.37,   726.76,   601.63
  477.03,   726.25,   726.57
  480.69,   725.74,   851.52
  472.41,   851.76,   602.16
  476.07,   851.25,   727.11
  479.73,   850.74,   852.05
  599.28,   602.74,   597.43
  602.94,   602.24,   722.38
  606.60,   601.73,   847.33
  598.32,   727.74,   597.97
  601.97,   727.23,   722.92
  605.63,   726.72,   847.86
  597.35,   852.73,   598.51
  601.01,   852.23,   723.45
  604.67,   851.72,   848.40
  724.22,   603.72,   593.78
  727.88,   603.21,   718.73
  731.54,   602.71,   843.67
  723.26,   728.72,   594.32
  726.92,   728.21,   719.26
  730.58,   727.70,   844.21
  722.30,   853.71,   594.85
  725.95,   853.20,   719.80
  729.61,   852.70,   844.74
  601.97,   100.96,    99.18
  599.69,   102.85,   224.15
  597.42,   104.74,   349.11
  603.32,   225.94,    97.32
  601.04,   227.83,   222.29
  598.77,   229.71,   347.25
  604.67,   350.92,    95.46
  602.40,   352.81,   220.42
  600.12,   354.69,   345.39
  726.94,    99.65,   101.48
  724.66,   101.53,   226.44
  722.39,   103.42,   351.41
  728.29,   224.62,    99.62
  726.02,   226.51,   224.58
  723.74,   228.40,   349.55
  729.64,   349.60,    97.75
  727.37,   351.49,   222.72
  725.09,   353.37,   347.68
  851.91,    98.33,   103.77
  849.63,   100.21,   228.74
  847.36,   102.10,   353.70
  853.26,   223.31,   101.91
  850.99,   225.19,   226.88
  848.71,   227.08,   351.84
  854.62,   348.28,   100.05
  852.34,   350.17,   225.01
  850.07,   352.06,   349.98
  601.46,   101.70,   226.22
  599.03,   102.23,   351.19
  596.59,   102.77,   476.17
  600.74,   226.69,   225.67
  598.30,   227.23,   350.64
  595.86,   227.76,   475.62
  600.01,   351.69,   225.12
  597.57,   352.23,   350.10
  595.13,   352.76,   475.07
  726.44,   102.44,   228.65
  724.00,   102.97,   353.63
  721.56,   103.51,   478.61
  725.71,   227.43,   228.11
  723.27,   227.97,   353.08
  720.83,   228.50,   478.06
  724.98,   352.43,   227.56
  722.54,   352.96,   352.53
  720.10,   353.50,   477.51
  851.41,   103.17,   231.09
  848.97,   103.71,   356.07
  846.53,   104.24,   481.04
  850.68,   228.17,   230.54
  848.25,   228.71,   355.52
  845.81,   229.24,   480.49
  849.96,   353.17,   229.99
  847.52,   353.70,   354.97
  845.08,   354.24,   479.94
  600.21,   101.84,   351.73
  599.90,   102.48,   476.73
  599.60,   103.12,   601.73
  602.95,   226.81,   351.10
  602.65,   227.45,   476.10
  602.34,   228.09,   601.09
  605.70,   351.78,   350.47
  605.39,   352.42,   475.46
  605.08,   353.06,   600.46
  725.18,    99.10,   352.05
  724.87,    99.74,   477.05
  724.57,   100.38,   602.05
  727.92,   224.07,   351.42
  727.62,   224.71,   476.42
  727.31,   225.35,   601.41
  730.67,   349.04,   350.79
  730.36,   349.68,   475.78
  730.05,   350.32,   600.78
  850.15,    96.36,   352.37
  849.84,    97.00,   477.37
  849.54,    97.64,   602.37
  852.89,   221.33,   351.74
  852.59,   221.97,   476.74
  852.28,   222.61,   601.73
  855.63,   346.30,   351.11
  855.33,   346.94,   476.10
  855.02,   347.58,   601.10
  601.53,   100.82,   473.13
  600.85,   100.37,   598.13
  600.18,    99.93,   723.12
  597.90,   225.76,   473.55
  597.23,   225.32,   598.55
  596.55,   224.88,   723.55
  594.28,   350.71,   473.98
  593.60,   350.27,   598.97
  592.92,   349.82,   723.97
  726.48,   104.44,   473.82
  725.80,   104.00,   598.82
  725.12,   103.56,   723.82
  722.85,   229.39,   474.24
  722.17,   228.95,   599.24
  721.49,   228.50,   724.24
  719.22,   354.34,   474.67
  718.54,   353.89,   599.66
  717.86,   353.45,   724.66
  851.43,   108.07,   474.51
  850.75,   107.63,   599.51
  850.07,   107.18,   724.51
  847.80,   233.02,   474.94
  847.12,   232.57,   599.93
  846.44,   232.13,   724.93
  844.17,   357.96,   475.36
  843.49,   357.52,   600.36
  842.81,   357.08,   725.35
  601.32,   100.02,   601.83
  598.32,   102.21,   726.77
  595.32,   104.41,   851.71
  597.72,   224.94,   599.54
  594.72,   227.14,   724.49
  591.72,   229.34,   849.43
  594.13,   349.87,   597.26
  591.12,   352.07,   722.20
  588.12,   354.27,   847.15
  726.23,   103.67,   604.76
  723.23,   105.87,   729.71
  720.23,   108.06,   854.65
  722.64,   228.59,   602.48
  719.63,   230.79,   727.42
  716.63,   232.99,   852.37
  719.04,   353.52,   600.19
  716.04,   355.72,   725.14
  713.04,   357.92,   850.08
  851.15,   107.32,   607.70
  848.14,   109.52,   732.64
  845.14,   111.71,   857.59
  847.55,   232.24,   605.41
  844.55,   234.44,   730.36
  841.54,   236.64,   855.30
  843.95,   357.17,   603.13
  840.95,   359.37,   728.07
  837.95,   361.57,   853.02
  599.60,   223.39,    99.70
  602.89,   221.23,   224.64
  606.18,   219.07,   349.58
  602.08,   348.34,   101.79
  605.37,   346.19,   226.73
  608.66,   344.03,   351.67
  604.56,   473.30,   103.89
  607.85,   471.15,   228.82
  611.14,   468.99,   353.76
  724.53,   220.96,    96.37
  727.82,   218.80,   221.31
  731.11,   216.65,   346.24
  727.01,   345.92,    98.46
  730.30,   343.76,   223.40
  733.59,   341.60,   348.34
  729.49,   470.88,   100.55
  732.78,   468.72,   225.49
  736.08,   466.56,   350.43
  849.46,   218.53,    93.04
  852.75,   216.38,   217.97
  856.04,   214.22,   342.91
  851.94,   343.49,    95.13
  855.23,   341.33,   220.07
  858.52,   339.18,   345.00
  854.43,   468.45,    97.22
  857.72,   466.29,   222.16
  861.01,   464.13,   347.10
  598.80,   224.17,   225.90
  597.90,   224.49,   350.90
  597.00,   224.81,   475.90
  601.99,   349.13,   225.61
  601.09,   349.45,   350.61
  600.19,   349.76,   475.60
  605.18,   474.09,   225.32
  604.27,   474.41,   350.31
  603.37,   474.72,   475.31
  723.76,   220.99,   226.81
  722.86,   221.30,   351.81
  721.95,   221.62,   476.80
  726.94,   345.95,   226.52
  726.04,   346.26,   351.51
  725.14,   346.58,   476.51
  730.13,   470.91,   226.22
  729.23,   471.22,   351.22
  728.33,   471.54,   476.22
  848.71,   217.80,   227.72
  847.81,   218.12,   352.72
  846.91,   218.43,   477.71
  851.90,   342.76,   227.43
  851.00,   343.08,   352.42
  850.10,   343.39,   477.42
  855.09,   467.72,   227.13
  854.19,   468.04,   352.13
  853.29,   468.35,   477.13
  599.88,   226.81,   351.58
  600.24,   225.13,   476.57
  600.60,   223.44,   601.56
  600.17,   351.80,   353.26
  600.53,   350.11,   478.25
  600.89,   348.43,   603.24
  600.45,   476.79,   354.95
  600.81,   475.10,   479.93
  601.17,   473.42,   604.92
  724.88,   226.53,   351.21
  725.24,   224.85,   476.20
  725.60,   223.16,   601.19
  725.16,   351.52,   352.90
  725.53,   349.84,   477.89
  725.89,   348.15,   602.87
  725.45,   476.51,   354.58
  725.81,   474.83,   479.57
  726.17,   473.14,   604.56
  849.88,   226.25,   350.85
  850.24,   224.57,   475.84
  850.60,   222.89,   600.83
  850.16,   351.24,   352.53
  850.52,   349.56,   477.52
  850.88,   347.87,   602.51
  850.45,   476.23,   354.22
  850.81,   474.55,   479.20
  851.17,   472.86,   604.19
  599.22,   226.81,   475.19
  600.41,   226.41,   600.18
  601.61,   226.01,   725.18
  602.74,   351.76,   475.55
  603.93,   351.36,   600.55
  605.13,   350.96,   725.54
  606.26,   476.71,   475.92
  607.45,   476.31,   600.91
  608.65,   475.91,   725.91
  724.16,   223.29,   473.99
  725.36,   222.89,   598.98
  726.55,   222.49,   723.97
  727.68,   348.24,   474.35
  728.88,   347.84,   599.34
  730.07,   347.44,   724.34
  731.20,   473.19,   474.71
  732.40,   472.79,   599.71
  733.59,   472.39,   724.70
  849.11,   219.77,   472.78
  850.30,   219.38,   597.77
  851.49,   218.98,   722.77
  852.63,   344.72,   473.14
  853.82,   344.33,   598.14
  855.01,   343.93,   723.13
  856.15,   469.67,   473.51
  857.34,   469.28,   598.50
  858.53,   468.88,   723.50
  600.29,   223.86,   599.51
  602.80,   224.23,   724.49
  605.31,   224.59,   849.46
  601.05,   348.86,   599.13
  603.56,   349.23,   724.11
  606.07,   349.59,   849.08
  601.81,   473.86,   598.75
  604.32,   474.22,   723.73
  606.83,   474.59,   848.70
  725.26,   223.10,   597.01
  727.77,   223.46,   721.98
  730.28,   223.83,   846.96
  726.02,   348.09,   596.63
  728.53,   348.46,   721.60
  731.04,   348.82,   846.58
  726.78,   473.09,   596.25
  729.29,   473.46,   721.22
  731.80,   473.82,   846.20
  850.24,   222.33,   594.50
  852.75,   222.69,   719.47
  855.26,   223.06,   844.45
  851.00,   347.33,   594.12
  853.51,   347.69,   719.09
  856.02,   348.06,   844.07
  851.76,   472.32,   593.74
  854.27,   472.69,   718.71
  856.78,   473.05,   843.69
  600.03,   351.86,    98.82
  603.30,   354.26,   223.75
  606.57,   356.66,   348.69
  601.76,   476.82,    96.37
  605.03,   479.22,   221.31
  608.30,   481.62,   346.24
  603.49,   601.79,    93.93
  606.76,   604.18,   218.86
  610.03,   606.58,   343.79
  724.97,   350.06,    95.58
  728.24,   352.46,   220.51
  731.51,   354.86,   345.45
  726.70,   475.03,    93.14
  729.97,   477.43,   218.07
  733.24,   479.83,   343.00
  728.43,   599.99,    90.69
  731.70,   602.39,   215.62
  734.97,   604.79,   340.56
  849.92,   348.27,    92.34
  853.19,   350.67,   217.28
  856.46,   353.07,   342.21
  851.65,   473.23,    89.90
  854.92,   475.63,   214.83
  858.19,   478.03,   339.77
  853.38,   598.20,    87.45
  856.65,   600.60,   212.39
  859.92,   603.00,   337.32
  598.95,   348.82,   225.95
  598.70,   350.75,   350.94
  598.45,   352.68,   475.92
  598.40,   473.80,   224.02
  598.15,   475.73,   349.01
  597.90,   477.66,   473.99
  597.85,   598.78,   222.09
  597.60,   600.71,   347.08
  597.36,   602.64,   472.06
  723.94,   349.37,   226.19
  723.70,   351.30,   351.18
  723.45,   353.23,   476.16
  723.40,   474.35,   224.26
  723.15,   476.28,   349.24
  722.90,   478.21,   474.23
  722.85,   599.34,   222.33
  722.60,   601.27,   347.31
  722.36,   603.20,   472.30
  848.94,   349.92,   226.43
  848.70,   351.85,   351.41
  848.45,   353.78,   476.40
  848.39,   474.90,   224.50
  848.15,   476.83,   349.48
  847.90,   478.76,   474.47
  847.85,   599.89,   222.57
  847.60,   601.82,   347.55
  847.35,   603.75,   472.54
  601.42,   351.92,   350.24
  601.02,   350.20,   475.23
  600.62,   348.48,   600.21
  602.90,   476.90,   351.96
  602.50,   475.18,   476.95
  602.09,   473.46,   601.94
  604.38,   601.88,   353.68
  603.97,   600.16,   478.67
  603.57,   598.44,   603.66
  726.41,   350.44,   350.62
  726.01,   348.72,   475.61
  725.61,   347.00,   600.60
  727.89,   475.42,   352.34
  727.49,   473.70,   477.33
  727.09,   471.98,   602.32
  729.37,   600.40,   354.07
  728.96,   598.68,   479.05
  728.56,   596.96,   604.04
  851.40,   348.96,   351.00
  851.00,   347.24,   475.99
  850.60,   345.52,   600.98
  852.88,   473.94,   352.73
  852.48,   472.22,   477.71
  852.08,   470.50,   602.70
  854.36,   598.92,   354.45
  853.95,   597.20,   479.44
  853.55,   595.48,   604.42
  599.84,   350.72,   473.20
  599.77,   349.30,   598.19
  599.69,   347.88,   723.18
  603.56,   475.66,   474.62
  603.49,   474.24,   599.61
  603.41,   472.82,   724.60
  607.28,   600.59,   476.04
  607.20,   599.17,   601.03
  607.13,   597.76,   726.02
  724.79,   347.00,   473.23
  724.71,   345.58,   598.22
  724.64,   344.16,   723.22
  728.51,   471.94,   474.65
  728.43,   470.52,   599.64
  728.35,   469.10,   724.64
  732.22,   596.87,   476.07
  732.15,   595.46,   601.06
  732.07,   594.04,   726.06
  849.73,   343.28,   473.27
  849.66,   341.86,   598.26
  849.58,   340.45,   723.25
  853.45,   468.22,   474.69
  853.37,   466.80,   599.68
  853.30,   465.38,   724.67
  857.17,   593.16,   476.11
  857.09,   591.74,   601.10
  857.02,   590.32,   726.09
  601.95,   348.16,   600.17
  600.24,   351.11,   725.13
  598.52,   354.06,   850.08
  598.46,   473.08,   597.17
  596.75,   476.03,   722.13
  595.03,   478.98,   847.08
  594.97,   597.99,   594.18
  593.26,   600.94,   719.13
  591.54,   603.89,   844.08
  726.89,   351.69,   601.81
  725.18,   354.64,   726.76
  723.46,   357.59,   851.71
  723.40,   476.61,   598.81
  721.69,   479.56,   723.76
  719.97,   482.51,   848.72
  719.91,   601.52,   595.81
  718.20,   604.47,   720.76
  716.48,   607.42,   845.72
  851.83,   355.22,   603.44
  850.11,   358.17,   728.40
  848.40,   361.12,   853.35
  848.34,   480.14,   600.44
  846.62,   483.09,   725.40
  844.91,   486.04,   850.35
  844.85,   605.05,   597.44
  843.13,   608.00,   722.40
  841.42,   610.95,   847.35
  598.47,   473.83,    99.01
  600.16,   472.55,   223.99
  601.84,   471.27,   348.97
  599.92,   598.82,   100.27
  601.60,   597.54,   225.25
  603.28,   596.26,   350.23
  601.36,   723.80,   101.53
  603.04,   722.52,   226.51
  604.73,   721.24,   351.49
  723.45,   472.41,    97.31
  725.14,   471.12,   222.29
  726.82,   469.84,   347.27
  724.90,   597.39,    98.57
  726.58,   596.11,   223.55
  728.27,   594.83,   348.53
  726.34,   722.38,    99.83
  728.03,   721.10,   224.81
  729.71,   719.81,   349.79
  848.43,   470.98,    95.61
  850.12,   469.70,   220.59
  851.80,   468.42,   345.57
  849.88,   595.96,    96.87
  851.56,   594.68,   221.85
  853.25,   593.40,   346.83
  851.32,   720.95,    98.13
  853.01,   719.67,   223.11
  854.69,   718.39,   348.09
  601.10,   474.62,   225.72
  601.68,   478.07,   350.67
  602.25,   481.52,   475.62
  601.52,   599.57,   222.27
  602.09,   603.02,   347.22
  602.67,   606.47,   472.17
  601.94,   724.52,   218.82
  602.51,   727.97,   343.77
  603.08,   731.42,   468.72
  726.10,   474.19,   225.16
  726.68,   477.63,   350.11
  727.25,   481.08,   475.06
  726.52,   599.14,   221.71
  727.09,   602.59,   346.66
  727.67,   606.03,   471.61
  726.94,   724.09,   218.26
  727.51,   727.54,   343.21
  728.08,   730.99,   468.16
  851.10,   473.75,   224.60
  851.67,   477.20,   349.55
  852.25,   480.65,   474.50
  851.52,   598.70,   221.15
  852.09,   602.15,   346.10
  852.66,   605.60,   471.05
  851.93,   723.66,   217.70
  852.51,   727.10,   342.65
  853.08,   730.55,   467.60
  600.08,   473.78,   349.35
  602.15,   472.75,   474.33
  604.22,   471.72,   599.31
  598.69,   598.77,   350.40
  600.77,   597.74,   475.38
  602.84,   596.71,   600.36
  597.31,   723.76,   351.45
  599.38,   722.73,   476.43
  601.46,   721.70,   601.41
  725.05,   475.18,   347.29
  727.12,   474.15,   472.27
  729.20,   473.12,   597.24
  723.67,   600.17,   348.34
  725.74,   599.14,   473.32
  727.81,   598.11,   598.30
  722.28,   725.16,   349.39
  724.36,   724.13,   474.37
  726.43,   723.10,   599.35
  850.03,   476.58,   345.23
  852.10,   475.55,   470.20
  854.17,   474.52,   595.18
  848.64,   601.57,   346.28
  850.72,   600.54,   471.26
  852.79,   599.51,   596.24
  847.26,   726.56,   347.33
  849.33,   725.53,   472.31
  851.41,   724.50,   597.29
  598.62,   473.18,   473.65
  601.75,   470.73,   598.58
  604.88,   468.28,   723.52
  600.40,   598.14,   476.05
  603.53,   595.69,   600.99
  606.66,   593.24,   725.93
  602.18,   723.10,   478.46
  605.31,   720.66,   603.39
  608.44,   718.21,   728.33
  723.57,   471.46,   470.48
  726.70,   469.01,   595.42
  729.83,   466.56,   720.36
  725.35,   596.42,   472.89
  728.48,   593.97,   597.83
  731.60,   591.52,   722.76
  727.13,   721.39,   475.30
  730.26,   718.94,   600.23
  733.38,   716.49,   725.17
  848.52,   469.74,   467.32
  851.65,   467.29,   592.26
  854.77,   464.84,   717.20
  850.30,   594.70,   469.73
  853.43,   592.25,   594.67
  856.55,   589.80,   719.60
  852.08,   719.67,   472.13
  855.20,   717.22,   597.07
  858.33,   714.77,   722.01
  601.34,   475.71,   600.97
  601.14,   476.71,   725.97
  600.94,   477.71,   850.96
  604.26,   600.67,   599.97
  604.06,   601.67,   724.97
  603.86,   602.68,   849.96
  607.18,   725.63,   598.97
  606.98,   726.63,   723.97
  606.78,   727.64,   848.96
  726.30,   472.79,   601.19
  726.10,   473.79,   726.19
  725.91,   474.79,   851.18
  729.22,   597.75,   600.19
  729.02,   598.75,   725.19
  728.83,   599.76,   850.19
  732.14,   722.71,   599.19
  731.95,   723.71,   724.19
  731.75,   724.72,   849.19
  851.27,   469.87,   601.42
  851.07,   470.87,   726.41
  850.87,   471.87,   851.41
  854.19,   594.83,   600.42
  853.99,   595.83,   725.41
  853.79,   596.84,   850.41
  857.11,   719.79,   599.42
  856.91,   720.79,   724.41
  856.71,   721.80,   849.41
  600.25,   598.22,   101.94
  598.80,   598.62,   226.93
  597.35,   599.03,   351.92
  600.14,   723.22,   101.53
  598.69,   723.62,   226.52
  597.24,   724.03,   351.52
  600.02,   848.22,   101.13
  598.57,   848.62,   226.12
  597.12,   849.03,   351.11
  725.24,   598.34,   103.39
  723.79,   598.74,   228.38
  722.34,   599.15,   353.37
  725.13,   723.34,   102.98
  723.68,   723.74,   227.97
  722.23,   724.15,   352.97
  725.01,   848.34,   102.58
  723.56,   848.74,   227.57
  722.11,   849.15,   352.56
  850.23,   598.46,   104.84
  848.78,   598.86,   229.83
  847.33,   599.27,   354.82
  850.12,   723.46,   104.43
  848.67,   723.86,   229.42
  847.22,   724.27,   354.42
  850.00,   848.46,   104.03
  848.55,   848.86,   229.02
  847.10,   849.27,   354.01
  599.28,   599.26,   225.23
  595.78,   598.48,   350.18
  592.29,   597.71,   475.13
  598.70,   724.26,   225.99
  595.21,   723.48,   350.94
  591.71,   722.70,   475.89
  598.13,   849.26,   226.76
  594.63,   848.48,   351.71
  591.13,   847.70,   476.65
  724.23,   599.82,   228.73
  720.73,   599.04,   353.68
  717.24,   598.26,   478.63
  723.65,   724.82,   229.50
  720.16,   724.04,   354.45
  716.66,   723.26,   479.39
  723.08,   849.81,   230.26
  719.58,   849.03,   355.21
  716.08,   848.25,   480.16
  849.18,   600.38,   232.24
  845.68,   599.60,   357.18
  842.19,   598.82,   482.13
  848.60,   725.37,   233.00
  845.11,   724.59,   357.95
  841.61,   723.81,   482.90
  848.03,   850.37,   233.76
  844.53,   849.59,   358.71
  841.03,   848.81,   483.66
  598.22,   601.37,   348.34
  595.50,   602.95,   473.30
  592.79,   604.52,   598.26
  601.45,   726.32,   346.83
  598.73,   727.90,   471.79
  596.01,   729.47,   596.75
  604.67,   851.27,   345.33
  601.96,   852.85,   470.29
  599.24,   854.42,   595.25
  723.15,   598.18,   351.09
  720.43,   599.76,   476.05
  717.72,   601.33,   601.01
  726.38,   723.13,   349.59
  723.66,   724.70,   474.55
  720.94,   726.28,   599.51
  729.60,   848.08,   348.08
  726.89,   849.65,   473.04
  724.17,   851.23,   598.00
  848.08,   594.99,   353.85
  845.36,   596.56,   478.81
  842.64,   598.14,   603.77
  851.31,   719.94,   352.35
  848.59,   721.51,   477.31
  845.87,   723.09,   602.27
  854.53,   844.89,   350.84
  851.81,   846.46,   475.80
  849.10,   848.04,   600.76
  600.10,   600.83,   474.06
  598.22,   604.50,   598.99
  596.34,   608.17,   723.92
  601.30,   725.77,   470.40
  599.42,   729.44,   595.34
  597.54,   733.11,   720.27
  602.50,   850.71,   466.75
  600.62,   854.38,   591.68
  598.74,   858.05,   716.62
  725.08,   599.68,   475.97
  723.20,   603.35,   600.90
  721.32,   607.03,   725.83
  726.28,   724.62,   472.32
  724.40,   728.30,   597.25
  722.52,   731.97,   722.18
  727.48,   849.57,   468.66
  725.60,   853.24,   593.60
  723.72,   856.91,   718.53
  850.06,   598.54,   477.88
  848.18,   602.21,   602.81
  846.30,   605.88,   727.75
  851.26,   723.48,   474.23
  849.38,   727.15,   599.16
  847.50,   730.82,   724.09
  852.46,   848.42,   470.58
  850.58,   852.09,   595.51
  848.70,   855.76,   720.44
  601.46,   601.63,   601.56
  605.05,   603.68,   726.50
  608.64,   605.73,   851.43
  598.92,   726.59,   599.59
  602.51,   728.64,   724.52
  606.10,   730.69,   849.45
  596.39,   851.55,   597.61
  599.98,   853.60,   722.54
  603.57,   855.65,   847.47
  726.38,   604.11,   597.93
  729.97,   606.16,   722.86
  733.56,   608.21,   847.80
  723.85,   729.07,   595.95
  727.44,   731.12,   720.89
  731.03,   733.17,   845.82
  721.31,   854.03,   593.98
  724.90,   856.08,   718.91
  728.49,   858.13,   843.84
  851.30,   606.59,   594.30
  854.89,   608.63,   719.23
  858.48,   610.68,   844.16
  848.77,   731.54,   592.32
  852.36,   733.59,   717.26
  855.95,   735.64,   842.19
  846.23,   856.50,   590.35
  849.82,   858.55,   715.28
  853.41,   860.60,   840.21
