75 OUTPUT\PA4-A-Debug-Output.txt     
-4.7685 20.3834 13.3642 -4.7694 20.3844 13.3636 0.0014
-6.1346 17.363 12.299 -6.1365 17.3636 12.2981 0.0021
-0.2534 4.9174 -21.8768 -0.2544 4.9162 -21.8752 0.0022
-30.4766 -21.3319 -44.1717 -30.4802 -21.3357 -44.1769 0.0074
13.6218 15.1077 -16.4163 13.6227 15.1081 -16.4159 0.0011
24.3684 14.7635 29.1749 24.3688 14.7639 29.1756 0.0009
1.849 22.9067 11.2112 1.8499 22.9051 11.2121 0.002
26.1437 -9.2302 3.2016 26.1439 -9.2315 3.2025 0.0016
1.2802 -3.9257 -26.1782 1.2805 -3.9255 -26.178 0.0005
-5.9759 0.1111 51.0891 -5.9731 0.1118 51.0895 0.0029
23.2331 15.5783 32.0808 23.2307 15.5771 32.0808 0.0027
-29.3078 4.9306 -40.3169 -29.3079 4.9311 -40.3174 0.0007
-5.292 24.1963 30.1943 -5.2915 24.1988 30.195 0.0027
7.5792 23.7257 22.8513 7.5792 23.722 22.8513 0.0037
-19.828 2.3987 -9.8145 -19.8297 2.4013 -9.8121 0.0039
20.9982 -16.8739 -10.5393 20.9973 -16.8716 -10.539 0.0025
-8.0232 -0.5898 26.4022 -8.0214 -0.5897 26.4021 0.0018
15.8413 -12.6665 3.371 15.8404 -12.663 3.3698 0.0039
23.6059 8.8622 42.8527 23.6065 8.8623 42.8533 0.0009
-43.548 -14.4387 -26.3483 -43.5502 -14.4397 -26.348 0.0025
-40.5958 0.9053 -28.0502 -40.5939 0.904 -28.0499 0.0023
-8.137 6.7416 32.8432 -8.1377 6.7411 32.8437 0.001
-15.384 -31.2486 -32.3199 -15.3833 -31.2491 -32.3199 0.0009
-32.8124 -15.0199 -7.8769 -32.8124 -15.0203 -7.8754 0.0016
35.1788 14.9757 -3.192 35.1797 14.977 -3.1914 0.0017
-5.6798 0.0878 62.164 -5.6817 0.0875 62.1642 0.0019
20.841 -4.7485 26.7452 20.8408 -4.7479 26.7456 0.0007
0.6624 1.7193 -24.0174 0.6639 1.7206 -24.0183 0.0022
2.6436 18.623 55.5508 2.6435 18.6222 55.5513 0.0009
38.5001 3.3107 -12.271 38.504 3.3114 -12.272 0.0041
-8.5735 -20.6847 -9.6926 -8.574 -20.6833 -9.6943 0.0023
-39.6151 -20.6811 -33.0389 -39.6166 -20.6823 -33.0395 0.002
22.1585 10.0117 51.7947 22.1562 10.0112 51.7949 0.0024
-14.831 11.1111 -28.6436 -14.8297 11.114 -28.6437 0.0032
28.1959 11.2926 21.2962 28.1959 11.2929 21.2968 0.0007
14.5083 -16.6327 -11.2888 14.507 -16.638 -11.2906 0.0057
-6.8615 3.2425 36.9096 -6.8607 3.2424 36.91 0.0008
0.014 17.1002 59.6058 0.0136 17.1003 59.6063 0.0007
-8.1782 8.1936 -14.1271 -8.1783 8.1949 -14.1267 0.0014
-22.8497 3.7524 -13.3271 -22.8493 3.7516 -13.3286 0.0018
32.3226 6.6503 -25.6971 32.3247 6.6507 -25.6977 0.0022
21.0605 11.525 58.0702 21.0626 11.5257 58.0711 0.0023
2.5225 18.2755 2.4704 2.5224 18.2757 2.4709 0.0005
-9.7827 7.2012 -7.6302 -9.7819 7.1994 -7.6297 0.002
21.2628 10.2926 58.9132 21.2629 10.2925 58.9138 0.0005
21.114 10.6001 59.4999 21.1167 10.601 59.5009 0.003
36.1733 -2.8041 -6.4849 36.174 -2.8042 -6.4843 0.0009
9.0181 18.602 -9.5144 9.0174 18.6023 -9.5143 0.0008
-40.8386 -14.7609 -16.2288 -40.8392 -14.7613 -16.2282 0.0009
14.2946 19.7277 56.6457 14.2942 19.7275 56.6463 0.0007
-33.1383 8.0722 -29.6769 -33.1397 8.0747 -29.677 0.0028
5.6075 24.5221 7.344 5.605 24.5254 7.3438 0.0042
-7.3142 -24.6729 -37.3093 -7.3144 -24.6721 -37.3086 0.0011
-13.1537 -21.4924 -44.1826 -13.1532 -21.4924 -44.183 0.0007
-15.6807 9.611 -36.3898 -15.6805 9.6111 -36.3894 0.0004
-14.8575 21.5537 27.1912 -14.8551 21.5516 27.1911 0.0032
-19.1267 11.2632 -33.7298 -19.1271 11.2606 -33.7286 0.0029
12.912 23.6996 -12.0388 12.9143 23.6956 -12.0366 0.0052
-0.1577 -11.2502 -31.4514 -0.1587 -11.2502 -31.4508 0.0012
31.3258 19.538 -2.8197 31.3275 19.5396 -2.8192 0.0024
-43.8683 -10.5136 -23.7112 -43.8689 -10.5139 -23.7108 0.0008
-34.1853 -20.2594 -10.8691 -34.1854 -20.2599 -10.8685 0.0008
31.2005 -6.1279 -23.4212 31.2073 -6.1326 -23.4265 0.0099
-10.4733 -11.0101 -46.9383 -10.473 -11.0099 -46.9376 0.0008
-20.5119 -11.1836 -49.5082 -20.5115 -11.1835 -49.5085 0.0006
-27.3233 4.983 -14.2669 -27.3232 4.9824 -14.2675 0.0009
38.284 0.2473 7.104 38.2807 0.249 7.1033 0.0037
34.1171 0.161 -22.5474 34.1172 0.1616 -22.5469 0.0008
1.1557 18.901 49.084 1.1549 18.9032 49.0848 0.0025
22.4658 -12.8098 -20.8471 22.4665 -12.8104 -20.8473 0.0009
-3.738 -16.9415 -39.6322 -3.7368 -16.9417 -39.6327 0.0013
-6.1448 15.3737 10.8757 -6.1463 15.3747 10.8753 0.0018
15.4223 11.2771 63.1832 15.4222 11.2769 63.1794 0.0039
26.2125 6.499 30.8512 26.2096 6.4989 30.8509 0.0029
-39.6943 2.0979 -29.5145 -39.698 2.1005 -29.5144 0.0045
