200 OUTPUT\PA4-J-Unknown-Output.txt     
3.0872 23.8413 11.2 3.13 23.7609 11.2234 0.094
8.8512 20.8203 52.5562 8.7841 20.9613 52.5787 0.1577
-1.4245 -11.0236 11.5261 -1.426 -10.9085 11.5194 0.1153
-2.736 -22.8332 -19.8311 -2.6603 -22.932 -19.7946 0.1297
-4.7422 13.5544 53.3338 -4.6414 13.4808 53.3307 0.1249
32.0238 -6.7831 6.6244 31.9789 -6.7406 6.6106 0.0633
-39.8697 -21.9407 -24.0489 -39.9535 -21.9852 -24.0416 0.0952
15.8515 -6.6196 23.0518 15.8214 -6.5373 23.0507 0.0877
-3.2051 19.5506 40.9372 -3.2462 19.6783 41.0026 0.1493
-6.2539 2.6689 60.719 -6.2941 2.6682 60.7259 0.0407
-5.1399 12.6628 5.9955 -5.2378 12.7697 5.9475 0.1526
-10.8747 0.4035 -43.1712 -10.869 0.4077 -43.1824 0.0133
15.3015 -11.6859 -18.9685 15.2911 -11.6816 -18.9472 0.0241
24.6886 -2.6321 25.3693 24.5814 -2.5457 25.35 0.139
30.0892 0.0992 18.0579 29.993 0.1199 18.0097 0.1096
-21.6089 -8.5411 -48.9005 -21.6087 -8.5287 -48.9236 0.0262
-0.4236 -18.774 -31.688 -0.4497 -18.7736 -31.6798 0.0274
28.2652 6.9174 23.3771 28.3823 6.9279 23.4286 0.1284
-1.1634 -21.524 -27.9733 -1.117 -21.5571 -27.9746 0.057
-28.7724 -29.9995 -18.6827 -28.7526 -29.8886 -18.7383 0.1256
-27.7243 -23.4776 -9.214 -27.7522 -23.5022 -9.1658 0.0608
-13.9398 -26.0936 -12.1671 -13.9526 -26.1136 -12.1394 0.0365
-10.2717 -25.0169 -13.3478 -10.3018 -24.9853 -13.3657 0.0471
-16.6434 5.7353 -41.8181 -16.6609 5.8093 -41.9105 0.1197
-30.9813 5.9325 -38.3929 -30.9327 5.8335 -38.35 0.1184
-12.2602 -20.9859 -9.5849 -12.207 -21.0293 -9.4995 0.1095
11.4118 -6.73 26.9359 11.3825 -6.6621 26.9402 0.0741
-4.7602 -20.4134 -11.4699 -4.7691 -20.4272 -11.4577 0.0205
-38.9298 -8.3189 -12.0058 -38.9178 -8.3184 -12.0265 0.0239
-23.5951 11.7347 -21.4342 -23.5973 11.7282 -21.4355 0.007
-11.2648 13.4009 35.5487 -11.2395 13.4262 35.5114 0.0518
-10.6668 8.7728 -28.3891 -10.7021 8.7067 -28.3813 0.0754
19.7859 14.1685 58.2991 19.805 14.1934 58.3135 0.0345
-5.6256 -3.2718 35.9823 -5.5957 -3.238 35.9794 0.0452
22.4155 3.9631 47.9073 22.453 3.9462 47.9234 0.0443
-24.1236 -3.2847 -47.4519 -24.1419 -3.2886 -47.493 0.0452
5.0287 -12.7058 -22.8339 5.012 -12.7072 -22.8225 0.0202
-3.7254 -3.3458 -35.7182 -3.5691 -3.3105 -35.7083 0.1606
-22.4612 11.6747 -20.1597 -22.4644 11.6326 -20.1863 0.0499
-9.0083 8.3314 32.3164 -8.9881 8.3586 32.3044 0.036
6.9459 -6.2753 63.3633 6.9309 -6.2541 63.3115 0.0579
-39.1783 3.3436 -26.8132 -39.0369 3.2418 -26.806 0.1743
33.1018 7.2608 13.9853 33.1139 7.2571 14.013 0.0305
9.8511 25.6248 11.3136 9.8521 25.6773 11.3298 0.0549
23.8701 1.1798 -28.512 23.8788 1.1797 -28.483 0.0303
-15.2038 -12.7276 -2.806 -15.2083 -12.7144 -2.8248 0.0234
-39.8257 -14.7657 -14.4438 -39.8214 -14.7575 -14.4579 0.0169
7.5345 -6.9495 55.5678 7.5326 -7.1996 55.5673 0.2501
28.4306 -9.5673 0.7847 28.4432 -9.6386 0.8188 0.0801
0.4505 -19.6045 -24.9044 0.4097 -19.5968 -24.8912 0.0436
14.682 22.8791 26.8353 14.6813 22.9575 26.8563 0.0812
-2.1287 -5.658 61.5885 -2.0938 -5.5468 61.5949 0.1168
-3.65 -23.1743 -33.8564 -3.6734 -23.1611 -33.8411 0.0309
13.702 -5.6199 56.4609 13.6613 -5.5941 56.4664 0.0486
-31.4489 9.3355 -22.855 -31.4308 9.3036 -22.8674 0.0387
7.2972 -12.4954 6.2473 7.2784 -12.528 6.2541 0.0382
-12.5049 -0.5465 11.378 -12.3665 -0.5265 11.3327 0.147
-39.9307 -10.9044 -33.581 -39.9102 -10.894 -33.576 0.0235
3.5749 22.1362 31.7661 3.5725 22.2615 31.8016 0.1303
22.5238 -8.3913 6.8194 22.5136 -8.4192 6.8348 0.0334
-15.6091 13.6602 22.415 -15.693 13.6354 22.4242 0.088
12.7855 -5.4786 62.0563 12.8207 -5.5641 62.1505 0.132
-39.2396 -22.5007 -20.7695 -39.1833 -22.4487 -20.7816 0.0776
-21.8697 -29.6486 -15.2612 -21.8925 -29.7343 -15.2074 0.1037
1.933 17.2275 1.5917 2.0538 17.1257 1.6604 0.1723
-20.9079 -11.2653 -49.4879 -20.9072 -11.2698 -49.5404 0.0528
-30.4728 -27.5488 -15.6317 -30.4942 -27.5526 -15.6269 0.0222
-10.3579 -21.5455 -9.8503 -10.3667 -21.4838 -9.9229 0.0957
17.4952 25.2921 -15.332 17.4748 25.4011 -15.3355 0.1109
16.6786 -3.3604 58.832 16.7324 -3.4401 58.8457 0.0971
14.6833 16.5122 62.9425 14.6603 16.5068 62.9432 0.0237
-24.2552 -10.8509 -5.6134 -24.2331 -10.8463 -5.6629 0.0544
-40.4266 1.1116 -23.4123 -40.3895 1.092 -23.4248 0.0438
6.224 21.8047 -1.1564 6.1758 21.8237 -1.1749 0.055
33.5436 17.279 5.4375 33.5294 17.2643 5.4473 0.0227
28.274 -0.8526 20.382 28.2242 -0.8453 20.3751 0.0508
8.77 6.7602 -15.6255 8.7627 6.7556 -15.6212 0.0096
-21.9468 -4.9814 -5.3327 -21.981 -4.9651 -5.302 0.0488
-20.6093 -29.2734 -14.4174 -20.6308 -29.3424 -14.3736 0.0845
-13.8297 -31.4221 -28.8678 -13.8649 -31.3559 -28.8556 0.076
-43.3843 -4.6573 -22.5511 -43.2781 -4.7121 -22.5642 0.1202
-7.2906 -9.9081 6.4572 -7.3592 -10.015 6.4946 0.1324
14.6972 21.424 45.2938 14.7465 21.5653 45.2967 0.1497
38.1016 4.3573 -12.5042 38.2032 4.3644 -12.5586 0.1155
13.1303 23.845 -11.7453 13.0916 23.9004 -11.7633 0.0699
5.5367 24.0949 20.6763 5.5201 23.9246 20.6585 0.172
-4.1749 15.5196 8.2064 -4.1045 15.4181 8.2986 0.1542
28.5282 10.385 -29.0434 28.5877 10.428 -29.114 0.1019
-22.2556 -25.3996 -42.9094 -22.2424 -25.3375 -42.8435 0.0915
11.0831 19.7401 -13.6404 11.1322 19.7119 -13.6155 0.0619
-16.3086 2.3135 -3.3953 -16.311 2.3042 -3.395 0.0096
30.2502 19.9253 -18.1009 30.2123 19.8942 -18.0813 0.0528
-43.2892 -13.0539 -22.859 -43.3821 -13.0632 -22.8448 0.0944
-14.5009 -27.9761 -38.8587 -14.5082 -27.9898 -38.8638 0.0164
7.6886 19.9721 54.9296 7.5717 20.2563 54.9691 0.3098
2.3159 -7.2247 56.4903 2.2935 -7.1991 56.496 0.0344
-3.9848 -21.7683 -36.1011 -4.0165 -21.756 -36.0819 0.039
18.7211 20.7905 34.0481 18.724 20.8057 34.0579 0.0183
27.0929 11.8862 24.1287 27.0991 11.8842 24.1444 0.017
-15.6426 -24.8193 -10.8788 -15.6573 -24.822 -10.8728 0.0161
21.5424 12.2654 50.4497 21.6283 12.3003 50.4743 0.0959
-43.3338 -9.673 -28.4194 -43.2739 -9.6359 -28.3788 0.0813
30.9328 2.6048 -27.3197 30.9629 2.5895 -27.3301 0.0353
12.7275 -6.0948 49.9403 12.7055 -6.1074 49.9481 0.0265
19.5668 21.7484 -27.7164 19.5542 21.7277 -27.6838 0.0406
11.4656 21.204 -12.5756 11.3883 21.2272 -12.5998 0.0843
2.3924 -5.3055 -25.7489 2.4024 -5.3024 -25.7652 0.0194
27.9573 17.2805 -24.2433 27.9819 17.2926 -24.2578 0.031
16.0817 18.0183 59.638 16.0487 17.9969 59.6432 0.0397
-26.5366 -18.7384 -7.1032 -26.5581 -18.7335 -7.0559 0.0522
23.4837 7.626 45.203 23.3814 7.6218 45.1957 0.1026
-25.0751 -2.7292 -47.2283 -25.068 -2.7263 -47.2019 0.0276
-7.1189 -23.2858 -13.9545 -7.151 -23.2533 -13.9752 0.0502
25.7464 -12.5602 -5.255 25.7624 -12.6275 -5.2325 0.0728
34.5235 1.2253 -22.0409 34.4845 1.2134 -22.0074 0.0528
24.8153 24.0586 -15.1549 24.8184 24.063 -15.1465 0.0099
28.8662 10.5961 -28.7574 28.8795 10.5998 -28.7693 0.0183
-37.3298 5.1343 -25.1617 -37.2975 5.0983 -25.1685 0.0488
-6.8246 3.6127 54.2997 -6.7735 3.6243 54.3038 0.0526
-7.0274 5.0555 54.7587 -6.9822 5.0662 54.7626 0.0467
16.3613 25.7289 -11.5947 16.3768 25.6604 -11.5787 0.072
-31.7282 -9.0298 -46.9008 -31.7428 -9.0313 -46.9272 0.0302
-15.6769 3.728 -7.0723 -15.7376 3.7931 -7.0442 0.0934
28.0049 22.5054 0.7493 27.9799 22.4748 0.7561 0.0401
11.7268 0.0818 -21.0824 11.7134 0.1052 -21.1264 0.0516
-34.9542 3.2084 -14.8807 -34.8932 3.0859 -14.9955 0.1786
-1.5337 -10.3015 15.8013 -1.5515 -10.3379 15.8132 0.0422
-33.9456 -13.4819 -45.896 -33.9649 -13.4857 -45.9198 0.0309
18.2864 -6.4068 -23.1279 18.2725 -6.4142 -23.1298 0.0158
-22.4826 -27.1608 -11.7282 -22.4979 -27.1563 -11.7292 0.016
-40.2804 -14.4068 -14.8997 -40.2224 -14.3885 -14.9497 0.0787
-37.7436 -11.8347 -42.2581 -37.8086 -11.8271 -42.2984 0.0769
-21.5155 8.545 -38.3946 -21.5125 8.4219 -38.3233 0.1423
-15.6381 9.6211 -36.1442 -15.6158 9.6739 -36.1657 0.0612
-21.5118 -3.3635 -47.3937 -21.5281 -3.3465 -47.436 0.0484
-25.8873 -26.1657 -10.9903 -25.9016 -26.183 -10.9668 0.0324
-9.1561 17.126 39.1126 -9.1113 17.1296 39.0503 0.0768
34.5707 -5.8963 -14.035 34.4867 -5.8579 -14.0223 0.0933
-5.4869 12.0615 59.8772 -5.2785 11.9046 59.8489 0.2624
-7.6498 -6.5358 17.6588 -7.5711 -6.467 17.6316 0.108
-29.5547 -13.0104 -6.0473 -29.5678 -13.0041 -6.0562 0.017
30.9841 18.4222 10.1626 30.9031 18.3279 10.094 0.142
9.4382 20.4292 -9.3908 9.4375 20.4221 -9.3825 0.011
21.7124 -12.5483 -1.5167 21.6218 -12.4274 -1.5909 0.1682
-26.0305 -28.914 -14.9414 -26.0619 -28.9745 -14.915 0.0731
-18.4359 -7.7523 -2.3877 -18.4503 -7.7516 -2.3842 0.0148
35.0125 3.7315 12.1692 35.0125 3.7218 12.1934 0.0261
3.102 18.6004 60.869 3.1502 18.4324 60.8688 0.1748
13.8945 -0.0337 63.031 13.8693 -0.0362 63.0035 0.0374
-9.9532 -29.7289 -25.2332 -9.9838 -29.6935 -25.2344 0.0468
-23.7915 -12.4123 -48.7729 -23.7921 -12.404 -48.7536 0.021
-4.0581 -23.0438 -16.7399 -4.1153 -22.9816 -16.7674 0.0889
-12.912 -23.4865 -10.7296 -12.8366 -23.5916 -10.6406 0.157
-23.4043 -25.1995 -9.9528 -23.417 -25.1868 -9.9638 0.0211
33.7793 14.5292 9.9826 33.7143 14.4776 9.9611 0.0858
-9.0803 -20.5656 -43.2414 -9.094 -20.5629 -43.2299 0.018
-20.1835 -3.5793 -3.8775 -20.1681 -3.5833 -3.8937 0.0227
18.2012 -7.9332 13.2756 18.1482 -7.7468 13.2226 0.2009
10.2694 21.7511 40.9575 10.261 21.6993 40.9525 0.0527
22.4305 25.4713 0.4726 22.4198 25.4519 0.4791 0.0232
24.0189 -14.0236 -6.4168 23.9044 -13.8833 -6.4465 0.1835
-43.2518 -13.9578 -22.9027 -43.2371 -13.9477 -22.9116 0.02
20.2711 -1.9205 43.7261 20.374 -2.0585 43.7689 0.1773
16.5385 9.8887 -23.7013 16.4885 9.8715 -23.7029 0.0529
-32.3962 -22.7138 -10.8945 -32.3427 -22.6503 -10.9766 0.1168
33.3548 16.8461 6.6142 33.4151 16.8997 6.6595 0.0926
-5.5183 23.494 33.1949 -5.5551 23.4185 33.1587 0.0915
-11.2635 21.4128 34.1592 -11.2959 21.4413 34.1794 0.0477
17.0086 7.5327 63.1568 16.9838 7.5299 63.1397 0.0302
7.2016 12.0687 63.2197 7.1798 12.067 63.2187 0.0219
29.2733 -10.0563 -4.9541 29.2568 -10.061 -4.9429 0.0205
10.3321 -3.4192 63.3896 10.3052 -3.4216 63.3527 0.0457
32.5564 16.8729 -16.2633 32.5763 16.8815 -16.261 0.0218
-29.4533 -29.7494 -18.8717 -29.4639 -29.7339 -18.8782 0.0199
-39.4347 2.4172 -29.5167 -39.4587 2.4349 -29.5212 0.0302
-2.8631 8.8706 -13.4956 -2.8714 8.8864 -13.4945 0.0179
-12.5047 5.1748 1.3343 -12.5544 5.2227 1.3402 0.0692
3.4297 22.7112 8.1117 3.3639 22.7844 8.0871 0.1014
36.6353 1.4073 -16.3189 36.6881 1.4045 -16.3325 0.0546
-9.9597 25.0581 25.139 -9.9326 24.9175 25.1442 0.1433
3.0946 -18.0104 -13.5768 3.1092 -18.0587 -13.5718 0.0508
15.6866 -5.9762 28.741 15.6816 -6.1271 28.7552 0.1517
-42.7163 -17.0095 -25.9777 -42.6761 -16.9799 -25.9835 0.0502
30.065 20.0449 7.9866 30.1824 20.1683 8.0108 0.172
-11.7665 7.933 -35.5692 -11.7555 7.961 -35.5778 0.0312
21.5293 -7.5398 10.9744 21.5177 -7.5627 10.9876 0.0289
-15.4329 14.9114 31.1162 -15.3756 14.9404 31.0691 0.0796
3.8478 21.2305 2.6581 3.8624 21.2143 2.6709 0.0252
28.4584 -11.9604 -14.6046 28.4696 -12.0084 -14.5907 0.0512
19.2108 24.7043 10.9692 19.1938 24.6693 10.9698 0.0389
-27.4448 -29.3528 -36.3616 -27.4648 -29.381 -36.3742 0.0368
-1.2744 23.3712 30.416 -1.2856 23.3778 30.421 0.0139
-11.8473 -18.2341 -45.3328 -11.8643 -18.2279 -45.3129 0.027
21.1093 4.9151 58.7687 21.1715 4.8937 58.7859 0.0681
-38.8441 -1.915 -37.7107 -38.9147 -1.89 -37.7506 0.0849
-0.3747 -14.6049 -34.5235 -0.4092 -14.6119 -34.5127 0.0368
15.0611 19.4448 54.7427 15.0821 19.4925 54.7613 0.0553
-20.3002 -9.9126 -49.1511 -20.3177 -9.9014 -49.1799 0.0355
39.3085 2.4681 4.0197 39.3979 2.4292 4.0364 0.0989
1.3044 -3.9921 63.4799 1.2793 -3.9939 63.4469 0.0415
