200 OUTPUT\PA4-E-Debug-Output.txt     
-1.5644 23.9576 21.6254 -1.5632 24.1107 21.6092 0.154
-16.9558 6.1873 -13.2042 -16.9535 6.1669 -13.2299 0.0329
6.5359 16.6224 -5.9988 6.5278 16.6253 -6.0121 0.0159
11.1285 -6.5645 56.9399 11.1364 -6.5749 56.9279 0.0177
5.1 7.4943 63.3276 5.1044 7.4908 63.3354 0.0096
32.2202 13.9039 12.4306 32.2101 13.9046 12.4092 0.0237
5.1059 15.5585 63.1076 5.108 15.5547 63.1366 0.0293
4.247 -7.1255 39.2821 4.256 -7.0269 39.2684 0.1
31.0031 16.7591 11.5325 30.9975 16.7628 11.5169 0.017
11.6352 21.9697 36.1768 11.6362 21.9444 36.1637 0.0286
-14.7546 13.4917 19.8923 -14.7348 13.5036 19.8943 0.0231
-4.5673 13.3099 5.6235 -4.504 13.2253 5.6515 0.1093
-31.3809 -29.692 -31.8115 -31.3212 -29.6004 -31.8036 0.1096
-10.9381 23.077 19.9667 -10.9554 23.1091 19.9316 0.0506
-2.8826 15.0265 57.3946 -2.9406 15.0871 57.3912 0.084
16.8979 -3.7467 52.2616 17.0022 -3.8584 52.2598 0.1529
-8.7962 -22.8513 -11.9945 -8.7642 -22.8984 -11.9788 0.059
-34.4963 -27.5831 -21.4891 -34.4502 -27.5349 -21.5158 0.0717
-28.7951 -17.6405 -7.4133 -28.8001 -17.6422 -7.3622 0.0514
7.5865 22.6454 -3.8022 7.7116 22.5523 -3.7598 0.1616
-0.1731 -8.1658 26.2497 -0.1798 -8.3219 26.2809 0.1593
17.6367 18.9603 46.144 17.6873 19.0165 46.1509 0.0759
-38.2257 -17.0695 -13.2481 -38.2576 -17.0947 -13.2351 0.0427
-2.5638 -20.0561 -35.9188 -2.6452 -20.0006 -35.8788 0.1064
-33.6627 -27.4033 -34.4389 -33.5861 -27.2961 -34.4031 0.1366
26.7065 -1.3714 -28.5 26.7296 -1.3286 -28.4438 0.0743
14.1209 22.5881 32.4147 14.1189 22.5492 32.4013 0.0412
20.1531 23.524 14.5962 20.1656 23.5863 14.5965 0.0635
30.3976 19.6592 -17.5908 30.4601 19.7075 -17.6245 0.0859
3.4471 -16.9579 -8.6207 3.449 -16.9581 -8.6332 0.0126
-0.7967 -19.8948 -31.5983 -0.8218 -19.8818 -31.6061 0.0294
29.5825 21.2735 -5.1748 29.5308 21.2224 -5.1911 0.0745
37.0324 10.6418 8.0782 36.9737 10.6367 8.0156 0.086
-1.9153 -7.8404 28.9024 -1.8839 -7.6536 28.8468 0.1974
34.7556 15.7917 -8.8614 34.784 15.8261 -8.8719 0.0458
13.0621 -5.8967 56.1677 13.0897 -5.9375 56.1575 0.0503
15.2463 25.6436 11.3677 15.2369 25.6209 11.3486 0.0311
-7.6346 -7.8293 12.7405 -7.6058 -7.7995 12.7228 0.0451
-6.1511 -21.1646 -11.5677 -6.1413 -21.1799 -11.5707 0.0185
39.651 1.9572 -4.3267 39.7476 1.8936 -4.3286 0.1157
-39.9262 -20.0896 -18.1923 -39.893 -20.0826 -18.2165 0.0417
-3.1932 -20.6527 -13.2595 -3.2059 -20.6226 -13.286 0.042
31.1638 -5.0738 11.6115 31.1942 -5.1495 11.6313 0.0839
-3.4633 -22.4255 -34.6444 -3.4367 -22.4408 -34.6782 0.0456
30.2323 12.0671 16.5639 30.24 12.0758 16.5558 0.0141
2.7234 8.6626 -15.0279 2.7174 8.604 -15.0122 0.061
-17.5532 -13.3885 -48.7931 -17.5821 -13.383 -48.6888 0.1085
-28.1198 -12.2803 -47.9852 -28.0925 -12.2827 -47.9176 0.073
-10.461 -9.606 4.049 -10.4837 -9.6742 4.0688 0.0746
18.2034 -15.8437 -15.3798 18.2119 -15.8116 -15.3795 0.0333
2.0328 -6.9548 52.9788 2.0429 -6.9125 52.972 0.044
-44.1964 -6.719 -24.9969 -43.9789 -6.7792 -24.9544 0.2297
12.0253 -13.4373 -17.41 12.0042 -13.3823 -17.3808 0.0658
-1.3547 18.4658 46.9193 -1.2907 18.3336 46.8838 0.1511
-11.3423 -9.8977 2.891 -11.3468 -9.9171 2.8874 0.0202
15.918 24.6613 -18.7082 15.9337 24.6198 -18.721 0.0462
-7.5871 21.8311 35.8397 -7.5991 21.8537 35.8484 0.027
15.2924 7.6809 63.1404 15.2943 7.6801 63.1539 0.0137
-6.4436 -21.3173 -39.9889 -6.5139 -21.2595 -39.9456 0.1008
-7.7103 17.8914 13.6661 -7.6821 17.879 13.6991 0.0451
17.2835 17.2018 59.5595 17.2381 17.1393 59.5415 0.0793
-10.8499 -10.698 -47.1081 -10.8636 -10.6963 -47.084 0.0278
29.6603 3.7138 20.3077 29.6116 3.7202 20.2698 0.062
18.5433 -12.392 0.9639 18.5833 -12.4624 0.9849 0.0837
-31.0455 6.0193 -38.3572 -30.9649 5.8435 -38.2905 0.2045
-36.1423 -25.2999 -18.7858 -36.1339 -25.3023 -18.7991 0.0159
21.5195 25.521 -6.9201 21.5151 25.5323 -6.9328 0.0176
21.0387 1.4622 52.1098 21.1391 1.4234 52.1121 0.1076
22.3067 23.5369 11.8202 22.2609 23.4334 11.7843 0.1187
-5.8838 -4.6937 28.0649 -5.9681 -4.7824 28.0552 0.1228
-0.4383 17.4501 53.3875 -0.4823 17.5156 53.3836 0.079
1.4693 -6.8514 52.9087 1.476 -6.8389 52.8985 0.0175
19.8252 -16.3147 -5.5879 19.8437 -16.3472 -5.5881 0.0375
1.0266 -11.6589 7.8262 1.0237 -11.6847 7.8166 0.0277
-0.4377 -6.0824 44.9285 -0.4621 -6.1502 44.9195 0.0726
7.9236 19.6319 60.5935 7.9097 19.5503 60.5174 0.1124
11.829 -7.8077 17.9627 11.835 -7.8226 17.9518 0.0194
7.8875 -7.5307 21.4696 7.9478 -7.7473 21.4864 0.2254
-38.7273 2.6953 -31.7153 -38.6505 2.6083 -31.6886 0.119
-39.2772 -18.4842 -35.752 -39.2881 -18.495 -35.7645 0.0198
0.1468 -6.6663 60.308 0.1759 -6.6099 60.3035 0.0635
-22.8259 9.6951 -18.3202 -22.8297 9.7218 -18.2852 0.0442
34.5916 -4.7585 5.0613 34.6693 -4.8383 5.0487 0.1121
19.2008 -10.6353 -20.956 19.2218 -10.6099 -20.949 0.0336
-40.9514 -3.2986 -17.2198 -40.9887 -3.2929 -17.2012 0.042
12.5884 22.1524 -18.2408 12.6333 22.1381 -18.2503 0.0481
-21.3866 -4.8353 -48.1876 -21.365 -4.8727 -48.1152 0.0842
18.9904 16.5187 51.6515 18.9702 16.5037 51.635 0.0301
-37.1119 -6.7191 -42.3044 -37.1083 -6.7289 -42.3054 0.0106
-6.0415 -10.6938 6.2514 -6.0628 -10.7422 6.2545 0.053
3.754 -13.0646 -24.4455 3.6991 -13.0444 -24.4259 0.0616
-15.5076 -1.1098 3.4822 -15.5272 -1.1125 3.4788 0.0201
38.7485 6.1831 7.3661 38.76 6.1935 7.3612 0.0163
-28.6601 7.6524 -36.5013 -28.693 7.7156 -36.5361 0.0793
-27.8078 -18.6148 -46.6903 -27.7892 -18.6065 -46.6474 0.0474
-19.6926 -22.4574 -8.1697 -19.6957 -22.4439 -8.2091 0.0418
36.9178 13.2562 2.8362 36.9573 13.2928 2.8196 0.0563
7.46 -15.242 -17.2145 7.4821 -15.2877 -17.2581 0.0669
-7.0855 -6.3674 20.1181 -7.1154 -6.396 20.1103 0.0421
17.7624 17.4971 -30.5947 17.7555 17.4897 -30.5814 0.0167
30.3088 13.7756 -25.0747 30.246 13.7339 -25.0393 0.0833
26.656 23.0631 -10.4049 26.7544 23.2203 -10.4309 0.1873
-29.6215 9.6991 -21.4543 -29.6526 9.7597 -21.4455 0.0687
-5.4341 8.7149 62.2738 -5.4494 8.7252 62.3013 0.0332
33.9572 8.9376 11.8995 34.1159 8.9799 11.9984 0.1918
33.8408 -6.6023 -14.2078 33.9407 -6.6631 -14.2238 0.118
-12.4293 -27.6247 -15.9636 -12.4243 -27.6635 -15.9535 0.0404
-7.585 -26.4389 -18.6102 -7.4777 -26.5346 -18.5573 0.1532
-5.3407 24.666 22.733 -5.3527 24.6264 22.7286 0.0416
-16.1725 0.839 -45.7104 -16.1663 0.8561 -45.7471 0.041
-18.1232 -2.5707 -0.8509 -18.0998 -2.5834 -0.8713 0.0335
-1.4695 -4.3895 -29.7822 -1.5175 -4.4058 -29.7561 0.057
-2.858 -4.6026 60.9223 -2.9791 -4.7275 60.9069 0.1746
-7.4459 -5.7948 19.2984 -7.5865 -5.9108 19.3026 0.1823
-27.3111 -31.5985 -21.5958 -27.2933 -31.5609 -21.6207 0.0485
-19.6452 -29.3113 -38.7094 -19.643 -29.3154 -38.7211 0.0126
7.8292 20.568 45.0836 7.8108 20.6652 45.0791 0.0991
34.8477 15.6892 -10.7664 34.8558 15.7059 -10.7825 0.0246
-31.3443 -8.4272 -7.3175 -31.3716 -8.4105 -7.3092 0.0331
-41.7745 -3.3032 -18.3475 -41.8296 -3.2902 -18.3155 0.065
-1.8101 -17.302 -7.6586 -1.8051 -17.3364 -7.6544 0.0351
1.1783 -7.1652 56.3666 1.2543 -6.9508 56.352 0.228
-12.2933 5.7189 -2.9204 -12.2931 5.7119 -2.9308 0.0126
-16.0101 -31.7894 -23.0041 -16.0108 -31.7756 -23.019 0.0202
22.8907 17.3199 28.8236 22.9918 17.3969 28.8339 0.1275
-0.112 -6.6058 39.5665 -0.0813 -6.544 39.5525 0.0704
9.679 -6.7879 28.0539 9.6886 -6.8459 28.0451 0.0594
35.8356 14.2765 -3.371 35.8494 14.3013 -3.384 0.0312
21.0155 10.8275 59.6922 21.0113 10.8266 59.6783 0.0145
-6.3945 10.5465 46.8519 -6.5046 10.5574 46.848 0.1108
-11.9873 23.0558 30.3943 -12.046 23.1267 30.4249 0.097
-17.4958 -30.6687 -35.5449 -17.5002 -30.6419 -35.5406 0.0275
-0.3128 -14.9675 -34.6123 -0.3955 -14.9746 -34.6069 0.0832
-30.5083 6.8061 -36.7643 -30.5422 6.8387 -36.7887 0.0529
14.2204 19.4965 58.5184 14.2262 19.5035 58.5075 0.0142
-25.9419 -4.1214 -47.3981 -25.9434 -4.1199 -47.4192 0.0211
-5.9017 0.5879 50.2081 -6.0989 0.5156 50.1946 0.2105
-8.5413 15.7981 13.393 -8.5363 15.7867 13.3967 0.0129
20.5305 -16.588 -6.5292 20.4697 -16.4462 -6.5958 0.1681
36.1784 13.1928 -10.1847 36.2186 13.2228 -10.2188 0.0607
-1.9075 -17.8897 -36.5188 -1.9439 -17.8781 -36.5125 0.0388
30.7176 4.6213 -28.0219 30.7119 4.628 -28.0339 0.0148
11.2117 -6.5435 52.4296 11.2079 -6.5091 52.4193 0.0361
18.1308 14.1993 62.3377 18.1508 14.2126 62.3571 0.0309
28.1727 0.3404 21.4126 28.2234 0.3218 21.4242 0.0552
25.4732 23.672 3.7341 25.5016 23.7455 3.7275 0.0791
4.0182 -2.5578 63.3907 4.023 -2.5611 63.3597 0.0316
-1.0217 -16.4638 -35.8652 -1.0916 -16.4368 -35.8356 0.0805
6.2257 -4.3615 -23.1605 6.2119 -4.3643 -23.1409 0.0242
-13.0474 -6.6785 -47.7689 -13.0519 -6.682 -47.7271 0.0422
6.4747 6.5991 63.1165 6.4837 6.5945 63.1583 0.043
10.5556 24.805 14.907 10.5532 24.9038 14.9092 0.0988
-22.8326 -11.4406 -48.803 -22.8363 -11.4429 -48.8102 0.0083
16.775 -4.6408 49.1629 16.588 -4.4277 49.1413 0.2843
-11.2761 22.7028 19.2388 -11.2091 22.5971 19.3384 0.1599
3.0762 -7.2642 55.9761 3.0815 -7.2666 55.9639 0.0135
-14.5209 -23.7427 -43.447 -14.5236 -23.7269 -43.4403 0.0174
-6.3915 15.5173 43.1955 -6.5346 15.5423 43.2329 0.1499
-23.4269 6.5766 -40.9347 -23.4358 6.5386 -40.9079 0.0474
-7.8296 -11.3627 -45.0639 -7.8407 -11.3621 -45.0654 0.0112
-14.1556 8.6855 -37.031 -14.1804 8.6489 -37.0285 0.0443
25.9676 -12.1028 -3.8925 25.9848 -12.1411 -3.8732 0.0462
-15.2945 3.2119 -4.5074 -15.3134 3.2278 -4.516 0.0261
16.7915 19.3818 48.3627 16.6911 19.279 48.3371 0.146
-20.193 10.9244 -34.9979 -20.2012 10.8722 -34.971 0.0593
-2.8669 -22.0616 -16.976 -2.8675 -22.0591 -16.9904 0.0146
-10.4203 24.7901 25.0213 -10.4232 24.78 25.0119 0.014
10.2741 -6.6997 54.9091 10.2954 -6.7858 54.8948 0.0898
-25.4954 5.5721 -41.1817 -25.5078 5.5861 -41.2104 0.0342
37.2895 11.376 -8.4278 37.3013 11.3892 -8.4432 0.0235
14.0232 22.3963 33.8858 14.0188 22.4206 33.8775 0.026
0.422 -14.4592 -29.555 0.4128 -14.4581 -29.5642 0.013
12.1738 3.0386 -19.3863 12.1822 2.9539 -19.2765 0.1389
-0.3882 23.7258 26.1688 -0.3845 23.8157 26.1678 0.09
35.8492 6.7285 -18.5416 35.8888 6.7455 -18.5748 0.0544
-2.3058 -23.5369 -28.6146 -2.4281 -23.422 -28.5906 0.1695
-5.7996 -19.2369 -9.6612 -5.8056 -19.22 -9.6944 0.0377
26.0716 23.561 -8.0788 26.0921 23.6289 -8.0933 0.0725
14.7297 27.0652 -0.1588 14.717 27.0204 -0.163 0.0468
5.9172 -14.3695 -21.3163 5.828 -14.2799 -21.2725 0.1338
28.0316 -10.8843 -8.8264 28.0251 -10.8706 -8.8434 0.0227
-10.5199 9.74 32.1304 -10.4513 9.8119 32.0925 0.1064
-1.6211 22.4892 33.8319 -1.6389 22.4048 33.7931 0.0946
9.6422 13.5088 -10.2333 9.6491 13.5037 -10.2257 0.0115
-7.0877 -23.8535 -14.8617 -7.081 -23.8626 -14.8686 0.0131
-6.2194 -27.319 -25.134 -6.2517 -27.2682 -25.1516 0.0627
34.8 14.1891 -14.5274 34.7872 14.1931 -14.5384 0.0174
0.2309 -4.7651 63.4197 0.2355 -4.7658 63.4709 0.0514
12.3175 -11.0044 -19.7672 12.3426 -11.0647 -19.8429 0.0999
4.0512 24.2395 12.0002 4.0517 24.2226 11.9889 0.0203
-6.8392 7.662 57.253 -6.8776 7.6649 57.2401 0.0407
31.7427 14.8347 12.1587 31.8033 14.868 12.1911 0.0763
-8.27 10.8978 7.817 -8.189 10.8063 7.8343 0.1234
-3.7631 10.3608 -3.6386 -3.7943 10.4121 -3.6685 0.0671
19.5071 17.4657 -30.5233 19.4701 17.4354 -30.4835 0.0622
21.0482 -13.0969 -19.4715 21.044 -13.1005 -19.4843 0.0139
-6.9348 -21.6874 -11.4128 -6.9912 -21.5669 -11.4994 0.1587
-35.7873 -22.1517 -14.0391 -35.8155 -22.1914 -14.0243 0.0509
25.6942 -6.7375 11.1251 25.6948 -6.7163 11.1059 0.0286
16.9242 -3.6066 56.6974 16.8337 -3.5148 56.6758 0.1307
