200 OUTPUT\PA4-D-Debug-Output.txt     
4.6375 10.6512 -11.3291 4.6375 10.6503 -11.3274 0.002
-33.6559 -26.5852 -17.1646 -33.6582 -26.5884 -17.163 0.0043
3.9501 19.3822 0.6332 3.9522 19.3816 0.6355 0.0032
-14.5595 6.2672 -40.5808 -14.5586 6.269 -40.5811 0.002
16.8189 -17.2879 -6.207 16.8189 -17.283 -6.2071 0.0049
39.1867 5.1356 -9.5398 39.1838 5.1358 -9.5378 0.0036
39.6505 7.8233 0.3001 39.6591 7.8263 0.3016 0.0092
20.0253 -13.4949 -1.8223 20.027 -13.4972 -1.8199 0.0037
-14.3047 17.2832 33.7572 -14.2966 17.2806 33.7528 0.0096
-29.7176 -16.974 -7.5253 -29.7171 -16.9743 -7.5268 0.0016
4.3607 20.2599 43.608 4.359 20.2655 43.6101 0.0062
13.7369 -6.5894 25.2517 13.7369 -6.5923 25.2529 0.0031
-22.0514 -32.7642 -26.6753 -22.0507 -32.7596 -26.6758 0.0048
-3.9271 -16.371 -40.1377 -3.93 -16.3683 -40.1336 0.0057
27.6604 8.1537 25.2383 27.6636 8.1542 25.2406 0.004
10.0082 26.2536 7.4051 10.0099 26.2422 7.4052 0.0115
11.2786 -9.1414 13.6562 11.2788 -9.1423 13.6573 0.0014
19.2609 -17.3756 -10.0202 19.2617 -17.3772 -10.0192 0.0021
-19.7155 -20.8618 -46.7595 -19.7144 -20.8619 -46.7611 0.002
6.8246 -7.5051 25.6154 6.8259 -7.5133 25.6167 0.0084
36.0996 -2.6341 -4.2726 36.0991 -2.6328 -4.2715 0.0017
-21.4729 8.1012 -17.0415 -21.473 8.0965 -17.0453 0.006
29.4707 16.1642 14.3479 29.4706 16.1647 14.3494 0.0017
-8.5578 -0.3851 24.1277 -8.5524 -0.3843 24.1268 0.0056
-3.384 11.8123 -0.517 -3.3848 11.8132 -0.5164 0.0013
13.1816 23.6589 22.5652 13.1804 23.6491 22.565 0.0099
33.5918 13.3001 -19.4482 33.5881 13.2986 -19.4459 0.0046
36.8692 -1.1583 8.8744 36.8657 -1.1565 8.8738 0.004
-3.4509 -11.5804 5.542 -3.4509 -11.5806 5.5426 0.0006
-7.8289 8.1902 -11.1018 -7.8272 8.183 -11.1006 0.0075
0.368 -4.0417 -26.9481 0.3686 -4.041 -26.9476 0.0009
16.4023 -0.6172 62.9672 16.4016 -0.6179 62.9623 0.005
-42.9687 -7.3213 -19.6009 -42.9722 -7.3214 -19.5998 0.0037
17.7901 19.2428 -30.1074 17.7904 19.2438 -30.1064 0.0015
12.7999 24.9702 -8.9289 12.7994 24.971 -8.9278 0.0015
18.957 -9.6548 6.4787 18.9573 -9.6548 6.4797 0.001
-38.4102 -0.3491 -37.2627 -38.4098 -0.3489 -37.2624 0.0006
-18.0112 -5.401 -1.2167 -18.0114 -5.4012 -1.2161 0.0006
8.4153 -9.5984 -22.51 8.4158 -9.5981 -22.5099 0.0006
-38.6579 -21.1334 -34.7355 -38.665 -21.1377 -34.7387 0.0089
-16.1829 -22.8679 -44.2546 -16.1821 -22.8672 -44.2544 0.0011
36.7916 13.0257 -4.1248 36.7902 13.025 -4.1231 0.0023
-14.9686 5.3713 -41.7034 -14.9689 5.3703 -41.7009 0.0027
-22.8496 -9.2881 -4.6727 -22.8445 -9.2896 -4.6791 0.0083
-4.1781 11.874 1.4465 -4.1743 11.8689 1.4491 0.0069
-29.6972 5.1633 -14.3631 -29.6971 5.1626 -14.3639 0.0011
19.1759 -5.3405 26.9528 19.1758 -5.3415 26.9538 0.0014
-33.0266 2.6513 -40.0364 -33.0242 2.6486 -40.0336 0.0046
-31.7624 4.038 -39.5973 -31.765 4.0413 -39.6002 0.0051
-5.3613 23.1191 33.6193 -5.3606 23.123 33.6226 0.0051
31.5367 14.7853 12.6266 31.5291 14.7824 12.6228 0.009
10.7708 -6.3471 36.7099 10.7681 -6.3323 36.7105 0.015
-41.0193 -15.6776 -30.822 -41.0212 -15.6768 -30.8238 0.0027
8.6559 -6.8811 49.4204 8.6553 -6.8774 49.4214 0.004
16.103 24.4702 -23.4484 16.1089 24.4611 -23.446 0.0112
-4.5289 18.3789 42.1748 -4.5267 18.3728 42.1737 0.0066
14.8478 -13.5293 -17.1865 14.8455 -13.5396 -17.1948 0.0134
5.5868 23.8366 21.2829 5.5863 23.8393 21.2845 0.0031
-2.6134 -5.4811 -32.5697 -2.6129 -5.4805 -32.5691 0.001
22.8052 25.1933 1.6444 22.8058 25.1963 1.646 0.0034
13.6712 26.4525 8.8595 13.6699 26.4461 8.8599 0.0066
-27.4062 3.4825 -42.4997 -27.4055 3.4825 -42.4988 0.0012
-35.0427 6.3713 -30.9713 -35.0444 6.3737 -30.9717 0.003
-8.0809 7.9584 -6.2411 -8.0812 7.9592 -6.2403 0.0011
-5.118 -3.9519 34.1479 -5.113 -3.9476 34.1459 0.0069
8.6987 -14.7252 -17.157 8.6999 -14.7262 -17.1572 0.0016
-10.6463 -26.6486 -15.419 -10.6481 -26.644 -15.4239 0.0069
-0.2309 18.5307 6.3688 -0.2291 18.5289 6.3712 0.0035
30.4478 -3.3579 14.164 30.4481 -3.3583 14.1656 0.0017
17.079 23.2987 -26.8303 17.0797 23.3023 -26.8315 0.0039
28.7258 7.156 22.4188 28.7246 7.1561 22.4197 0.0015
21.2634 5.0156 58.1218 21.2641 5.0147 58.123 0.0016
-8.6709 -26.1088 -16.3425 -8.6759 -26.1024 -16.3469 0.0093
-1.0668 9.5968 -11.0065 -1.0652 9.592 -11.0045 0.0054
-14.7934 -10.9113 -0.9671 -14.7955 -10.9149 -0.9639 0.0053
28.0175 22.2984 -15.8014 28.0164 22.2978 -15.8 0.0019
-5.1591 14.2841 8.081 -5.1587 14.2834 8.0826 0.0017
-16.6038 7.3083 -40.244 -16.6033 7.3045 -40.2405 0.0052
30.1909 20.6956 -5.1299 30.1878 20.6926 -5.1287 0.0045
0.314 -19.789 -24.9733 0.3094 -19.7855 -24.9716 0.0061
-33.6954 -15.3347 -45.2765 -33.6946 -15.334 -45.2759 0.0012
10.2311 -10.6385 10.4912 10.2307 -10.6365 10.491 0.002
1.2305 -6.849 39.7614 1.2299 -6.8523 39.7621 0.0034
-29.854 -27.5006 -38.0993 -29.854 -27.5019 -38.1004 0.0018
12.5273 -6.3216 40.2281 12.5262 -6.3134 40.2295 0.0084
28.6811 -10.9925 -19.1774 28.6855 -10.9971 -19.1782 0.0065
-23.2262 -21.2219 -45.9981 -23.2257 -21.2219 -45.9986 0.0008
-37.7168 -0.517 -38.47 -37.7208 -0.5136 -38.4727 0.0059
-38.0427 -19.8629 -15.0308 -38.0396 -19.8613 -15.0329 0.0041
-6.9698 6.8415 49.2693 -6.966 6.8399 49.2703 0.0042
-10.4946 22.3127 33.7205 -10.4927 22.3083 33.7188 0.005
-34.2122 5.2815 -35.4524 -34.2164 5.2871 -35.4547 0.0074
-28.041 -22.7866 -44.0792 -28.0398 -22.785 -44.0779 0.0024
-14.4622 -0.3538 -45.8499 -14.4626 -0.3545 -45.8473 0.0027
-7.2131 1.3531 32.5117 -7.2023 1.3534 32.5111 0.0108
-10.1774 8.0036 -13.1318 -10.177 8.0026 -13.1314 0.0011
18.2104 23.9873 15.4258 18.2118 23.9939 15.4285 0.0072
-9.7071 -2.1952 17.1977 -9.707 -2.1954 17.1983 0.0006
33.4129 16.6293 7.1775 33.407 16.6247 7.1761 0.0077
1.1734 -6.4046 -27.2851 1.1699 -6.4045 -27.281 0.0055
-10.4036 -8.3136 -46.928 -10.4015 -8.3124 -46.9322 0.0048
10.9087 21.8284 36.2878 10.9079 21.8281 36.289 0.0015
-16.5923 -30.5459 -18.4684 -16.5904 -30.5502 -18.4665 0.0052
-37.4446 0.0063 -38.3462 -37.4411 0.0044 -38.3439 0.0046
-6.5314 -8.1921 15.024 -6.5324 -8.1935 15.0248 0.0019
20.795 25.0444 -19.7358 20.7918 25.0388 -19.7345 0.0066
7.1953 20.5728 44.7565 7.1923 20.5852 44.7587 0.0129
27.8084 22.6336 -4.3039 27.802 22.6267 -4.3023 0.0096
12.155 17.3134 -21.6096 12.152 17.3129 -21.6079 0.0034
-13.5279 -6.0145 -47.7022 -13.5272 -6.0133 -47.7033 0.0017
26.1239 -5.9249 12.849 26.1233 -5.9201 12.8476 0.005
19.1438 16.4347 50.8584 19.1499 16.4399 50.8606 0.0083
23.1903 23.847 8.398 23.1888 23.8446 8.3987 0.0029
7.2818 22.361 31.2146 7.281 22.3634 31.2163 0.003
6.9553 -7.7455 23.459 6.953 -7.7385 23.4583 0.0075
21.0533 23.8367 -24.116 21.0557 23.8413 -24.1181 0.0056
20.2498 -14.2962 -17.44 20.2499 -14.301 -17.445 0.0069
-4.8855 21.8776 15.5928 -4.8849 21.8741 15.5962 0.0049
5.0411 -8.0177 24.8445 5.0373 -8.0053 24.8427 0.0131
12.7045 24.9718 15.1239 12.7046 24.965 15.1236 0.0068
19.2104 22.7984 -26.5701 19.2138 22.8092 -26.5751 0.0124
27.7871 22.6845 -8.4323 27.7834 22.6801 -8.4304 0.0061
-1.8935 -18.3708 -36.0812 -1.8989 -18.368 -36.0778 0.007
-21.9939 8.1492 -38.7634 -21.9934 8.1466 -38.761 0.0036
26.9361 4.0789 27.7568 26.9414 4.0783 27.7598 0.0061
35.2759 13.557 8.798 35.274 13.5561 8.7984 0.0021
-11.2591 24.3929 26.5159 -11.2598 24.3924 26.5169 0.0013
16.5443 -7.9052 13.8277 16.5447 -7.9075 13.829 0.0026
34.9514 3.556 12.2681 34.9476 3.5563 12.266 0.0043
-22.757 -4.2959 -6.2858 -22.756 -4.2966 -6.2864 0.0014
-2.0387 5.8041 -21.6572 -2.0364 5.812 -21.6631 0.0101
-4.1092 -1.375 -34.5146 -4.1071 -1.3738 -34.5143 0.0024
21.3715 5.0962 57.4082 21.3678 5.0963 57.4089 0.0037
11.5247 24.8701 15.0176 11.5235 24.8765 15.0203 0.007
0.0727 7.5318 -18.0462 0.0731 7.5337 -18.0461 0.0019
-37.78 -10.2492 -10.5421 -37.7804 -10.2495 -10.5415 0.0008
-26.2856 6.5004 -15.2989 -26.2854 6.4978 -15.302 0.004
-43.3402 -9.9805 -21.2097 -43.3408 -9.9807 -21.2094 0.0007
18.0245 16.6693 56.5963 18.0243 16.6694 56.5976 0.0013
21.509 13.5724 -30.4812 21.5155 13.5752 -30.4905 0.0117
3.3108 20.1924 2.6486 3.3123 20.1915 2.6505 0.0026
-7.4027 -0.1447 29.7453 -7.3918 -0.1437 29.7438 0.0111
-6.559 3.9407 -30.8936 -6.5605 3.9403 -30.8921 0.0022
-22.0993 -0.1009 -46.4372 -22.0986 -0.0997 -46.4378 0.0015
-12.0962 -5.0255 -47.0212 -12.0945 -5.024 -47.0235 0.0033
-18.0648 -28.5991 -39.2391 -18.0642 -28.5976 -39.2384 0.0018
-9.36 12.2771 12.0579 -9.3637 12.279 12.0567 0.0043
33.7535 16.6641 -11.8815 33.751 16.6625 -11.8796 0.0035
-14.9143 11.2953 -27.8282 -14.9163 11.2909 -27.8267 0.005
2.963 -11.7861 10.0592 2.9632 -11.784 10.0591 0.0022
18.893 -17.3576 -11.7559 18.8918 -17.3661 -11.7578 0.0088
17.9686 9.6859 63.1349 17.967 9.6855 63.1276 0.0075
35.7466 5.2356 -19.066 35.7518 5.2357 -19.0668 0.0053
13.3054 -0.2085 -21.4473 13.3055 -0.2073 -21.4476 0.0013
18.5674 25.8382 7.3833 18.5673 25.8395 7.385 0.0022
-6.3668 -24.0505 -36.8404 -6.3655 -24.0505 -36.8405 0.0013
-4.3046 17.1812 10.2872 -4.3064 17.1822 10.2868 0.0021
1.2024 -7.0265 62.2225 1.2044 -7.0145 62.2186 0.0127
34.954 -3.6632 -3.5878 34.9574 -3.6656 -3.5866 0.0043
4.215 14.3641 -5.6292 4.2144 14.365 -5.6287 0.0012
-5.7642 8.6522 -11.2621 -5.764 8.6516 -11.2613 0.0011
2.472 14.5773 -3.1331 2.4683 14.5811 -3.1342 0.0055
-24.448 -30.9198 -34.9602 -24.448 -30.9237 -34.9623 0.0045
29.2982 -0.0399 18.8994 29.2946 -0.0385 18.8981 0.0041
17.7886 24.6988 -24.6213 17.7877 24.705 -24.6211 0.0063
-21.8478 5.6409 -41.6363 -21.8476 5.639 -41.6335 0.0034
39.6934 4.5238 -8.0462 39.6946 4.5248 -8.0452 0.0019
-7.13 -22.3185 -12.6136 -7.1312 -22.3149 -12.6154 0.0042
0.0499 21.2343 37.6193 0.0487 21.2299 37.6196 0.0045
33.197 14.5828 10.7107 33.1935 14.5808 10.7102 0.0041
25.637 -13.1525 -9.0003 25.6428 -13.1577 -8.9978 0.0081
31.7032 18.0404 -16.4232 31.6976 18.038 -16.4211 0.0064
34.079 -6.441 -15.0895 34.0798 -6.4405 -15.0885 0.0014
-33.7157 2.1843 -13.2987 -33.7157 2.1824 -13.3002 0.0024
-13.8931 -23.7358 -43.3203 -13.8921 -23.7367 -43.3216 0.0019
21.2594 11.607 54.7715 21.258 11.6063 54.7726 0.0019
-5.3204 -11.6267 4.3502 -5.3205 -11.6237 4.3492 0.0032
-6.6106 -6.8426 21.0815 -6.6134 -6.8457 21.0824 0.0043
-8.0201 1.6666 -39.4422 -8.0202 1.6669 -39.4411 0.0011
38.6143 3.5162 -11.9979 38.6105 3.5169 -11.995 0.0048
-12.2171 0.1908 -44.1687 -12.2161 0.1919 -44.1689 0.0015
-6.3083 9.621 55.9527 -6.308 9.6195 55.9536 0.0017
-8.8028 5.5782 28.5766 -8.8002 5.5791 28.5762 0.0028
32.3837 12.9043 12.7559 32.3818 12.904 12.7557 0.0019
3.0536 5.364 63.5045 3.0524 5.3631 63.5002 0.0045
7.4207 -16.1862 -11.0225 7.4207 -16.1841 -11.0221 0.0021
34.6418 -2.5569 10.8311 34.638 -2.5535 10.8286 0.0057
-4.2182 11.0282 -1.1545 -4.2189 11.029 -1.1538 0.0013
-6.1735 -0.502 38.3841 -6.1652 -0.5008 38.3837 0.0084
6.8705 0.8203 63.3791 6.8698 0.8196 63.3721 0.0071
-2.2474 10.0514 -7.4502 -2.2484 10.0546 -7.4502 0.0034
8.7953 -9.4292 14.6782 8.7953 -9.4298 14.6791 0.001
-5.6241 17.7253 11.9255 -5.6232 17.724 11.9281 0.003
-20.2964 -12.4633 -49.3798 -20.2943 -12.4632 -49.3854 0.006
14.4857 12.8267 63.1393 14.485 12.8259 63.134 0.0054
-10.5333 2.8129 -41.1174 -10.5339 2.8124 -41.1157 0.0019
-2.4359 18.5943 44.5148 -2.4332 18.5865 44.5131 0.0084
17.6165 22.6717 24.8758 17.6176 22.6772 24.8775 0.0059
28.8136 21.1913 7.9095 28.8099 21.1869 7.9096 0.0058
-7.1154 -14.8062 -2.7254 -7.1151 -14.8056 -2.7253 0.0007
