75 OUTPUT\PA4-B-Demo-Fast-Output.txt     
-7.3987 13.047 9.6648 -7.3968 13.0464 9.6649 0.002
-5.8333 11.742 48.6447 -5.8384 11.7449 48.6456 0.006
27.5695 8.3493 25.4849 27.5699 8.3489 25.4841 0.001
-33.7001 -15.4856 -45.2 -33.6998 -15.4844 -45.1972 0.003
2.2936 -6.9698 37.6346 2.2934 -6.9735 37.6345 0.0037
27.3207 -10.865 -1.4517 27.3186 -10.8562 -1.4554 0.0098
-4.0888 15.7981 8.7071 -4.0874 15.7971 8.7072 0.0018
-3.5991 1.7969 -27.9137 -3.5975 1.7975 -27.9159 0.0028
-6.7635 7.6282 48.2274 -6.7684 7.6303 48.2264 0.0054
7.2125 10.904 63.2719 7.2133 10.9051 63.2756 0.0039
29.0547 3.1856 21.3561 29.0552 3.1851 21.3555 0.0009
-8.1066 -7.0513 13.8348 -8.1056 -7.05 13.834 0.0018
-4.5986 -6.9299 -41.2918 -4.5983 -6.9307 -41.2928 0.0013
-34.4533 4.7683 -36.1167 -34.4497 4.7641 -36.1152 0.0056
8.5396 8.2047 63.0685 8.5405 8.2049 63.0751 0.0066
-28.5269 -21.4509 -7.8426 -28.5266 -21.4497 -7.8444 0.0022
31.5193 17.0648 -19.1693 31.5188 17.0627 -19.17 0.0023
-34.2003 -21.4074 -11.7021 -34.2013 -21.4072 -11.7016 0.0012
-21.592 5.608 -41.6518 -21.5922 5.6045 -41.6497 0.0041
8.5306 -11.7066 -21.2011 8.5279 -11.7059 -21.199 0.0035
22.9171 -1.8564 33.1172 22.9171 -1.8562 33.1165 0.0007
-12.0507 9.6438 -27.4418 -12.0491 9.6455 -27.4429 0.0026
-11.4368 8.6617 -32.9079 -11.4355 8.6635 -32.9088 0.0025
-21.2674 2.3142 -10.8938 -21.2686 2.3166 -10.8926 0.0029
36.1673 12.7025 -12.0454 36.1697 12.7022 -12.0466 0.0027
-34.2879 -20.1615 -10.8896 -34.2869 -20.1597 -10.8913 0.0027
5.4833 23.533 4.153 5.4827 23.5349 4.151 0.0027
-6.7788 -25.1525 -35.9404 -6.7796 -25.1532 -35.9404 0.0011
17.0018 -3.9576 51.2272 17.0053 -3.9608 51.227 0.0047
-14.5485 13.1225 30.9948 -14.5559 13.1176 30.9982 0.0095
31.1556 8.3272 17.115 31.1553 8.3265 17.1137 0.0015
-16.1884 1.5476 -0.4913 -16.1899 1.5493 -0.4911 0.0023
-32.0749 -25.2927 -13.8916 -32.0756 -25.2923 -13.8915 0.0008
27.3102 -7.4093 8.355 27.3099 -7.4073 8.3537 0.0024
-8.9095 -11.4254 -46.0079 -8.9111 -11.4261 -46.0069 0.0021
28.2307 -7.0677 9.0977 28.2296 -7.0636 9.0958 0.0046
1.9039 -6.9824 37.0151 1.9034 -6.9916 37.0152 0.0092
-8.3137 -22.3438 -11.5621 -8.3119 -22.3477 -11.5599 0.0048
-7.7429 -4.2606 22.9178 -7.7476 -4.2623 22.9182 0.0049
-6.0247 2.7459 61.9366 -6.0292 2.7467 61.9371 0.0047
-8.9195 12.5461 11.5945 -8.9198 12.5469 11.5933 0.0015
-43.6587 -5.1211 -25.6719 -43.6556 -5.1204 -25.6722 0.0032
-12.7225 -4.3322 7.7243 -12.7233 -4.3322 7.7242 0.0008
14.8313 26.8301 -4.0524 14.8319 26.8307 -4.0539 0.0017
32.6103 -6.6715 -2.4049 32.6095 -6.6721 -2.4055 0.0012
14.9505 24.5427 15.8327 14.9514 24.5433 15.8317 0.0015
-42.8937 -3.9043 -29.649 -42.8899 -3.9048 -29.648 0.004
12.4108 14.7466 -12.336 12.4127 14.7462 -12.3364 0.002
32.6 13.3265 -21.823 32.605 13.3282 -21.8266 0.0064
-7.7734 -27.9446 -29.5682 -7.7746 -27.9447 -29.568 0.0012
-34.0927 4.0941 -37.4138 -34.092 4.0934 -37.4136 0.001
11.7573 22.6657 29.6532 11.7581 22.6625 29.6515 0.0037
17.6134 -3.046 53.2873 17.6163 -3.048 53.2872 0.0036
22.0322 2.0572 47.693 22.0342 2.0567 47.6925 0.0022
11.1679 -13.3134 -17.9008 11.1654 -13.3089 -17.8968 0.0066
-27.4557 3.4099 -42.5403 -27.4558 3.4096 -42.541 0.0007
-1.908 -17.0039 -36.9804 -1.9087 -17.0048 -36.9805 0.0011
-5.9216 -18.7636 -41.29 -5.9238 -18.7639 -41.2889 0.0024
38.3702 -0.0492 6.5784 38.3657 -0.0485 6.576 0.0051
24.0313 17.7702 24.6134 24.033 17.7709 24.6128 0.002
-36.1129 -24.4919 -17.5288 -36.1124 -24.4902 -17.5295 0.0019
4.7573 17.287 -2.8034 4.7559 17.2879 -2.8058 0.0029
-20.7334 -24.354 -9.1088 -20.7337 -24.3552 -9.1058 0.0032
36.5279 2.4045 10.5859 36.531 2.4037 10.5878 0.0037
-12.9825 -0.3762 9.607 -12.9841 -0.376 9.6072 0.0017
7.402 20.3374 -5.8736 7.4004 20.338 -5.8761 0.0031
-15.5199 -16.4516 -47.4383 -15.5208 -16.4506 -47.4344 0.0041
-1.07 -20.0038 -32.8726 -1.0652 -20.0073 -32.873 0.006
12.6973 21.947 44.8131 12.6986 21.9459 44.8117 0.0022
-15.3134 20.9227 24.0756 -15.313 20.9238 24.0745 0.0016
-11.0341 6.8174 5.406 -11.0331 6.8169 5.4054 0.0013
-25.0059 11.3049 -22.3248 -25.0051 11.3035 -22.3256 0.0018
-6.5255 -27.5157 -27.3158 -6.5286 -27.5131 -27.3152 0.0042
-35.8555 -9.8937 -44.4188 -35.8546 -9.8942 -44.4177 0.0015
-35.1526 -22.6359 -39.1491 -35.1496 -22.6332 -39.1466 0.0048
