200 OUTPUT\PA4-G-Unknown-Output.txt     
-31.3956 2.9555 -13.7623 -31.3951 2.9565 -13.7629 0.0013
-41.1549 -3.3798 -17.3688 -41.1527 -3.3793 -17.3705 0.0028
-8.8676 -20.4565 -43.1278 -8.8653 -20.459 -43.1305 0.0043
-7.5445 8.8549 -0.391 -7.5466 8.8588 -0.3916 0.0045
11.735 17.8582 -26.6401 11.7343 17.8569 -26.6403 0.0015
-6.7233 8.8659 46.4293 -6.7192 8.8665 46.4292 0.0042
19.1194 20.3345 35.4219 19.1227 20.338 35.4225 0.0048
19.2771 -8.3774 -23.0411 19.2769 -8.3803 -23.0426 0.0032
-21.9343 -14.1901 -5.6748 -21.9342 -14.1886 -5.6768 0.0024
16.2656 22.2833 -28.7184 16.2659 22.2807 -28.717 0.003
-29.1202 -2.8919 -46.0044 -29.1215 -2.8896 -46.008 0.0045
-40.4306 -20.5067 -30.7144 -40.4264 -20.5031 -30.713 0.0057
-11.7355 23.4051 20.751 -11.7338 23.4021 20.7521 0.0036
-7.9616 3.5166 29.76 -7.964 3.517 29.7606 0.0025
-7.4828 4.1503 32.6551 -7.4756 4.1522 32.6538 0.0076
-0.5775 -0.4666 -25.7228 -0.5744 -0.4644 -25.7248 0.0043
-10.0819 -24.3946 -12.731 -10.0826 -24.3942 -12.7306 0.0009
19.0765 21.7162 26.415 19.0798 21.7213 26.4164 0.0062
-42.4059 -14.6395 -20.1404 -42.4108 -14.6393 -20.1391 0.0051
9.9367 24.4059 -4.9985 9.9316 24.4118 -5.0021 0.0086
-5.6558 11.7659 50.4133 -5.6537 11.7661 50.4133 0.0022
39.8245 4.9176 1.7375 39.8224 4.9166 1.7381 0.0024
1.8631 16.6762 1.3797 1.857 16.6814 1.3764 0.0087
0.2458 18.5478 5.7591 0.2473 18.5473 5.7599 0.0018
18.6467 -1.7066 54.702 18.6433 -1.704 54.7024 0.0043
12.0572 -16.7301 -4.3334 12.0557 -16.7346 -4.3318 0.005
-37.6297 -1.6414 -14.1058 -37.628 -1.6412 -14.1075 0.0024
-4.5947 24.5478 27.944 -4.5965 24.536 27.9407 0.0124
-4.3169 -24.5322 -31.3373 -4.3177 -24.532 -31.3366 0.0011
21.4005 -11.1446 -21.5148 21.4007 -11.1439 -21.5098 0.005
20.6743 21.127 24.6171 20.6749 21.127 24.6174 0.0007
1.9017 -7.2374 33.7032 1.9009 -7.2355 33.7034 0.0021
-5.8388 10.9717 58.3345 -5.8342 10.9704 58.335 0.0048
-3.8148 -0.2984 -30.0997 -3.8157 -0.2991 -30.0987 0.0016
-9.9089 -9.6718 4.5138 -9.9103 -9.674 4.5155 0.0031
11.0194 -14.4185 -16.4008 11.0195 -14.4211 -16.4013 0.0027
12.7271 15.2686 63.0798 12.7269 15.269 63.0818 0.0021
2.5884 23.1022 29.032 2.5882 23.0977 29.031 0.0047
-31.8985 4.3881 -14.403 -31.8974 4.3882 -14.4045 0.0019
14.3063 18.7701 -30.8875 14.3072 18.7692 -30.888 0.0014
14.0665 -5.4102 55.7133 14.0689 -5.4156 55.7142 0.006
-29.613 8.8646 -32.7377 -29.6114 8.8624 -32.7367 0.0029
-25.391 -4.2812 -47.3765 -25.3908 -4.2814 -47.3755 0.001
18.6677 -6.9763 16.0214 18.6661 -6.9721 16.0212 0.0045
36.2617 -1.385 9.8253 36.2632 -1.3867 9.827 0.0028
18.4844 7.9731 -26.5521 18.488 7.9739 -26.5493 0.0046
27.1596 7.5941 27.2767 27.1548 7.5931 27.276 0.0049
2.0657 23.8447 22.5532 2.0653 23.8375 22.5529 0.0073
-14.2834 3.1011 -43.1566 -14.2836 3.0993 -43.154 0.0032
-4.5497 16.9359 10.3478 -4.5517 16.9382 10.3455 0.0039
20.5357 0.0877 52.065 20.5362 0.0871 52.0657 0.001
37.7687 -0.9964 -12.1173 37.766 -0.9961 -12.1155 0.0032
38.5162 3.5394 -12.2142 38.5177 3.5381 -12.2139 0.002
-18.4086 12.2175 -26.8981 -18.408 12.2164 -26.8983 0.0012
-42.1088 -6.6275 -17.6549 -42.1059 -6.6261 -17.6572 0.0039
32.1526 -6.9558 0.6622 32.1488 -6.9523 0.663 0.0053
1.3175 18.2001 55.8587 1.3201 18.1924 55.8583 0.0081
-34.2699 -13.5433 -45.7055 -34.2735 -13.5442 -45.7113 0.0069
20.8359 -15.9166 -14.9025 20.8337 -15.9088 -14.9011 0.0082
-19.4938 -26.4186 -10.9004 -19.4949 -26.4171 -10.9008 0.0019
11.982 17.3074 -22.7086 11.9817 17.3063 -22.7082 0.0012
23.2177 17.9663 -27.8812 23.2184 17.965 -27.8805 0.0016
-4.0264 -18.1743 -39.1928 -4.0239 -18.1762 -39.1951 0.0039
21.113 22.435 -25.7925 21.1146 22.4349 -25.7928 0.0016
6.8031 19.4343 -5.4553 6.8001 19.435 -5.4573 0.0037
-5.3333 -1.8175 59.6476 -5.3326 -1.8153 59.6479 0.0023
26.5074 0.8203 26.6917 26.5009 0.8221 26.69 0.0069
15.1371 19.5397 -30.7303 15.1366 19.5437 -30.7358 0.0068
9.2508 25.9818 8.3483 9.2449 25.997 8.3507 0.0165
30.4544 9.2811 -28.0114 30.4527 9.2787 -28.0089 0.0038
4.2017 23.1486 27.4551 4.2008 23.1391 27.4538 0.0097
-3.3289 -4.5066 -38.0184 -3.3303 -4.5075 -38.0176 0.0018
26.0184 13.1868 26.1155 26.013 13.1833 26.1145 0.0065
3.1878 -14.7417 -3.2864 3.1876 -14.7395 -3.287 0.0024
-6.6458 15.6399 42.8624 -6.6396 15.6395 42.8603 0.0065
-13.3547 2.8266 -43.0534 -13.3549 2.8246 -43.0507 0.0033
-6.5167 1.2588 38.992 -6.5096 1.2608 38.9919 0.0074
3.4726 21.5505 4.1747 3.4725 21.5509 4.1744 0.0005
-42.6297 -11.1152 -18.8842 -42.6348 -11.1143 -18.8826 0.0055
-3.4443 -15.6302 -39.8352 -3.4436 -15.6304 -39.8356 0.0009
-9.9791 -17.1613 -44.7162 -9.9756 -17.1644 -44.7216 0.0072
-36.4841 -11.5082 -9.4781 -36.486 -11.5075 -9.4765 0.0025
-26.7637 -14.7739 -6.6036 -26.7642 -14.7729 -6.6037 0.0011
-8.3945 -21.9138 -41.4891 -8.3921 -21.9164 -41.4914 0.0042
-30.7518 -30.2545 -30.0576 -30.7528 -30.2544 -30.0574 0.0011
10.4141 -6.4688 43.7012 10.4135 -6.4704 43.7017 0.0018
-9.8357 9.0616 -20.5915 -9.833 9.0659 -20.5911 0.0051
26.3891 -1.316 24.1966 26.3917 -1.3187 24.1982 0.0041
-16.2079 -12.3613 -3.0672 -16.2076 -12.3598 -3.0684 0.002
24.3308 -12.0202 -2.9362 24.3306 -12.0214 -2.9351 0.0016
2.7676 14.6196 -3.5578 2.7667 14.6211 -3.5586 0.0019
-1.8599 7.1085 -19.3623 -1.8592 7.1112 -19.3631 0.0029
6.7503 -11.0511 -22.5192 6.7521 -11.0541 -22.5236 0.0055
-26.0766 -20.6927 -46.1862 -26.0772 -20.6939 -46.1894 0.0034
22.5264 -5.7925 17.0601 22.5252 -5.7899 17.0599 0.0028
30.8477 10.3484 -26.8942 30.8445 10.3454 -26.8909 0.0055
-2.8014 8.2869 -16.7336 -2.8008 8.2882 -16.7338 0.0015
-1.2236 -18.1753 -9.5301 -1.2243 -18.1744 -9.53 0.0011
-30.2859 -7.2746 -47.1194 -30.2851 -7.2745 -47.1173 0.0022
-2.4482 22.5423 15.2239 -2.4481 22.5436 15.2233 0.0014
-15.0168 -28.6278 -38.0691 -15.0158 -28.6332 -38.0718 0.0062
-39.0887 -3.4065 -38.2808 -39.0926 -3.4041 -38.2834 0.0052
-11.0908 16.8179 37.2359 -11.099 16.8148 37.2466 0.0138
19.8346 -8.6749 -22.8342 19.8349 -8.673 -22.8305 0.0042
-8.8681 -12.8072 0.0229 -8.8687 -12.8074 0.0236 0.0009
35.4846 -3.8712 7.2297 35.477 -3.8645 7.2281 0.0103
-27.1442 2.522 -43.5175 -27.1436 2.5227 -43.5178 0.0009
-31.3466 0.2805 -42.8918 -31.3446 0.2786 -42.8885 0.0042
-3.8842 14.8114 51.1529 -3.8784 14.8067 51.152 0.0074
29.4352 20.6742 8.2052 29.4323 20.6683 8.2041 0.0067
-34.5711 -26.7219 -33.8498 -34.5677 -26.7167 -33.8477 0.0065
29.7235 17.225 -22.3988 29.7248 17.224 -22.3987 0.0016
-13.4807 -17.7517 -6.6732 -13.4801 -17.7537 -6.6698 0.0039
-38.6739 -22.9026 -20.1297 -38.6747 -22.9016 -20.1295 0.0013
1.0942 -14.8387 -3.6212 1.0944 -14.8468 -3.6169 0.0092
-35.0389 -7.549 -8.8981 -35.0379 -7.5493 -8.901 0.003
-26.0148 -32.3163 -26.6939 -26.0161 -32.3183 -26.6936 0.0025
10.0928 -6.4195 37.9466 10.0922 -6.4198 37.9471 0.0008
-4.1656 17.4697 10.3707 -4.1682 17.4723 10.3679 0.0046
10.4742 -15.1162 0.2921 10.4744 -15.1107 0.2899 0.0059
5.0239 20.1949 45.2946 5.0245 20.1935 45.2946 0.0015
-35.1192 -12.106 -45.4819 -35.116 -12.1056 -45.4767 0.0062
2.5451 10.078 -11.8181 2.5434 10.0835 -11.82 0.006
15.2813 27.0328 -0.1311 15.2828 27.0283 -0.1313 0.0048
0.9244 21.0048 8.03 0.9289 21.0008 8.0325 0.0065
11.4119 -16.0563 -11.7899 11.4115 -16.0576 -11.7896 0.0014
-20.8433 -13.3966 -5.1141 -20.8437 -13.3958 -5.1139 0.0009
-3.1803 -21.7921 -16.1012 -3.1781 -21.7952 -16.0989 0.0045
0.9479 -0.2488 -24.5629 0.9477 -0.2491 -24.5618 0.0012
-6.3694 1.0351 46.0141 -6.3665 1.0372 46.0143 0.0036
-14.9605 -10.3974 -0.4691 -14.9651 -10.4033 -0.4637 0.0092
14.7253 -11.7312 5.3937 14.7232 -11.7241 5.3889 0.0088
-42.8437 -4.7051 -20.2358 -42.8433 -4.704 -20.2361 0.0012
-5.6674 10.8583 2.0949 -5.671 10.8634 2.0934 0.0065
39.588 7.5532 -4.8939 39.5913 7.5531 -4.8939 0.0033
3.4519 7.4256 -16.6474 3.4511 7.4227 -16.6445 0.0041
10.2941 -14.5182 -16.4864 10.2932 -14.5156 -16.4842 0.0035
20.2726 19.5901 31.9547 20.27 19.587 31.9549 0.004
34.6415 2.1857 12.6354 34.6361 2.1847 12.631 0.0071
-13.3463 23.0218 22.8071 -13.3426 23.0194 22.8075 0.0044
-11.976 8.3125 -34.8503 -11.9748 8.3135 -34.8506 0.0016
20.161 -2.4514 42.3341 20.1746 -2.4667 42.3367 0.0206
31.8571 10.3082 14.9027 31.8618 10.3094 14.9055 0.0056
-42.0269 -2.1557 -22.8067 -42.0268 -2.1544 -22.8069 0.0014
-8.5163 19.3728 38.2421 -8.5165 19.3741 38.2428 0.0015
-2.0875 -21.8824 -18.2052 -2.0901 -21.8803 -18.2054 0.0034
-39.4773 -11.8481 -13.2501 -39.4734 -11.8462 -13.253 0.0052
13.671 22.7893 -23.2473 13.6663 22.7936 -23.2494 0.0068
-9.7809 -20.8519 -43.4004 -9.7803 -20.8533 -43.4026 0.0027
2.3456 -16.1252 -24.4376 2.3455 -16.1256 -24.4371 0.0006
-0.4071 -15.9457 -34.8159 -0.4032 -15.9477 -34.8168 0.0044
8.7918 20.8028 -7.9953 8.7874 20.8045 -7.9977 0.0054
28.5013 10.1633 21.5982 28.5022 10.163 21.599 0.0013
-0.8623 -1.2321 -26.6349 -0.8614 -1.2318 -26.6355 0.0011
-31.3451 4.8801 -14.4419 -31.3439 4.8801 -14.4438 0.0022
-2.2954 -20.1986 -13.3098 -2.2972 -20.1959 -13.3105 0.0033
39.7574 2.4971 -1.5383 39.7552 2.4973 -1.5378 0.0023
-4.6276 -3.4363 39.7307 -4.6287 -3.4359 39.7312 0.0012
-16.7824 -31.6785 -32.2466 -16.7824 -31.681 -32.2467 0.0025
33.7345 16.7888 -1.0791 33.7357 16.7882 -1.0787 0.0014
-21.4255 7.1908 -16.0604 -21.4251 7.189 -16.0626 0.0028
-1.2662 -7.5599 -31.1869 -1.2661 -7.5602 -31.1864 0.0005
3.8375 -8.2859 -25.3473 3.8377 -8.2861 -25.3471 0.0004
17.1973 8.9562 63.1637 17.1968 8.9565 63.1631 0.0008
1.9257 -11.7109 9.3434 1.926 -11.7063 9.3434 0.0046
3.4599 -4.3664 -24.7169 3.4629 -4.3658 -24.7211 0.0052
30.2765 13.2479 15.6882 30.2737 13.2464 15.6877 0.0033
5.9712 -9.7179 15.9382 5.9707 -9.7179 15.9387 0.0007
20.0477 -10.2986 3.8865 20.046 -10.2968 3.8861 0.0025
4.8043 3.7611 -19.6003 4.8056 3.7623 -19.6017 0.0022
18.4142 23.4377 17.7382 18.4164 23.4425 17.7397 0.0055
36.4146 1.2405 -16.9426 36.4197 1.2395 -16.9441 0.0054
18.821 10.7156 63.0765 18.8205 10.7159 63.0762 0.0006
34.0616 14.7302 -15.6667 34.0594 14.7274 -15.6649 0.004
-12.0279 12.1541 16.7067 -12.0252 12.1542 16.7083 0.0032
-14.1154 -4.7465 4.8447 -14.1213 -4.7488 4.8484 0.0073
-4.7769 8.6273 -14.2477 -4.7747 8.6209 -14.2468 0.0068
-7.1073 12.2095 42.5897 -7.1054 12.2104 42.5891 0.0022
35.071 -2.5739 10.3847 35.0658 -2.5707 10.3805 0.0074
-13.1259 -25.0357 -11.5533 -13.1259 -25.0364 -11.5513 0.0021
-4.2603 -25.4793 -22.8541 -4.2542 -25.486 -22.8516 0.0095
0.9515 -12.2507 4.4255 0.9512 -12.2444 4.4248 0.0063
-11.1246 -24.5871 -41.1198 -11.1229 -24.5906 -41.1228 0.0049
-41.1913 -11.6926 -15.8622 -41.1916 -11.6912 -15.8622 0.0014
-2.9555 -5.0381 -35.7352 -2.951 -5.0364 -35.734 0.0049
-7.8131 5.8162 -30.8889 -7.8116 5.817 -30.8888 0.0017
31.6882 -8.8965 -13.9136 31.6816 -8.8899 -13.9137 0.0093
-9.3591 5.5027 26.3615 -9.3553 5.5051 26.3608 0.0045
28.059 3.7483 -29.9043 28.0608 3.7474 -29.9056 0.0024
-2.2972 -7.3913 -37.333 -2.3016 -7.3927 -37.3313 0.0049
-31.9687 -0.0833 -42.9081 -31.9665 -0.0856 -42.9043 0.005
-38.1695 1.1171 -35.7115 -38.1661 1.1161 -35.7104 0.0038
24.9033 3.7232 35.2677 24.8902 3.7248 35.2642 0.0137
0.0516 -6.2625 50.3625 0.0527 -6.2572 50.3629 0.0055
-29.0395 -23.3106 -9.3974 -29.0405 -23.3103 -9.396 0.0017
1.9302 -6.9987 53.763 1.9299 -6.9925 53.764 0.0062
32.9325 -6.0027 -6.0838 32.9325 -6.0039 -6.083 0.0014
22.8892 7.4046 48.1608 22.8914 7.4045 48.1616 0.0023
-39.519 -13.5866 -38.6364 -39.5202 -13.5857 -38.6366 0.0015
-13.2299 -29.0293 -36.3747 -13.2312 -29.0266 -36.3729 0.0035
