75 OUTPUT\PA4-B-Demo-Slow-Output.txt     
26.0727 23.8858 -2.7673 26.0778 23.8943 -2.7687 0.0099
7.2602 -7.2328 56.029 7.2609 -7.2371 56.0283 0.0044
6.846 0.5602 63.3632 6.8464 0.5606 63.3677 0.0045
-39.9179 -20.1345 -18.3279 -39.9199 -20.1352 -18.3272 0.0022
-19.1336 -30.8936 -35.7895 -19.1347 -30.8925 -35.7888 0.0017
35.7048 -2.6442 -17.6443 35.7038 -2.6448 -17.645 0.0013
22.4715 13.5622 42.0159 22.4709 13.5618 42.0148 0.0013
-10.429 7.6771 25.6928 -10.4305 7.6765 25.6926 0.0015
-17.1498 -8.6483 -48.4649 -17.1507 -8.6492 -48.4634 0.002
28.8 -3.0561 16.1632 28.8028 -3.06 16.164 0.0048
-34.6481 3.575 -15.3924 -34.6485 3.5751 -15.3923 0.0004
-28.8061 -27.1461 -13.3932 -28.8039 -27.1415 -13.3971 0.0064
-36.305 1.5527 -14.7989 -36.3051 1.5526 -14.7992 0.0004
-20.6425 -31.0111 -35.9526 -20.6433 -31.0111 -35.9524 0.0007
-2.6083 -7.4688 29.1675 -2.6086 -7.4712 29.1676 0.0024
23.1382 10.9296 43.9848 23.1367 10.9292 43.9837 0.002
0.7225 -9.391 21.3944 0.7225 -9.3921 21.394 0.0011
7.848 22.4573 -4.253 7.8461 22.4584 -4.2547 0.0028
-6.4412 -17.5092 -6.5316 -6.4423 -17.5079 -6.5329 0.0022
8.7633 -15.5138 -2.4022 8.7644 -15.5102 -2.4033 0.0039
-25.9451 -26.2946 -11.063 -25.9455 -26.2962 -11.0611 0.0025
-24.72 2.7291 -44.063 -24.7206 2.7289 -44.0636 0.0009
14.9148 24.2407 17.3333 14.916 24.2464 17.3335 0.0059
10.1465 20.9067 53.9442 10.1471 20.9037 53.9429 0.0033
8.9258 9.0197 -13.9045 8.9255 9.0174 -13.9037 0.0025
38.3227 10.7465 4.7739 38.3258 10.7475 4.7728 0.0034
3.0037 22.5115 8.074 3.005 22.5099 8.0737 0.002
-37.5537 -23.1925 -17.9626 -37.5539 -23.1923 -17.9627 0.0004
8.4571 20.6766 46.4707 8.4574 20.6782 46.4699 0.0017
-10.8822 -26.4913 -15.1871 -10.8829 -26.4913 -15.1875 0.0008
0.7667 -17.91 -9.6215 0.7658 -17.9074 -9.6233 0.0033
-11.134 6.4548 1.2368 -11.1322 6.4527 1.2361 0.0028
6.9332 21.9651 33.3407 6.9332 21.9694 33.3405 0.0043
-43.4352 -11.8235 -22.3237 -43.4314 -11.8231 -22.3246 0.0039
19.1503 -6.3125 -23.5733 19.1533 -6.3136 -23.5673 0.0068
-4.8573 11.3414 1.4654 -4.8584 11.3427 1.4643 0.0019
12.8997 20.8663 54.2141 12.9004 20.8647 54.2128 0.0021
-14.7571 -20.917 -8.5506 -14.757 -20.9181 -8.5494 0.0016
1.1167 -7.3148 33.6138 1.1169 -7.3156 33.6135 0.0009
6.6984 21.4437 36.7939 6.6988 21.4481 36.7932 0.0046
-3.1421 -22.1507 -16.7412 -3.1421 -22.1516 -16.7411 0.0009
-12.2139 3.4762 12.8571 -12.2163 3.4761 12.857 0.0024
-18.1027 -0.9896 -46.916 -18.1033 -0.99 -46.9165 0.0009
-8.1129 5.6321 31.1865 -8.1153 5.6316 31.1863 0.0025
-37.9887 -3.2596 -40.0149 -37.9846 -3.2619 -40.0116 0.0057
-3.8064 -16.4281 -5.4415 -3.8068 -16.4277 -5.4421 0.0008
6.8713 -6.7956 41.007 6.8718 -6.7977 41.0064 0.0022
-7.697 21.187 36.7566 -7.6972 21.1892 36.7571 0.0022
31.8409 2.0934 -25.8514 31.8377 2.0928 -25.8504 0.0034
31.8097 13.7102 -22.7661 31.8109 13.7105 -22.7679 0.0022
-18.5509 11.9133 -22.9272 -18.5511 11.9126 -22.9277 0.0009
-22.7781 -20.3608 -6.8278 -22.7785 -20.3602 -6.8292 0.0016
-6.6883 -7.315 17.6578 -6.6904 -7.3172 17.6579 0.0031
-18.6449 -14.3748 -5.0143 -18.6458 -14.3757 -5.0117 0.0029
-23.7998 -30.1631 -36.8092 -23.7998 -30.1604 -36.8079 0.0029
33.0135 9.6934 -23.9088 33.0144 9.6929 -23.9103 0.0018
22.0254 15.154 38.4247 22.0203 15.1508 38.4233 0.0062
32.8783 -8.0109 -15.0268 32.8776 -8.0111 -15.0276 0.0011
-27.5077 7.174 -15.813 -27.5077 7.1763 -15.8101 0.0037
17.9027 -4.755 36.5369 17.9046 -4.7586 36.5363 0.0041
-19.7066 -13.3256 -4.8393 -19.7075 -13.3271 -4.8369 0.003
20.1353 0.9431 57.8171 20.1344 0.9441 57.8161 0.0017
-4.9254 -26.4057 -26.8106 -4.9269 -26.405 -26.8106 0.0016
0.0027 -9.618 19.6744 0.0026 -9.6214 19.6744 0.0033
-0.357 24.0546 23.3944 -0.357 24.0503 23.3934 0.0045
-22.6025 -9.43 -4.4686 -22.6037 -9.4297 -4.4677 0.0015
-32.5136 -19.3139 -9.0536 -32.5138 -19.3137 -9.054 0.0005
14.7797 -17.129 -5.1417 14.7794 -17.1306 -5.1419 0.0017
21.6363 -2.6361 34.5283 21.6361 -2.6358 34.5275 0.001
12.1589 26.2712 -3.7062 12.1591 26.2706 -3.7071 0.0011
-24.2906 7.8236 -38.9263 -24.2903 7.8208 -38.9252 0.0031
7.0699 -10.2299 -22.7621 7.0686 -10.2298 -22.7612 0.0015
8.1052 21.3536 37.6138 8.1058 21.3566 37.6136 0.003
20.1516 -12.1434 -20.5411 20.1579 -12.1392 -20.5364 0.009
-3.911 14.8277 50.7872 -3.913 14.8305 50.7869 0.0035
