200 OUTPUT\PA4-F-Debug-Output.txt     
-3.4247 4.7231 -23.9182 -3.4338 4.7105 -23.9172 0.0156
-16.3462 10.6642 -34.0111 -16.356 10.6417 -34.0083 0.0247
5.544 20.5017 43.4346 5.5653 20.4749 43.4196 0.0374
11.7704 25.7827 11.4519 11.7742 25.8205 11.4534 0.038
-27.2373 -31.2631 -32.8359 -27.2327 -31.2309 -32.8133 0.0396
10.9475 17.6398 -11.2468 10.9311 17.6275 -11.2692 0.0304
-10.0026 -26.2643 -15.4192 -10.002 -26.275 -15.4047 0.018
-5.4202 20.0545 39.7491 -5.3747 19.9103 39.6673 0.1719
-6.2283 9.8263 50.495 -6.2609 9.8543 50.4896 0.0434
-6.3053 -1.7181 36.1434 -6.2102 -1.6931 36.1304 0.0992
-10.5287 7.0565 3.0318 -10.4468 6.9723 3.0421 0.118
-3.1528 -18.7786 -10.3009 -3.1572 -18.7558 -10.3123 0.0258
-38.2818 -23.4495 -32.0 -38.2325 -23.4092 -31.973 0.0692
-42.0853 -11.2559 -29.016 -42.1031 -11.2604 -29.0166 0.0183
30.4828 -2.7882 -26.244 30.4893 -2.8018 -26.1429 0.1022
-2.0273 16.661 48.9511 -2.0898 16.7546 49.0069 0.1257
0.2745 10.8549 -7.8001 0.2958 10.8095 -7.7851 0.0523
-31.9545 -3.3352 -9.9161 -31.9356 -3.3602 -9.9779 0.0692
-9.0444 -29.2013 -28.1664 -9.1048 -29.1294 -28.146 0.0961
-26.7992 -0.1921 -45.4505 -26.8428 -0.1442 -45.53 0.1026
-14.898 12.8762 29.773 -14.9609 12.83 29.8084 0.0857
-6.8092 1.7771 32.9214 -7.1813 1.7575 32.9609 0.3747
6.3625 10.3599 -12.0968 6.3689 10.3181 -12.0803 0.0454
21.2807 -3.78 -24.6893 21.3136 -3.7872 -24.6572 0.0465
17.8636 27.0482 -1.3031 17.8678 27.0296 -1.3174 0.0238
20.2008 -12.0318 -20.8537 20.2659 -11.9889 -20.8048 0.0921
-2.0087 -19.9303 -34.8745 -1.9622 -19.9804 -34.9176 0.0808
-1.058 -15.3134 -36.3131 -1.1664 -15.3317 -36.2483 0.1276
-0.568 -6.3005 55.7671 -0.5284 -6.2392 55.7644 0.073
0.0547 0.3669 -24.8805 0.0496 0.3609 -24.8741 0.0102
3.3067 20.0334 2.6395 3.2602 20.0625 2.6084 0.063
-31.8293 -26.8862 -15.7942 -31.834 -26.8841 -15.7858 0.0099
-2.0283 -8.4855 -32.8564 -1.9591 -8.4621 -32.8596 0.0731
-34.4259 4.4813 -36.8426 -34.3996 4.4471 -36.8052 0.0571
-6.7726 1.942 39.6388 -6.593 1.9773 39.6282 0.1833
-28.6766 -17.7229 -7.2525 -28.667 -17.7273 -7.3393 0.0875
-3.0207 -4.9364 -35.5638 -3.0294 -4.9438 -35.5669 0.0119
1.9077 -9.2646 20.8739 1.9394 -9.361 20.8891 0.1026
21.3169 -14.0732 -3.5838 21.2993 -14.0458 -3.6145 0.0447
-37.8493 -24.0922 -32.0878 -37.7703 -24.031 -32.0516 0.1063
-27.7372 11.1166 -26.2306 -27.744 11.1289 -26.2302 0.0141
18.1174 -7.6608 13.6198 18.1235 -7.6667 13.6142 0.0102
23.1125 -1.2328 33.8698 23.1728 -1.2782 33.8808 0.0762
35.2884 -2.1678 -19.1498 35.2689 -2.169 -19.1532 0.0199
-0.3085 -18.1891 -31.628 -0.2776 -18.2058 -31.6352 0.0358
8.4454 -16.1452 -7.1432 8.4467 -16.0972 -7.1469 0.0482
14.9547 22.6747 31.9087 14.9399 22.5069 31.9081 0.1685
32.9471 7.8853 14.1107 32.9257 7.8766 14.078 0.04
-36.611 -19.6852 -12.46 -36.5597 -19.656 -12.4855 0.0643
37.2763 12.9157 3.6079 37.2354 12.8828 3.593 0.0546
27.3757 22.7828 -9.694 27.4135 22.8253 -9.7131 0.06
-2.9832 14.908 58.6166 -2.9703 14.9267 58.6107 0.0235
22.8902 2.9076 -28.8922 22.9444 2.9525 -28.8219 0.0995
3.1328 -9.3517 19.3922 3.1343 -9.3299 19.3859 0.0228
2.6817 -12.3672 -25.7896 2.7168 -12.3732 -25.8282 0.0525
5.9585 -14.3142 -20.7527 6.0229 -14.3893 -20.8007 0.11
-8.0272 20.929 36.8525 -8.03 20.9891 36.8817 0.0668
27.1196 3.6749 26.7839 27.2063 3.6688 26.7972 0.0879
4.976 23.7299 6.2868 4.9381 23.7946 6.2621 0.079
7.2487 23.0066 28.3741 7.2631 22.9062 28.3452 0.1054
31.0242 -8.5755 -1.9459 31.0004 -8.5432 -1.961 0.0429
23.4984 -7.9663 7.3162 23.5171 -8.0307 7.3265 0.0678
-13.4967 16.7815 17.7967 -13.5565 16.8128 17.6924 0.1242
-30.5513 -17.4905 -46.1347 -30.5597 -17.4936 -46.1267 0.0121
-4.9213 10.752 -0.3809 -4.8901 10.7197 -0.3764 0.0451
-26.7832 11.3475 -24.7479 -26.8139 11.4285 -24.7421 0.0869
9.7357 -6.9211 24.6265 9.765 -7.1246 24.6407 0.2061
6.2664 20.3148 44.3561 6.2596 20.4676 44.358 0.1529
-31.0945 -29.5465 -32.5998 -31.1118 -29.5615 -32.5971 0.023
-3.3529 12.6778 1.9259 -3.3224 12.6432 1.932 0.0465
-3.5205 -4.0357 56.912 -3.5423 -4.0559 56.913 0.0297
-8.5387 -28.7489 -26.1479 -8.4503 -28.8775 -26.1217 0.1583
18.2495 17.5204 51.3637 18.1938 17.4514 51.3422 0.0913
-3.8797 -24.833 -28.7238 -3.8331 -24.8877 -28.7382 0.0733
-23.7577 -30.4532 -16.4843 -23.7754 -30.3837 -16.5061 0.075
36.0041 5.6037 -18.7357 35.9537 5.6034 -18.7285 0.0509
-1.0496 -5.7209 49.398 -1.0279 -5.6949 49.3961 0.0339
3.4538 13.6108 63.0231 3.4775 13.6316 63.1399 0.1211
-40.7918 -5.3047 -35.6815 -40.8215 -5.3149 -35.6876 0.032
-33.0861 -27.7197 -18.3328 -33.0341 -27.641 -18.3548 0.0969
32.6958 2.0634 15.164 32.6847 2.0674 15.1373 0.0291
-30.2353 -8.7114 -6.7372 -30.2436 -8.7225 -6.7428 0.0149
11.2105 18.9597 -13.545 11.2488 18.9666 -13.5458 0.039
16.4827 -3.5049 58.3672 16.6089 -3.603 58.3679 0.1599
-19.0054 11.4864 -32.6107 -19.0034 11.5155 -32.6205 0.0308
-16.587 -1.3024 -47.1016 -16.5986 -1.3144 -47.087 0.0222
-15.395 -1.5958 3.8732 -15.4231 -1.5893 3.8844 0.0309
-1.4278 -5.6738 54.3485 -1.4462 -5.7295 54.3428 0.059
36.1901 14.4042 4.1911 36.2505 14.437 4.1727 0.0711
-6.7206 4.5301 46.168 -6.7889 4.5323 46.1638 0.0685
-5.6872 16.7116 43.7103 -5.6556 16.7123 43.6938 0.0357
3.6019 4.919 -19.2286 3.5959 4.9045 -19.2249 0.0161
9.9402 -3.8836 63.3701 9.9573 -3.8724 63.3688 0.0205
-8.7136 6.3893 -34.051 -8.7837 6.3209 -34.0184 0.1033
-3.8795 -8.7706 20.8025 -3.9214 -8.8431 20.8206 0.0857
22.8187 10.9891 -31.0303 22.8137 10.9855 -31.0027 0.0283
-24.967 3.4251 -13.575 -24.9679 3.4315 -13.56 0.0163
-39.2683 -2.3799 -37.1942 -39.3526 -2.3554 -37.2326 0.0958
11.3437 24.5429 -7.1927 11.3527 24.5367 -7.2021 0.0145
17.1501 -8.907 -21.5274 17.1425 -8.925 -21.547 0.0277
-41.0936 -18.6272 -19.7363 -41.0155 -18.5964 -19.7465 0.0846
-30.8958 6.0916 -38.0485 -30.8639 6.0173 -38.0148 0.0876
-3.4505 4.6206 -24.0454 -3.4408 4.6304 -24.0579 0.0186
-8.0436 6.4833 -28.2503 -8.0407 6.486 -28.2552 0.0063
-7.9103 21.7298 16.5712 -7.8931 21.7088 16.5832 0.0297
-7.8903 5.809 -30.8421 -7.8413 5.8523 -30.8493 0.0658
34.7178 4.0745 -21.8613 34.5991 4.0609 -21.8061 0.1316
10.5915 -6.7429 52.0789 10.582 -6.6382 52.0805 0.1051
-10.2544 6.797 -5.1879 -10.2997 6.8776 -5.1816 0.0926
-10.8194 -23.5402 -11.6772 -10.8356 -23.5222 -11.7067 0.0381
13.1649 -17.2439 -8.7337 13.2081 -17.1262 -8.6994 0.13
33.9688 12.8706 -19.0438 33.9573 12.8546 -19.0553 0.0228
16.3478 4.2879 63.0707 16.3656 4.2992 63.0426 0.0352
21.557 -15.9193 -15.3815 21.5141 -15.7323 -15.3731 0.1921
-11.3593 -26.0053 -40.0387 -11.4356 -25.8897 -39.9407 0.1697
-26.4709 -22.8168 -8.3303 -26.4609 -22.7569 -8.3776 0.0769
-28.1219 -18.3714 -7.2274 -28.1226 -18.3687 -7.2344 0.0075
23.3253 5.2516 45.5277 23.1086 5.3037 45.4746 0.2291
-35.7321 -25.0971 -35.0302 -35.6761 -25.0347 -34.988 0.0938
6.0427 -6.8067 39.1872 6.0657 -6.9087 39.1844 0.1046
-10.2377 -6.9446 8.9688 -10.1913 -6.8979 8.9445 0.0701
14.4933 -2.3194 63.0746 14.5106 -2.3078 63.0831 0.0225
-6.7427 8.3139 -9.189 -6.7625 8.3823 -9.1879 0.0713
25.6671 21.1192 13.4489 25.6956 21.1477 13.4455 0.0404
34.6999 -4.8019 4.8219 34.7072 -4.8103 4.8108 0.0157
23.1373 5.1668 45.9187 23.0127 5.2006 45.8827 0.134
24.6334 11.937 33.3098 24.6218 11.9323 33.2919 0.0218
-8.1268 8.1136 -21.6226 -8.1291 8.1086 -21.6267 0.0068
-22.6462 -21.5811 -45.9734 -22.6486 -21.5689 -45.9457 0.0303
10.6638 22.631 31.2649 10.6801 22.4501 31.2353 0.184
9.8347 -6.5311 -21.8311 9.8315 -6.5278 -21.816 0.0158
-6.2127 9.7258 59.6774 -6.3508 9.7863 59.6683 0.151
-15.5912 -11.7947 -2.5221 -15.6157 -11.8261 -2.4658 0.0689
-21.9207 -6.3259 -4.6435 -21.9333 -6.3141 -4.6227 0.027
-14.6072 4.8751 -42.0253 -14.6245 4.8474 -41.9949 0.0446
-11.9395 9.2196 -29.18 -11.923 9.2439 -29.1883 0.0306
17.9638 -7.496 14.0153 17.9883 -7.6044 14.031 0.1122
-29.1734 0.2574 -44.2397 -29.1513 0.2161 -44.1784 0.0772
-12.2464 9.3303 -18.6642 -12.2518 9.3049 -18.6782 0.0296
-2.8777 10.9697 62.8796 -2.8453 10.9776 62.8464 0.0471
-12.1428 20.9253 18.2832 -12.0985 20.8831 18.3294 0.0767
-0.5661 1.62 -24.7406 -0.5704 1.6129 -24.7394 0.0084
-39.6491 -14.6793 -37.3539 -39.6696 -14.6812 -37.3486 0.0212
13.2194 10.5735 -14.3208 13.1846 10.5809 -14.3467 0.0441
-10.8428 -18.7306 -44.962 -10.8037 -18.7768 -44.9326 0.0673
23.5005 8.0092 44.0065 23.4817 8.0122 43.992 0.0239
11.6324 20.2231 -14.5505 11.6691 20.2049 -14.5492 0.041
10.6351 2.7524 63.0238 10.6529 2.7666 63.055 0.0387
-20.9237 -30.486 -36.8137 -20.9327 -30.4757 -36.7988 0.0201
4.0151 -0.4547 63.3572 4.0325 -0.4424 63.3386 0.0283
-37.6731 -13.3581 -42.3082 -37.645 -13.3481 -42.279 0.0418
-39.6752 -13.2511 -13.7989 -39.6456 -13.2417 -13.8133 0.0343
37.9832 -1.0283 -11.389 37.9901 -1.0398 -11.404 0.0201
-37.9982 4.1661 -28.795 -37.9713 4.142 -28.7859 0.0372
-35.2609 -17.1828 -9.927 -35.2507 -17.171 -9.9368 0.0184
-40.9676 -19.7706 -29.7654 -40.9232 -19.7661 -29.7428 0.05
26.1001 -2.0504 23.7763 26.0176 -1.9514 23.7205 0.1405
-4.8684 16.2147 9.8325 -4.8347 16.1864 9.8527 0.0484
15.1055 12.5874 63.1092 15.1226 12.5988 63.1613 0.0561
24.8176 6.5698 -30.3517 24.8106 6.5633 -30.3271 0.0264
13.0763 0.8847 62.9602 13.095 0.8949 63.0213 0.0647
-30.2118 -11.4707 -47.1882 -30.2366 -11.4797 -47.2206 0.0417
-4.9322 -2.25 56.8056 -4.9781 -2.2801 56.8027 0.055
-13.427 16.1051 34.8211 -13.4082 16.1174 34.8116 0.0244
31.6556 10.9558 14.9852 31.5799 10.9178 14.929 0.1017
27.602 13.1451 21.8057 27.5229 13.1203 21.7628 0.0933
-7.4713 15.2708 12.4144 -7.5187 15.3272 12.3542 0.0952
-16.7735 6.3179 -13.3695 -16.7812 6.3425 -13.3476 0.0338
-42.7086 -2.8145 -26.2287 -42.7379 -2.8021 -26.2224 0.0325
-20.4148 -31.941 -21.0542 -20.4198 -32.0886 -21.0273 0.1501
4.5872 23.1544 27.4672 4.5896 23.085 27.447 0.0723
-43.6784 -11.1792 -22.9405 -43.6185 -11.1713 -22.9463 0.0607
33.8924 1.7105 13.4676 33.9243 1.7059 13.4745 0.033
-6.6478 8.9513 54.0711 -6.5057 8.934 54.0686 0.1432
-25.5504 -12.3366 -48.3509 -25.57 -12.3443 -48.4165 0.0689
22.049 19.8667 26.2791 21.9756 19.8097 26.2364 0.1022
-14.9091 -15.054 -47.9222 -14.9162 -15.0669 -47.9385 0.022
22.2639 20.5853 22.6573 22.2004 20.5019 22.6183 0.1119
3.5962 11.138 -10.2352 3.611 11.1054 -10.231 0.036
-25.4684 -4.8384 -8.085 -25.5 -4.7964 -8.0271 0.0782
-14.4246 11.6126 23.1773 -14.3932 11.6351 23.177 0.0386
10.6139 24.7412 15.7458 10.6257 24.7868 15.7404 0.0474
-8.8875 25.0307 24.4607 -8.8749 25.0243 24.4542 0.0156
-9.0582 7.1495 -31.5869 -9.0605 7.1458 -31.5905 0.0056
-7.8636 15.5258 40.2148 -7.8374 15.5357 40.1972 0.033
0.4359 12.4779 -3.8364 0.3944 12.5876 -3.8861 0.1274
2.6313 -15.7412 -24.4376 2.5831 -15.7213 -24.4198 0.0551
8.1507 20.4485 54.8176 8.1625 20.4786 54.81 0.0332
-6.0419 1.9907 -35.7467 -6.0356 1.991 -35.7526 0.0087
6.2219 22.6792 29.4938 6.2351 22.6918 29.4852 0.0202
9.0758 -6.692 45.8862 9.0873 -6.6758 45.8814 0.0205
32.5038 -6.8745 0.14 32.4035 -6.7517 0.1287 0.1589
-18.8123 -10.518 -2.9223 -18.801 -10.5087 -2.9461 0.028
25.3812 4.4139 33.3687 25.4752 4.4108 33.3774 0.0944
-35.4209 6.6575 -29.104 -35.3731 6.5929 -29.0883 0.0819
-40.2632 -19.4471 -18.2175 -40.1998 -19.4171 -18.2398 0.0737
-3.6092 -16.63 -39.8494 -3.691 -16.5964 -39.775 0.1155
27.4123 -8.8439 4.1474 27.4155 -8.8608 4.1434 0.0176
6.8116 -1.0655 63.2604 6.8276 -1.0516 63.3436 0.0859
-28.4857 -28.0201 -14.2262 -28.4884 -28.0151 -14.221 0.0078
