200 OUTPUT\PA4-B-Debug-Output.txt     
6.6795 -4.7986 63.417 6.6799 -4.799 63.4159 0.0012
-37.1927 -17.1707 -41.0673 -37.1924 -17.171 -41.0671 0.0005
28.1191 19.2663 12.8246 28.1187 19.2669 12.8246 0.0007
-32.9179 -28.121 -19.4251 -32.9172 -28.1213 -19.4254 0.0008
23.5725 -3.5971 -26.3806 23.5726 -3.5962 -26.3805 0.001
18.2161 23.915 15.8394 18.2141 23.9105 15.8386 0.005
-4.3444 -10.8516 7.34 -4.3441 -10.8517 7.3399 0.0003
-27.4874 11.1012 -23.7144 -27.489 11.1039 -23.7139 0.0032
-9.9602 16.4663 14.8733 -9.9613 16.4664 14.8726 0.0014
-28.2042 -31.2296 -30.9308 -28.2035 -31.2296 -30.931 0.0007
38.7146 4.3568 -11.6508 38.7149 4.3579 -11.6512 0.0012
34.6319 -2.5369 -20.1815 34.633 -2.5363 -20.1822 0.0015
37.3348 -1.8668 4.6152 37.3401 -1.87 4.6146 0.0063
-31.2486 -29.7088 -31.4386 -31.2487 -29.7101 -31.4389 0.0014
22.025 25.5626 -4.6605 22.0222 25.5577 -4.6597 0.0057
-6.8868 -1.8979 31.2981 -6.8879 -1.8985 31.2984 0.0013
-4.3652 -9.6381 13.6403 -4.3657 -9.64 13.6406 0.002
-8.4202 21.7844 35.5538 -8.4211 21.7855 35.5553 0.0021
-21.7419 -5.929 -4.6681 -21.7424 -5.9291 -4.6674 0.0009
-20.9837 -29.4997 -14.681 -20.9829 -29.4976 -14.6827 0.0028
-30.4706 8.5813 -32.7763 -30.4713 8.582 -32.7764 0.001
-1.1384 18.4493 46.6632 -1.1403 18.4521 46.664 0.0035
8.8973 -6.8102 -21.8499 8.8962 -6.8096 -21.8485 0.0018
-26.1189 -22.3802 -7.8981 -26.1185 -22.3805 -7.8983 0.0006
-7.3294 -25.3404 -16.9787 -7.3314 -25.337 -16.9811 0.0046
-21.0971 -14.528 -47.9715 -21.0964 -14.5274 -47.9729 0.0017
-7.0379 6.7655 58.1621 -7.041 6.765 58.1623 0.0032
-5.9906 2.2758 -34.9286 -5.988 2.2776 -34.9292 0.0032
35.5586 -1.4014 -18.9586 35.558 -1.4003 -18.9586 0.0013
2.0081 19.6044 45.3129 2.007 19.6079 45.3136 0.0037
21.8837 7.852 55.5204 21.8837 7.8519 55.5203 0.0001
-8.9065 11.8791 37.5593 -8.9016 11.8808 37.5561 0.0061
2.1815 20.4185 41.8899 2.1811 20.4187 41.8902 0.0005
10.6067 -6.3773 34.4598 10.6069 -6.3762 34.4596 0.0012
35.5933 0.387 11.349 35.5935 0.3877 11.349 0.0008
24.727 20.2204 -24.7835 24.7267 20.2216 -24.7838 0.0013
16.0916 23.1682 22.2726 16.0911 23.1683 22.2727 0.0005
-6.5577 9.1191 59.8493 -6.559 9.1188 59.8494 0.0013
-5.8067 -24.5957 -35.0317 -5.8089 -24.5926 -35.0309 0.0039
-35.2343 -16.5439 -9.4791 -35.2329 -16.5437 -9.4802 0.0018
-4.1348 16.1667 46.9626 -4.1375 16.1679 46.9636 0.0031
-34.397 -21.2085 -41.0628 -34.3962 -21.2085 -41.0623 0.0009
-21.9464 4.4941 -42.7973 -21.9465 4.4953 -42.7985 0.0017
-32.1706 3.8813 -14.2098 -32.1698 3.8795 -14.2116 0.0027
-3.8187 12.0153 62.1895 -3.8176 12.0141 62.1872 0.0028
-8.3497 -19.4253 -8.5503 -8.3486 -19.4283 -8.5486 0.0037
17.4092 2.8421 -22.4499 17.4119 2.8426 -22.4462 0.0046
-7.647 -27.9227 -29.2448 -7.6459 -27.9234 -29.2452 0.0013
2.2583 -7.0216 62.7702 2.2592 -7.0185 62.7688 0.0036
8.8301 21.884 34.6833 8.83 21.8804 34.6828 0.0036
-12.0393 -26.304 -39.8312 -12.0387 -26.3042 -39.8317 0.0008
-8.7876 -7.5824 -45.6992 -8.7893 -7.5825 -45.6974 0.0025
-9.371 -1.66 19.3178 -9.3701 -1.6602 19.3176 0.001
-4.7367 23.9499 31.1839 -4.7359 23.954 31.1846 0.0042
-21.8074 -5.0046 -48.0318 -21.8076 -5.0045 -48.0318 0.0002
-2.1797 15.2844 4.8393 -2.1793 15.2836 4.8399 0.0011
-1.4566 -10.9121 11.4367 -1.4564 -10.9126 11.4366 0.0005
-10.8007 -23.4122 -11.6594 -10.8001 -23.4125 -11.6593 0.0007
6.763 -11.0431 -22.5223 6.7638 -11.0436 -22.5244 0.0024
37.0627 6.3567 -13.6535 37.0625 6.3578 -13.6537 0.0011
29.8481 21.1079 1.9147 29.8469 21.1077 1.9147 0.0012
-39.9795 -20.2316 -18.5587 -39.9814 -20.2335 -18.5576 0.0029
27.611 8.1523 25.41 27.614 8.1531 25.4109 0.0033
6.1097 19.5941 -4.0505 6.1168 19.5922 -4.0472 0.008
-4.9521 5.844 -24.1213 -4.9535 5.8427 -24.1203 0.0022
-2.4806 -4.776 -31.5261 -2.4821 -4.7763 -31.5256 0.0015
-17.4408 -3.4017 -47.4515 -17.4411 -3.4014 -47.4534 0.002
-7.1257 1.0149 32.9615 -7.128 1.0143 32.9618 0.0024
23.3602 11.7134 40.7378 23.3592 11.7133 40.7377 0.001
17.3904 27.0751 -0.544 17.3896 27.0745 -0.5439 0.001
17.149 -14.8545 -16.2617 17.148 -14.8581 -16.2653 0.0053
16.3582 26.9125 3.6698 16.3573 26.9088 3.6695 0.0038
-2.3703 -22.2953 -18.6598 -2.3726 -22.2922 -18.6609 0.004
-23.5158 -21.716 -45.5099 -23.516 -21.7171 -45.5114 0.0018
21.6164 7.2838 -29.4727 21.6179 7.2847 -29.4689 0.0042
27.0514 5.6548 27.9096 27.0547 5.6549 27.9105 0.0034
-34.0804 6.7461 -20.7685 -34.0832 6.7486 -20.7672 0.004
-5.4787 -18.8784 -40.6282 -5.4824 -18.8766 -40.6256 0.0048
-36.959 -13.9081 -43.0063 -36.9615 -13.9093 -43.0084 0.0035
-7.5661 -19.5019 -8.9809 -7.5658 -19.5014 -8.9814 0.0007
-42.733 -9.8882 -18.8651 -42.7314 -9.8889 -18.8654 0.0017
-12.4028 -20.5975 -9.112 -12.4033 -20.5971 -9.1133 0.0014
-8.1919 16.7684 13.7027 -8.1931 16.7685 13.7017 0.0016
-43.3321 -7.4554 -29.2607 -43.3307 -7.456 -29.2602 0.0016
40.03 3.5863 -7.4639 40.0272 3.5869 -7.4634 0.0029
-39.298 0.7588 -18.5563 -39.2974 0.7574 -18.5568 0.0016
-30.0405 3.65 -40.9672 -30.0427 3.6531 -40.9706 0.005
-13.7854 -28.3336 -37.9947 -13.7853 -28.3321 -37.9942 0.0015
3.562 -4.2735 -24.6399 3.5609 -4.2735 -24.6383 0.002
18.0256 -4.6769 37.1992 18.0243 -4.6737 37.1989 0.0034
9.7491 18.7548 61.6625 9.7482 18.7559 61.6638 0.002
-10.2003 8.4554 -28.4774 -10.2011 8.4547 -28.4772 0.0011
38.3887 1.5059 -12.4411 38.3885 1.5069 -12.4413 0.0011
16.3159 -7.0492 18.571 16.3163 -7.0509 18.5711 0.0017
34.6581 14.9141 7.7676 34.6549 14.9123 7.7663 0.0039
31.0826 13.4723 14.0776 31.0815 13.4726 14.077 0.0012
32.8564 -5.9075 -21.1118 32.8597 -5.9087 -21.113 0.0037
32.9846 14.8636 -18.5029 32.989 14.8672 -18.5043 0.0059
27.6856 22.181 6.9884 27.6849 22.1812 6.9884 0.0008
-5.8343 -4.5141 31.2639 -5.8347 -4.5148 31.264 0.0009
36.6736 -1.6603 8.8421 36.6755 -1.6602 8.8429 0.002
-5.6653 -18.2233 -8.5837 -5.6641 -18.2249 -8.5831 0.0022
-3.461 17.5912 9.7128 -3.4621 17.5916 9.7124 0.0012
-6.2352 -2.5084 34.644 -6.2367 -2.5092 34.6442 0.0017
-20.9479 0.5363 -8.4878 -20.9493 0.5368 -8.4867 0.0019
21.6749 25.1798 5.6291 21.6738 25.1792 5.6289 0.0012
30.225 1.5695 -28.2756 30.2271 1.569 -28.2789 0.0039
-7.2135 -20.602 -41.4744 -7.2121 -20.6026 -41.4756 0.002
15.8734 22.695 27.4126 15.8728 22.694 27.4126 0.0012
31.4741 7.4532 16.7072 31.4745 7.4538 16.7074 0.0008
28.7284 21.7932 -14.1817 28.727 21.793 -14.1817 0.0014
32.6026 18.0423 -4.8988 32.5993 18.0408 -4.8991 0.0037
13.1892 -6.577 25.7092 13.1892 -6.5744 25.7087 0.0027
-5.5815 5.378 -26.0112 -5.5825 5.3773 -26.0106 0.0014
-4.9403 18.4922 12.0334 -4.9406 18.4919 12.0337 0.0006
21.5373 24.1226 -23.2311 21.5376 24.1248 -23.2318 0.0023
1.991 -10.8793 13.3366 1.9914 -10.8812 13.3367 0.0019
20.4956 14.8821 48.7711 20.4972 14.8833 48.7713 0.002
28.5165 -10.1064 -1.2247 28.5224 -10.1141 -1.2238 0.0097
16.4197 -6.4544 23.0294 16.4203 -6.4567 23.0295 0.0024
-5.036 -6.3823 26.21 -5.032 -6.3795 26.2079 0.0053
-7.1611 2.363 33.5384 -7.1605 2.3625 33.5383 0.0007
-13.1523 -14.5934 -47.3498 -13.1537 -14.5928 -47.3476 0.0027
35.0967 15.0938 -3.8127 35.0958 15.0943 -3.8128 0.001
-31.4475 8.1461 -32.6246 -31.45 8.1491 -32.6259 0.0041
3.91 12.2175 -7.8775 3.912 12.2115 -7.8744 0.007
21.3195 24.8038 -20.5376 21.3175 24.8021 -20.5375 0.0026
-25.3473 7.7583 -38.5369 -25.3479 7.7588 -38.537 0.0008
3.787 18.3484 -0.43 3.7911 18.3454 -0.4279 0.0055
-32.8902 -17.1219 -8.6589 -32.8896 -17.122 -8.6599 0.0011
5.9878 20.3757 44.9429 5.9872 20.3778 44.9433 0.0022
0.5202 -15.445 -4.7907 0.5206 -15.4457 -4.7905 0.0008
-21.1738 6.7985 -40.3172 -21.1741 6.7992 -40.3177 0.001
33.6314 -5.2584 -5.1414 33.6334 -5.2589 -5.142 0.0022
19.8602 -11.1075 2.3754 19.8624 -11.1105 2.3771 0.004
2.6457 -10.2281 16.4395 2.6453 -10.2236 16.4382 0.0047
-41.1149 -18.7274 -20.3661 -41.1143 -18.7281 -20.3661 0.0008
-43.1317 -14.7645 -23.2086 -43.1297 -14.7647 -23.2087 0.002
24.1721 6.9911 39.9832 24.1747 6.9914 39.9836 0.0027
36.4338 11.124 -11.9898 36.436 11.1254 -11.9902 0.0026
-24.0215 -32.4999 -22.9815 -24.0205 -32.4959 -22.9826 0.0043
-30.3957 -26.6979 -38.9737 -30.3945 -26.6967 -38.9729 0.0018
-18.1783 0.3228 -46.1267 -18.1787 0.3236 -46.1277 0.0014
34.7008 10.6954 10.6684 34.701 10.6962 10.6686 0.0009
19.1284 17.9185 43.4817 19.129 17.9192 43.482 0.001
28.9089 -3.9076 -26.0496 28.9092 -3.9068 -26.0459 0.0037
-19.5161 7.0519 -15.4571 -19.516 7.0508 -15.4576 0.0012
1.4852 -9.4986 20.7597 1.4853 -9.4981 20.7595 0.0005
0.0592 24.0025 23.604 0.0585 24.0002 23.6041 0.0024
-32.5705 -4.3354 -44.8107 -32.5705 -4.3358 -44.8103 0.0005
10.3177 19.4237 -11.5775 10.3183 19.4247 -11.5766 0.0015
12.0524 -13.0909 -17.7108 12.0538 -13.0933 -17.7134 0.0037
-35.5066 -3.4922 -11.2573 -35.5075 -3.4921 -11.2555 0.002
33.8518 -5.4591 1.3485 33.8532 -5.4592 1.3481 0.0016
-21.3386 -3.695 -47.6381 -21.3389 -3.6948 -47.6383 0.0004
27.174 22.8166 -14.2982 27.1712 22.8141 -14.2982 0.0038
-5.0239 13.1661 51.4523 -5.0271 13.1674 51.4531 0.0036
-38.8712 -1.5218 -37.62 -38.87 -1.5227 -37.619 0.0018
22.9287 -0.2363 -27.0955 22.9276 -0.236 -27.0966 0.0015
-6.6425 2.3336 39.8142 -6.6404 2.3334 39.8142 0.0021
-27.0224 -24.6592 -42.8834 -27.0225 -24.6605 -42.8852 0.0022
-2.8927 -11.1419 -39.68 -2.8924 -11.1416 -39.6803 0.0006
-39.665 -19.5623 -33.8192 -39.6658 -19.5629 -33.8196 0.0011
35.8454 6.0515 -19.0136 35.8449 6.0525 -19.0137 0.0012
29.8915 17.6823 11.9481 29.8904 17.6824 11.9478 0.0012
19.9541 0.2255 56.6369 19.9522 0.2265 56.6364 0.0022
-6.9951 5.0784 55.6636 -6.9993 5.0771 55.6636 0.0044
11.0449 12.4527 63.1387 11.0449 12.4523 63.1369 0.0019
-13.7549 -23.9963 -10.2987 -13.7544 -23.999 -10.2966 0.0035
9.1208 -7.8401 -22.0938 9.1203 -7.8406 -22.0926 0.0014
-4.0101 16.8627 9.7231 -4.011 16.863 9.7228 0.001
34.4108 -5.9251 -15.635 34.418 -5.9289 -15.6353 0.0082
31.2361 17.1163 -19.9219 31.2347 17.1168 -19.9217 0.0014
-32.9204 7.6078 -20.6766 -32.9228 7.6101 -20.6755 0.0034
-33.3769 4.5593 -37.627 -33.3788 4.5604 -37.6284 0.0026
3.7155 -7.401 61.2466 3.7165 -7.3957 61.2465 0.0054
-3.9524 -18.3837 -39.0111 -3.954 -18.3822 -39.0093 0.0029
2.0625 5.8693 -19.0416 2.0616 5.8685 -19.0405 0.0017
7.9547 3.9248 -18.306 7.954 3.924 -18.3047 0.0017
-14.2267 21.4338 29.6542 -14.2267 21.4329 29.6544 0.0009
31.5331 -7.3981 -21.5318 31.5334 -7.3974 -21.5323 0.0009
-9.2189 8.8171 5.5926 -9.2202 8.8179 5.5923 0.0016
22.8231 4.1213 45.7233 22.8248 4.121 45.7235 0.0017
-26.7187 3.4109 -42.8404 -26.7188 3.41 -42.8395 0.0013
21.7602 -10.9186 -21.6251 21.7604 -10.9174 -21.6243 0.0014
-22.3766 5.9538 -41.3671 -22.3769 5.9552 -41.3685 0.002
4.1795 8.3054 63.4084 4.1796 8.3048 63.4082 0.0006
-7.3139 18.9117 13.7454 -7.3148 18.9118 13.7448 0.001
-43.5694 -6.2745 -26.3205 -43.5658 -6.2749 -26.3202 0.0037
39.0733 9.8623 -1.6786 39.0697 9.8612 -1.6786 0.0038
-9.3008 -10.8426 2.8802 -9.3006 -10.8427 2.8801 0.0003
-5.5307 -4.3649 32.5207 -5.5293 -4.3643 32.5201 0.0016
-5.3734 -4.1723 33.1976 -5.3726 -4.1723 33.1973 0.0008
15.4905 -3.257 -22.2433 15.4905 -3.2564 -22.2431 0.0006
-39.9091 -14.0834 -35.9787 -39.9096 -14.0839 -35.9787 0.0008
7.2392 15.4772 -8.2576 7.2397 15.4766 -8.2552 0.0025
-5.5477 -6.382 -42.2993 -5.5501 -6.3822 -42.2975 0.003
21.4756 14.0827 45.811 21.479 14.0849 45.8115 0.0041
29.6039 -8.1404 4.2083 29.6051 -8.1461 4.2088 0.0058
-6.5833 -25.7777 -33.9115 -6.585 -25.7755 -33.9109 0.0029
