200 OUTPUT\PA4-K-Unknown-Output.txt     
-30.5708 8.9888 -20.0781 -30.5976 9.0276 -20.0493 0.0553
-9.1251 3.5092 25.7002 -8.9808 3.5318 25.676 0.1481
34.0557 -6.346 -12.8913 34.1245 -6.4029 -12.8664 0.0927
-7.6838 5.6587 -30.3284 -7.6854 5.6673 -30.3161 0.0151
-9.1804 4.219 25.4983 -9.1772 4.2097 25.5108 0.0159
14.9791 -7.4912 16.7032 14.981 -7.5115 16.7178 0.025
-1.7457 -6.2722 -31.1258 -1.7137 -6.2539 -31.1289 0.037
-2.9834 -6.0864 36.2483 -2.9385 -5.9375 36.2195 0.1582
19.333 -10.5315 -21.0061 19.2794 -10.572 -21.0473 0.0787
12.5045 24.9516 14.0171 12.469 25.1788 14.0921 0.2418
-31.1532 5.6874 -38.2717 -31.1876 5.7354 -38.2791 0.0595
-23.5426 -10.657 -5.2001 -23.5548 -10.6671 -5.1716 0.0326
-11.5272 -30.0865 -31.2288 -11.5606 -30.0184 -31.2044 0.0797
-7.7822 -27.3336 -32.3848 -7.7191 -27.4178 -32.392 0.1055
-14.5274 11.1037 -22.8112 -14.5433 11.0733 -22.8006 0.0359
9.3567 -14.3206 1.8563 9.372 -14.2526 1.8403 0.0715
16.3901 26.0024 -9.73 16.3848 25.9801 -9.7054 0.0337
31.7139 -8.1982 -11.0215 31.727 -8.199 -11.0059 0.0204
18.4484 -1.6107 58.1184 18.432 -1.6052 58.1282 0.0199
31.9868 -6.8045 6.4301 31.9946 -6.81 6.4478 0.0201
-4.2561 16.2432 46.2919 -4.2813 16.2402 46.3141 0.0338
26.6344 3.2149 -29.9659 26.6137 3.2385 -29.9941 0.0422
12.3392 -16.833 -8.3604 12.3151 -16.8984 -8.3743 0.0711
-31.5757 8.9152 -21.8733 -31.5861 8.9096 -21.8559 0.021
-2.1196 -19.063 -35.8948 -2.067 -19.0707 -35.9211 0.0593
14.1517 -12.1985 4.8917 14.1537 -12.2006 4.9053 0.0139
-28.2919 -30.3181 -33.6981 -28.3194 -30.4075 -33.7268 0.0978
27.9429 -8.1118 6.3298 27.9273 -8.0275 6.3134 0.0873
12.2531 25.5217 13.2316 12.2535 25.3756 13.2142 0.1471
22.9606 12.982 40.9275 22.9248 12.9661 40.9388 0.0408
-16.2025 15.185 20.8562 -16.0992 15.1972 20.953 0.142
-19.2349 11.9649 -22.6433 -19.2449 11.9322 -22.6252 0.0387
24.8071 16.483 -27.6097 24.8402 16.5509 -27.6957 0.1144
-4.1052 13.7189 5.6206 -4.0858 13.691 5.6504 0.0452
-12.8611 -23.825 -10.7508 -12.9047 -23.7726 -10.7891 0.0782
8.9928 13.6487 -9.7226 8.9572 13.6681 -9.7486 0.0481
3.5928 22.8771 8.517 3.4746 23.0156 8.4832 0.1852
-5.3154 0.7545 -35.7911 -5.3642 0.7368 -35.767 0.0573
19.6521 -11.5133 -20.5436 19.6683 -11.4853 -20.5179 0.0413
14.2103 26.3235 8.7527 14.2041 26.3945 8.7816 0.0768
21.5957 -4.0155 27.6005 21.6937 -4.1452 27.6552 0.1715
19.4759 7.8991 62.6729 19.4607 7.8999 62.6524 0.0255
21.1813 21.6842 -26.7143 21.135 21.6641 -26.6597 0.0744
32.6692 4.2409 15.2414 32.6444 4.2489 15.2404 0.026
-10.6114 6.6154 -5.8177 -10.6832 6.7184 -5.7896 0.1287
-4.3479 24.6691 25.6889 -4.3627 24.6513 25.7084 0.0303
1.3419 -2.5607 -25.6337 1.3116 -2.5695 -25.5979 0.0477
-31.2244 4.0359 -39.8413 -31.317 4.1205 -39.9278 0.1524
9.1327 -12.9525 -19.2427 9.1853 -13.0384 -19.3068 0.1194
20.2327 1.5709 59.5932 20.2292 1.5637 59.6058 0.015
2.7158 -3.4213 63.4523 2.7141 -3.4395 63.4047 0.051
-17.7111 11.2756 -21.7625 -17.7529 11.1968 -21.7798 0.0909
-34.8583 3.8541 -15.6185 -34.8439 3.8261 -15.6367 0.0363
31.3742 18.7122 -15.3145 31.4212 18.7614 -15.3054 0.0686
-32.5427 -14.1218 -7.3115 -32.4782 -14.0853 -7.4251 0.1356
14.523 6.1156 63.1325 14.5257 6.1012 63.0472 0.0865
25.813 3.8629 31.4178 25.9103 3.8569 31.4568 0.105
0.6633 3.2256 -22.5665 0.7208 3.2822 -22.613 0.0931
-36.3184 4.4764 -32.4424 -36.3825 4.5267 -32.4536 0.0822
-41.0199 -9.1242 -14.7854 -40.9704 -9.1301 -14.8088 0.0552
29.1878 -10.9385 -11.9614 29.1351 -10.865 -11.9705 0.0908
-37.107 -16.978 -11.344 -37.0396 -16.9642 -11.3854 0.0803
10.7069 -3.188 -21.881 10.704 -3.1735 -21.9283 0.0496
31.8437 -6.4356 -21.9872 31.9833 -6.5764 -22.0895 0.2231
-2.2991 -10.4048 13.6782 -2.3189 -10.4656 13.6958 0.0663
-8.1937 24.7461 22.9748 -8.2069 24.732 22.9954 0.0282
8.5112 -7.1344 58.0636 8.515 -7.1781 58.0738 0.045
10.3381 1.0858 63.2618 10.3361 1.0668 63.1977 0.0669
24.3028 19.8455 18.7119 24.2649 19.8233 18.716 0.0441
-3.0452 -5.3137 43.1841 -2.9805 -5.2509 43.1945 0.0908
-10.4107 10.8196 13.4874 -10.4485 10.8213 13.4936 0.0383
-15.7855 13.7671 25.8809 -15.5648 13.848 25.923 0.2389
-27.6095 -14.9064 -6.5518 -27.6086 -14.883 -6.6371 0.0884
27.4829 2.8092 -30.3473 27.4689 2.83 -30.3565 0.0267
8.2558 -15.89 -14.5689 8.2494 -15.8681 -14.5554 0.0264
-10.5964 -26.8381 -37.9835 -10.6101 -26.806 -37.9567 0.044
10.6607 -3.8355 63.3434 10.6602 -3.848 63.3452 0.0126
19.4649 14.601 -31.1367 19.448 14.6175 -31.2425 0.1084
11.9507 -16.7509 -6.3769 11.8723 -16.9421 -6.3832 0.2068
-11.9677 1.5536 12.9592 -12.0498 1.5385 12.9843 0.0871
-19.4811 -20.8039 -46.6392 -19.462 -20.8377 -46.7262 0.0953
35.7255 10.5404 -15.5772 35.7239 10.5603 -15.564 0.024
18.7318 26.5908 -4.529 18.7115 26.557 -4.5041 0.0466
11.3996 20.7901 -13.6212 11.5327 20.7364 -13.5512 0.1597
-7.0286 8.3034 -10.368 -7.0605 8.377 -10.3467 0.083
-5.9689 -25.5413 -33.2534 -5.9984 -25.5001 -33.2309 0.0554
14.5261 13.115 -22.2866 14.4272 13.0582 -22.244 0.1217
-1.6556 -7.0482 32.1813 -1.6463 -7.0046 32.1841 0.0447
38.0943 0.714 -12.9813 38.1647 0.7292 -12.997 0.0737
20.4699 -12.0168 -20.8575 20.3975 -12.0572 -20.9064 0.0963
11.6474 21.6642 -12.6316 11.5874 21.6895 -12.6328 0.0651
-20.5563 -15.9087 -5.8955 -20.5542 -15.9165 -5.8859 0.0126
0.957 19.4305 45.6366 0.9465 19.421 45.6544 0.0228
9.6919 -5.6131 63.4324 9.6907 -5.626 63.3896 0.0447
9.1084 -6.652 34.8199 9.0992 -6.5981 34.8307 0.0557
-14.23 -23.8403 -43.4881 -14.2435 -23.7382 -43.3808 0.1487
-6.0394 5.3138 -26.8139 -6.042 5.3236 -26.8029 0.015
21.5921 17.7044 -28.9138 21.6328 17.7824 -28.9866 0.1142
-12.0041 9.7031 20.2708 -12.1349 9.67 20.2823 0.1355
23.2745 11.6577 41.0641 23.3341 11.6761 41.0862 0.0662
14.0954 19.0547 60.3856 14.1887 19.1947 60.4209 0.1719
-15.032 0.8707 3.6017 -15.0321 0.8602 3.614 0.0161
-28.0535 0.7862 -12.3581 -28.0378 0.7232 -12.4837 0.1413
25.285 1.6626 -29.5158 25.2921 1.6985 -29.4603 0.0665
-24.4234 -32.7971 -24.8629 -24.4007 -32.6635 -24.86 0.1356
-4.2725 -25.8635 -26.2343 -4.2012 -25.9468 -26.2417 0.1099
13.7443 23.4161 -16.6711 13.7877 23.3506 -16.637 0.0857
2.8476 18.4328 58.3497 2.8303 18.4406 58.3701 0.0278
16.1964 -7.8926 14.1048 16.2006 -7.9145 14.1203 0.0272
-4.5185 -25.9352 -27.5284 -4.4944 -25.9564 -27.5255 0.0322
18.1164 -8.5643 -22.2501 18.0688 -8.6443 -22.3164 0.1143
-34.7435 -27.6909 -26.6301 -34.8246 -27.8083 -26.631 0.1427
-43.0372 -5.0431 -20.2914 -43.0686 -5.038 -20.2697 0.0385
2.9858 2.1771 -21.8651 2.998 2.2104 -21.8897 0.0431
-26.9485 6.9479 -15.5765 -26.9543 6.9052 -15.6102 0.0546
32.825 17.8162 -13.1418 32.7676 17.7961 -13.1216 0.0641
11.2043 17.8706 -12.4453 11.2631 17.8984 -12.4089 0.0746
8.7471 23.8473 -3.9015 8.7938 23.7888 -3.8564 0.0874
34.8961 15.768 -0.3997 34.8545 15.7512 -0.3768 0.0504
-8.9419 -26.9031 -36.0719 -8.9689 -26.8469 -36.0347 0.0726
14.8616 -4.8177 57.2678 14.8648 -4.8325 57.2798 0.0192
4.893 21.7354 33.4635 4.8872 21.8064 33.4972 0.0789
38.2443 2.1037 8.4037 38.2292 2.1173 8.4082 0.0208
-3.0901 -4.677 56.2473 -3.0259 -4.6305 56.2587 0.0801
-7.216 -23.8961 -14.5921 -7.2609 -23.8006 -14.6538 0.1222
-10.7961 8.6292 11.9477 -10.8885 8.6666 11.9398 0.1
4.0918 12.6482 63.219 4.0835 12.63 63.1901 0.0352
-8.7846 25.1399 27.607 -8.8012 25.0681 27.6118 0.0738
-41.2759 -18.4031 -29.5348 -41.3108 -18.4255 -29.5477 0.0433
28.1277 -0.7839 20.9279 28.0172 -0.7299 20.8851 0.1302
-12.0695 10.433 -24.1209 -12.1117 10.3798 -24.0952 0.0727
8.3007 22.2912 31.3113 8.285 22.3796 31.34 0.0942
11.6818 24.5903 -8.3779 11.809 24.4593 -8.3036 0.1972
8.2596 25.6826 6.7698 8.2037 25.7793 6.8036 0.1167
12.8789 19.9331 60.6071 12.8917 20.1219 60.6492 0.1938
20.7862 9.2118 61.7864 20.8435 9.2119 61.8206 0.0667
2.3624 23.7402 23.7551 2.3508 23.7423 23.7743 0.0226
-38.5642 -21.0489 -16.4381 -38.4035 -20.9672 -16.5379 0.2061
-15.3663 11.2961 -29.528 -15.4058 11.2302 -29.5004 0.0817
-4.3014 17.0264 45.5518 -4.29 17.0007 45.556 0.0284
28.9443 -5.097 12.8528 28.9848 -5.2143 12.9316 0.147
-9.1422 22.7454 18.4604 -9.1518 22.7227 18.4889 0.0377
-16.7939 1.4634 -1.3444 -16.7145 1.3873 -1.352 0.1103
-28.0 -14.138 -47.4903 -28.0458 -14.1642 -47.5941 0.1164
-31.3856 -28.0766 -35.5759 -31.4034 -28.1213 -35.585 0.049
-23.2663 11.8373 -21.4136 -23.2684 11.7706 -21.4005 0.068
20.1382 -9.8313 4.6702 20.1607 -9.8654 4.6981 0.0495
-44.2377 -8.7142 -25.0233 -44.3769 -8.7388 -25.0455 0.1431
-8.2452 -18.5133 -7.5552 -8.2423 -18.5054 -7.5582 0.0089
-13.6674 -28.7026 -37.364 -13.6715 -28.6644 -37.3394 0.0456
21.9973 -5.7969 17.1176 22.0211 -5.8918 17.1553 0.1048
11.2718 -4.2867 63.3616 11.2703 -4.2993 63.3294 0.0346
1.8147 -16.9058 -24.4523 1.8626 -16.9296 -24.4649 0.0549
-3.765 -23.485 -18.6998 -3.7804 -23.4543 -18.6999 0.0343
30.0257 9.6631 18.6242 30.014 9.6675 18.6367 0.0177
-28.6964 -29.3705 -35.3242 -28.732 -29.5045 -35.3941 0.1553
-39.8527 -14.7345 -35.1284 -39.9292 -14.7492 -35.1239 0.0781
17.2515 20.4841 -29.4919 17.2473 20.511 -29.4954 0.0275
-11.481 -2.9796 -45.7127 -11.5109 -2.9922 -45.6692 0.0542
19.7189 21.4008 26.305 19.7081 21.4026 26.323 0.021
-34.6899 -1.1927 -42.4033 -34.6785 -1.2167 -42.3589 0.0518
-34.6064 5.054 -17.4602 -34.6512 5.0805 -17.435 0.0578
-26.5095 -4.7681 -47.7907 -26.4945 -4.7252 -47.8605 0.0834
-0.8629 11.4899 -5.4652 -0.8155 11.42 -5.4127 0.0995
9.3998 -9.603 -22.0861 9.4188 -9.6421 -22.148 0.0756
-40.3913 0.9781 -27.103 -40.5271 1.0556 -27.0962 0.1566
9.5678 9.9143 -12.64 9.5655 9.9918 -12.6855 0.0898
-26.1674 -10.4548 -48.3703 -26.1755 -10.4563 -48.4033 0.034
-26.6108 11.3923 -25.1723 -26.6667 11.5128 -25.1459 0.1355
-7.0389 -20.4071 -10.1136 -7.0481 -20.3896 -10.1347 0.0289
-12.9397 4.7857 2.1045 -12.9748 4.8149 2.1225 0.0491
8.6764 23.0273 -5.4105 8.7313 22.9786 -5.3478 0.0965
14.2256 -15.8981 -13.1993 14.2437 -15.8347 -13.1674 0.0732
-29.6993 -12.1147 -47.2182 -29.7277 -12.1268 -47.3045 0.0917
-6.5897 2.9203 56.2837 -6.722 2.8854 56.2912 0.1371
16.6203 -5.0416 45.4389 16.5057 -4.8529 45.4299 0.221
-26.2554 -19.4054 -7.085 -26.2656 -19.4109 -6.9819 0.1037
-10.5981 6.9177 23.7706 -10.5519 6.9293 23.7737 0.0478
11.3909 19.7184 -22.5713 11.5298 19.6613 -22.5674 0.1502
-23.2181 1.2745 -11.0046 -23.1339 1.1785 -11.0893 0.1532
-16.5165 -31.6339 -22.5789 -16.4621 -31.809 -22.5406 0.1873
21.8534 10.3102 56.0879 21.6176 10.2642 56.0742 0.2406
-1.8368 -5.8299 41.1255 -1.815 -5.7843 41.1397 0.0525
-6.3908 10.0648 53.4168 -6.2167 9.9855 53.4295 0.1917
24.5131 -11.2962 -1.5917 24.5146 -11.2978 -1.577 0.0149
9.2173 23.7198 -5.0223 9.2148 23.7121 -4.9988 0.0249
-13.0731 10.7026 -25.1633 -13.042 10.7674 -25.1586 0.0721
22.9282 22.8421 12.7911 22.9511 22.941 12.8298 0.1086
13.2707 22.1662 38.6795 13.2519 22.2075 38.6963 0.0484
11.1178 25.3595 13.5004 11.1179 25.2032 13.4787 0.1578
10.8633 23.5883 23.9823 10.8479 23.4903 23.9818 0.0992
18.1266 23.9963 14.8228 18.1521 24.1254 14.8667 0.1387
24.2694 -14.6811 -14.3896 24.3708 -14.8309 -14.3889 0.1809
-7.1918 -1.3453 30.1551 -7.1594 -1.3523 30.1617 0.0338
21.1618 -11.5109 -21.3039 21.1568 -11.5206 -21.3631 0.0602
2.7052 -17.9849 -11.6489 2.699 -17.9674 -11.6457 0.0188
-12.5994 4.6818 11.3053 -12.4626 4.6519 11.3016 0.1401
-40.0931 1.6615 -28.5344 -40.0705 1.6315 -28.5182 0.0409
-0.9953 12.2186 -3.0827 -1.0468 12.2784 -3.0919 0.0795
4.753 4.6246 63.419 4.7462 4.6078 63.3977 0.028
