200 OUTPUT\PA4-H-Unknown-Output.txt     
-43.0653 -6.1182 -30.0937 -43.0634 -6.1177 -30.0935 0.0019
5.4447 23.9715 20.2728 5.4455 23.9784 20.273 0.0069
-37.6026 -14.7315 -11.3117 -37.6027 -14.7309 -11.3122 0.0008
35.4723 10.437 -17.0379 35.4748 10.4369 -17.0393 0.0028
2.9055 -9.3188 19.7408 2.9065 -9.3235 19.7412 0.0048
-7.1145 -22.7893 -39.1913 -7.1156 -22.7891 -39.191 0.0012
-5.1993 9.6506 -3.6855 -5.1987 9.6499 -3.6859 0.0009
15.5783 24.0105 18.0074 15.5774 24.0005 18.0043 0.0105
11.2752 14.052 -11.2642 11.2764 14.0512 -11.2627 0.0021
-3.4301 -12.588 -40.0827 -3.4297 -12.5885 -40.0836 0.0011
-3.1177 -21.6497 -34.8633 -3.1215 -21.6481 -34.8607 0.0049
21.4278 20.5568 25.088 21.4244 20.5522 25.0866 0.0059
-7.2911 3.8551 33.3683 -7.2935 3.8552 33.3683 0.0024
-2.3836 17.1598 8.1117 -2.3834 17.1599 8.1109 0.0008
-16.0458 2.0609 -44.7109 -16.0463 2.0596 -44.7102 0.0016
-27.8141 -30.4507 -34.1227 -27.8129 -30.446 -34.121 0.0051
17.5028 -17.2532 -11.2987 17.5029 -17.2514 -11.2982 0.0019
8.5513 -13.0218 4.5147 8.5526 -13.0145 4.5113 0.0082
1.8358 10.1782 -10.8385 1.8364 10.1767 -10.8387 0.0016
-4.5906 -23.4103 -16.9828 -4.592 -23.4092 -16.9836 0.0019
-12.5268 10.1138 -21.0656 -12.5256 10.1164 -21.0657 0.0029
-25.0548 -31.4444 -18.9612 -25.0555 -31.4441 -18.9614 0.0008
15.0564 19.6775 -30.5984 15.0565 19.6777 -30.6001 0.0017
-1.2636 -16.221 -5.5588 -1.2644 -16.2191 -5.5601 0.0025
14.0207 22.761 -24.2145 14.0207 22.7607 -24.2154 0.0009
36.8176 -2.1778 -6.5741 36.8168 -2.1779 -6.5747 0.001
-39.0944 -3.9959 -38.6116 -39.0918 -3.9964 -38.6104 0.0029
-20.3908 -13.2957 -47.1965 -20.3907 -13.2956 -47.1976 0.0011
28.1571 -11.4188 -19.1077 28.1521 -11.4133 -19.106 0.0077
37.7171 4.3943 -13.35 37.7197 4.3937 -13.352 0.0033
-0.3139 17.8165 51.948 -0.3112 17.8133 51.9468 0.0044
-6.502 9.3176 59.8272 -6.498 9.3171 59.8268 0.0041
-42.8827 -16.508 -25.5492 -42.8816 -16.5068 -25.5496 0.0017
27.7872 22.6913 -6.3694 27.7855 22.6879 -6.3703 0.0039
-30.4794 -15.1999 -46.6786 -30.4776 -15.1997 -46.6766 0.0027
0.5022 -10.7719 13.9205 0.5018 -10.7745 13.9205 0.0026
-29.7924 -5.7288 -8.626 -29.7925 -5.7279 -8.6256 0.0009
5.1956 -7.464 60.8257 5.1965 -7.4797 60.8249 0.0157
-0.0294 17.2476 58.0017 -0.029 17.248 58.001 0.0009
38.7752 3.6222 -11.6022 38.7709 3.621 -11.6009 0.0046
-0.0624 19.0504 6.8171 -0.0679 19.0552 6.8128 0.0084
6.6686 -6.8677 36.3364 6.6686 -6.8694 36.336 0.0017
-6.5991 13.6276 44.0779 -6.6069 13.628 44.0801 0.0081
-17.2657 -31.96 -22.7242 -17.2668 -31.9557 -22.7251 0.0046
-33.6217 -18.8742 -9.5243 -33.6212 -18.8731 -9.5257 0.0018
-1.1301 -0.6596 -26.4832 -1.1292 -0.6591 -26.485 0.0021
-38.9445 0.5669 -34.8123 -38.9396 0.5639 -34.8106 0.006
-26.481 10.0828 -33.2491 -26.4792 10.0764 -33.2482 0.0067
-22.1263 -11.2979 -48.9411 -22.1241 -11.3002 -48.9361 0.0059
15.5109 21.8765 35.7221 15.5114 21.8754 35.721 0.0016
-8.2343 7.8709 -6.5881 -8.2354 7.8741 -6.5889 0.0036
12.4678 -13.0255 4.2897 12.4684 -13.0297 4.2922 0.005
21.0633 4.8283 59.5807 21.0758 4.8259 59.5815 0.0128
10.8074 -6.4546 50.1221 10.8066 -6.4518 50.1218 0.0029
21.6059 -6.9127 -24.3263 21.6075 -6.9124 -24.3229 0.0038
-42.5918 -11.2684 -18.7774 -42.5881 -11.2674 -18.779 0.0042
23.9017 5.9962 41.7711 23.9014 5.996 41.7705 0.0007
-4.9946 -22.5609 -14.8651 -4.9926 -22.5645 -14.8633 0.0045
7.1866 -14.015 0.8933 7.1863 -14.0152 0.893 0.0005
12.1269 16.9905 -22.7056 12.1217 16.9875 -22.7054 0.006
-37.6013 -3.7161 -12.6607 -37.6033 -3.7142 -12.6593 0.0031
18.5125 25.3411 -22.0762 18.5125 25.3446 -22.0777 0.0038
15.7543 -2.9281 -22.2495 15.7545 -2.929 -22.2479 0.0018
33.3923 -5.2596 -20.7895 33.3913 -5.2601 -20.7897 0.0011
-31.5097 -29.8683 -23.3746 -31.5098 -29.8672 -23.3749 0.0012
-22.3274 5.3381 -42.0005 -22.3275 5.3346 -41.9979 0.0043
-4.2321 13.7659 57.1883 -4.2392 13.7721 57.1886 0.0094
-8.8969 7.5431 30.8406 -8.9 7.5412 30.8408 0.0037
-29.3834 -30.4021 -20.6081 -29.384 -30.4015 -20.6083 0.0008
-4.9869 20.9907 14.33 -4.9858 20.989 14.3305 0.0021
-32.3088 3.8282 -39.2955 -32.3065 3.8263 -39.2936 0.0035
-5.5712 5.6085 -25.5035 -5.5698 5.6097 -25.5048 0.0022
13.6133 27.5006 2.0919 13.6145 27.5055 2.0903 0.0053
22.1746 3.8153 50.5635 22.1739 3.8153 50.5628 0.0009
-43.0041 -6.5363 -30.3023 -43.0019 -6.5358 -30.302 0.0022
30.7706 17.8016 10.7731 30.7749 17.8056 10.7768 0.007
26.9717 7.666 27.858 26.9807 7.6663 27.8603 0.0093
15.9971 9.2374 -20.7145 15.9963 9.2365 -20.7153 0.0015
8.8268 -7.243 60.9109 8.8269 -7.244 60.9104 0.0011
-15.2353 21.037 24.0173 -15.235 21.0375 24.0166 0.001
-12.2066 8.7983 -33.5947 -12.2068 8.7971 -33.595 0.0012
19.763 -6.3228 18.7159 19.7624 -6.3209 18.7153 0.0021
-4.4532 -1.1878 -36.3882 -4.4519 -1.1875 -36.3889 0.0015
-13.2397 -26.7818 -40.0016 -13.2401 -26.7824 -40.0021 0.0009
-39.159 -11.7478 -40.3623 -39.1556 -11.7469 -40.3607 0.0039
4.1417 -8.3335 23.9403 4.1417 -8.3346 23.9401 0.0012
-36.534 2.5573 -36.6723 -36.5312 2.5549 -36.6717 0.0037
26.8617 23.1117 -10.7349 26.866 23.1164 -10.736 0.0065
-11.5075 -15.3733 -46.4878 -11.508 -15.3735 -46.4878 0.0005
10.6301 -6.3909 34.4178 10.6288 -6.3778 34.4164 0.0133
17.5178 -5.4427 31.6001 17.5176 -5.4428 31.5997 0.0005
23.8428 -10.5902 0.1863 23.8423 -10.5896 0.1854 0.0012
19.0322 -6.5178 -23.5199 19.0319 -6.5186 -23.5207 0.0012
13.7752 -9.9531 -20.7163 13.7748 -9.9489 -20.7121 0.0059
-15.5768 13.8091 21.0566 -15.5838 13.804 21.0521 0.0097
3.9196 -9.3237 18.9094 3.9187 -9.32 18.9078 0.0042
24.769 24.0779 -12.1357 24.7714 24.081 -12.1365 0.004
-3.0904 -22.1802 -16.8762 -3.0871 -22.1846 -16.8739 0.006
-17.2254 1.4385 -3.5155 -17.2289 1.4417 -3.5151 0.0048
-30.8654 5.7802 -38.543 -30.8658 5.7814 -38.544 0.0016
-21.5751 2.9895 -11.9907 -21.5766 2.9924 -11.9892 0.0035
5.8028 -12.8985 3.8377 5.803 -12.8928 3.8359 0.006
39.4348 7.5126 4.5187 39.4309 7.5108 4.5178 0.0044
14.8419 -5.6118 38.7192 14.8413 -5.6096 38.7187 0.0023
-21.6691 -9.7312 -49.2431 -21.6694 -9.7312 -49.2432 0.0003
10.7699 -16.3927 -9.983 10.7715 -16.3853 -9.9826 0.0075
-17.863 -31.9221 -32.1407 -17.8627 -31.927 -32.1419 0.005
25.1097 -10.8837 -0.8701 25.1088 -10.8788 -0.8732 0.0059
16.7845 8.442 -24.0601 16.786 8.4414 -24.0604 0.0017
-15.8793 19.8685 27.3618 -15.8798 19.8695 27.3611 0.0013
-9.7434 16.3294 14.6052 -9.7419 16.329 14.6059 0.0018
-6.9764 5.1326 53.767 -6.9743 5.1335 53.7665 0.0023
-32.3533 7.9819 -20.5418 -32.3505 7.9786 -20.5435 0.0046
-22.5909 -31.1761 -35.0681 -22.5917 -31.1767 -35.0686 0.0011
5.8842 1.0419 63.3572 5.8841 1.0423 63.3592 0.002
20.6461 2.8253 59.9665 20.6358 2.8274 59.9649 0.0107
21.6287 12.6511 49.6092 21.63 12.6514 49.6088 0.0014
-11.2245 7.2818 10.4575 -11.2217 7.2806 10.4576 0.003
12.5451 16.8844 -28.4887 12.5429 16.8827 -28.4899 0.003
-11.9793 -28.2233 -16.8966 -11.98 -28.2214 -16.898 0.0025
0.3528 18.5781 49.9676 0.3571 18.5724 49.9659 0.0074
22.9931 7.4756 47.2859 22.9954 7.4754 47.2856 0.0023
33.6836 11.7213 -21.1528 33.6841 11.7203 -21.1535 0.0013
-23.3204 -10.709 -49.3077 -23.3209 -10.7086 -49.307 0.0009
14.5462 -17.4801 -8.4341 14.5449 -17.4856 -8.435 0.0057
-42.8358 -10.9222 -19.482 -42.8338 -10.9214 -19.483 0.0024
-1.6262 16.2205 56.0154 -1.6192 16.2126 56.0146 0.0106
31.769 18.4051 8.1676 31.7741 18.4078 8.1684 0.0058
-11.6897 2.8249 15.6627 -11.6965 2.8246 15.6635 0.0068
33.0823 -5.9805 -2.0358 33.082 -5.9812 -2.0362 0.0009
-23.7868 6.9189 -40.5286 -23.7855 6.9158 -40.5259 0.0044
0.9953 -10.7488 14.397 0.9951 -10.7479 14.3966 0.001
-34.6409 -0.7106 -42.0417 -34.638 -0.7138 -42.0385 0.0054
34.357 11.7885 10.8468 34.3592 11.7881 10.8479 0.0025
8.4519 -9.0462 -22.8692 8.4503 -9.0442 -22.8657 0.0043
12.1909 20.7653 -19.0182 12.1837 20.7677 -19.019 0.0076
38.9082 1.9906 6.974 38.9099 1.9892 6.9741 0.0021
30.3456 20.698 -1.5404 30.3465 20.6979 -1.5411 0.0012
-12.5781 -28.9896 -35.966 -12.5815 -28.9832 -35.9629 0.0078
-6.4233 10.9652 47.1953 -6.4271 10.9663 47.195 0.0039
4.3582 -10.2425 -24.6974 4.3571 -10.2427 -24.6966 0.0014
-0.5348 -18.4272 -10.2971 -0.5352 -18.4275 -10.2974 0.0005
-14.802 10.9577 -21.959 -14.8017 10.9569 -21.96 0.0013
-39.5496 -22.5751 -28.8762 -39.5512 -22.5753 -28.8767 0.0016
-2.4869 -15.0236 -38.6558 -2.4861 -15.0241 -38.6568 0.0014
12.0033 -15.4543 -13.239 12.003 -15.454 -13.239 0.0004
-13.4876 9.2898 -33.9028 -13.4858 9.2924 -33.9041 0.0034
35.6113 6.9267 10.918 35.6138 6.9268 10.9197 0.0031
39.3352 6.5534 6.4364 39.3388 6.5534 6.4383 0.004
29.3315 -1.5816 -27.1454 29.3289 -1.5798 -27.1425 0.0043
31.2143 19.3375 6.9766 31.2145 19.3366 6.9759 0.0012
-30.9947 -13.4855 -46.6235 -30.9949 -13.4853 -46.6236 0.0003
-8.071 5.604 31.4311 -8.0718 5.6041 31.4307 0.0009
-4.3242 -23.079 -16.6874 -4.3234 -23.0812 -16.6866 0.0025
-37.33 0.4329 -15.3224 -37.3357 0.4365 -15.3199 0.0072
-12.0593 -13.8619 -47.105 -12.0589 -13.8624 -47.1075 0.0026
-25.2137 10.5497 -32.7505 -25.2097 10.5383 -32.7477 0.0124
-7.0171 12.6285 42.8331 -7.0261 12.6289 42.8357 0.0093
-24.86 5.7997 -41.2324 -24.8587 5.7964 -41.2294 0.0046
-42.7163 -6.5212 -18.6528 -42.716 -6.5205 -18.6534 0.0009
18.5612 -7.5605 13.7542 18.5609 -7.5601 13.7537 0.0008
14.3148 23.4545 22.5009 14.3157 23.456 22.5004 0.0018
35.1584 13.7669 -14.0529 35.1639 13.7682 -14.0555 0.0062
-2.633 -5.0361 56.5957 -2.6303 -5.0328 56.5953 0.0042
1.5622 11.432 -7.5826 1.562 11.4327 -7.5837 0.0013
15.9003 -10.9279 6.519 15.8998 -10.9272 6.5181 0.0013
20.9367 15.2184 -30.5723 20.9347 15.2169 -30.5693 0.0039
-6.7587 -0.2928 -39.7586 -6.759 -0.2934 -39.7589 0.0006
-5.0763 0.4623 -34.0606 -5.0689 0.4654 -34.0606 0.008
37.3126 11.6126 -7.4181 37.304 11.6085 -7.4179 0.0095
0.7785 -6.7989 55.7582 0.7769 -6.8028 55.7579 0.0043
-32.7053 -28.7696 -31.5054 -32.7039 -28.7664 -31.5053 0.0034
15.2961 21.3514 -29.5634 15.2967 21.3503 -29.5635 0.0012
-6.695 10.7761 4.1332 -6.6966 10.7785 4.1316 0.0032
-3.1743 17.4139 9.2768 -3.1774 17.4165 9.2729 0.0056
-15.6315 20.5403 24.51 -15.6301 20.5402 24.5095 0.0014
-13.6272 -1.8426 7.4034 -13.6306 -1.8429 7.4042 0.0035
-4.5375 10.3479 62.151 -4.5378 10.3487 62.1513 0.0009
30.574 18.561 -19.3186 30.5713 18.5583 -19.3181 0.0038
-11.8662 10.0496 16.3125 -11.8728 10.0485 16.3109 0.0069
-10.9123 7.8248 10.3776 -10.9082 7.8229 10.3781 0.0045
6.7662 -7.2819 55.8494 6.7656 -7.2775 55.8491 0.0044
35.0447 3.4335 12.167 35.0453 3.4328 12.1671 0.0009
-0.7662 -6.059 57.7078 -0.7666 -6.0589 57.7074 0.0005
35.498 11.3277 -15.0643 35.4967 11.3264 -15.0643 0.0018
-0.7223 -15.5802 -4.6431 -0.722 -15.5833 -4.6417 0.0035
1.5902 19.0368 48.8986 1.5932 19.0251 48.8962 0.0124
10.6925 -13.7679 3.04 10.6922 -13.7683 3.0397 0.0006
8.8023 -9.6434 14.0761 8.8024 -9.6456 14.0765 0.0022
-4.1685 13.9061 56.9305 -4.168 13.9065 56.9298 0.0009
1.0891 -6.8271 54.1534 1.0898 -6.8242 54.1532 0.003
-25.1912 -1.3587 -46.9423 -25.1912 -1.3587 -46.9428 0.0005
-33.582 7.9509 -23.2011 -33.583 7.9527 -23.2012 0.0021
-1.9612 -11.3412 7.9679 -1.9617 -11.3436 7.9679 0.0025
4.4707 -13.6235 0.0289 4.4706 -13.6228 0.0284 0.0009
25.9341 7.831 -30.3423 25.9338 7.8306 -30.3378 0.0046
-27.9277 -31.3331 -31.0003 -27.9283 -31.3328 -31.0004 0.0007
-22.5048 -25.4242 -42.6736 -22.5048 -25.4228 -42.6723 0.0019
18.1619 17.3455 52.1801 18.1639 17.3472 52.1797 0.0026
-36.6222 0.8369 -14.6718 -36.6278 0.8409 -14.6676 0.0081
