200 OUTPUT\PA4-C-Debug-Output.txt     
3.1412 -7.0123 52.6002 3.14 -7.0174 52.5993 0.0053
30.0507 12.9377 16.4582 30.0512 12.937 16.4575 0.0011
-33.8654 -23.6538 -13.4836 -33.8662 -23.6528 -13.4837 0.0013
2.2277 -12.9529 1.392 2.2266 -12.9571 1.3926 0.0043
-9.401 1.9065 22.7185 -9.4017 1.9072 22.7181 0.001
7.8375 21.6519 -5.4435 7.8356 21.6533 -5.4459 0.0034
-6.2583 24.3986 30.9575 -6.26 24.3904 30.9556 0.0086
-7.0504 7.5324 -21.572 -7.0485 7.5378 -21.5732 0.0059
38.1453 -0.5037 -4.9727 38.1394 -0.5014 -4.9736 0.0064
-5.2109 -8.1917 -42.3521 -5.2098 -8.1922 -42.3537 0.002
-0.1648 -6.3095 57.6911 -0.1669 -6.3125 57.691 0.0036
11.7442 -5.0183 63.318 11.744 -5.0174 63.3196 0.0018
-23.8228 10.273 -35.055 -23.8221 10.2713 -35.0554 0.0019
2.2546 0.4986 63.4429 2.2547 0.4996 63.4454 0.0027
7.0783 2.0919 -20.1697 7.0785 2.0917 -20.1709 0.0012
-10.3071 -0.9867 16.0414 -10.3127 -0.9879 16.0429 0.0059
-40.9059 -15.6212 -30.9731 -40.9003 -15.6223 -30.9688 0.0071
-38.3947 -23.0261 -19.5957 -38.3948 -23.0245 -19.596 0.0016
-40.7426 -2.2747 -17.4676 -40.7405 -2.2748 -17.47 0.0032
-42.434 -14.0565 -19.7472 -42.4311 -14.0546 -19.7485 0.0037
-3.5318 10.7522 -3.1185 -3.5294 10.7482 -3.1178 0.0047
25.8832 11.6859 28.5521 25.8841 11.6858 28.5515 0.0011
-22.0786 7.1244 -15.9769 -22.0784 7.1235 -15.9788 0.0021
-6.52 1.9187 48.4138 -6.5203 1.9199 48.4132 0.0013
-0.1701 -18.6686 -11.0029 -0.1702 -18.6712 -11.0023 0.0028
-11.5877 4.0504 -40.8164 -11.588 4.0495 -40.8165 0.0009
9.8416 -5.3493 63.3809 9.8414 -5.3484 63.384 0.0032
-40.0604 -12.0209 -32.2079 -40.0566 -12.0192 -32.207 0.0043
4.4833 -9.2907 18.684 4.4827 -9.2895 18.6834 0.0015
22.8019 14.4722 36.3306 22.7987 14.4702 36.3289 0.0041
14.5051 23.5782 -22.5404 14.5028 23.5824 -22.5419 0.005
12.3935 -10.7414 8.8163 12.3935 -10.7437 8.8167 0.0022
38.3336 3.0176 8.3749 38.3381 3.0167 8.378 0.0055
-27.941 -26.1849 -40.9041 -27.9416 -26.1836 -40.9033 0.0016
-0.0284 19.9645 42.7776 -0.0282 19.9665 42.7768 0.0021
22.4453 12.9446 43.716 22.4463 12.9451 43.7153 0.0013
-14.8942 12.3579 23.0781 -14.9005 12.3541 23.0765 0.0075
-29.2151 -14.5964 -6.616 -29.2158 -14.5963 -6.6141 0.0021
7.1971 -8.1098 -23.0432 7.195 -8.1104 -23.041 0.0031
-32.4857 -13.2208 -7.0921 -32.4871 -13.2205 -7.0905 0.0021
32.0486 1.2869 15.6133 32.0482 1.2862 15.6124 0.0011
18.1013 -1.6657 60.3257 18.1051 -1.6685 60.3257 0.0048
18.3006 -3.6385 -23.0234 18.3016 -3.6397 -23.0215 0.0025
8.4839 17.854 -8.8211 8.4827 17.8537 -8.8231 0.0024
-6.4464 9.4958 59.8272 -6.4435 9.4964 59.8266 0.003
-7.7524 -26.1024 -17.5235 -7.7511 -26.1046 -17.522 0.003
-17.83 -0.0915 -3.265 -17.8316 -0.0904 -3.2652 0.0019
-34.5575 -1.204 -42.4215 -34.5561 -1.2053 -42.4193 0.0029
0.2858 23.8445 18.7189 0.2876 23.8394 18.7178 0.0055
-12.684 -21.7259 -9.4689 -12.6839 -21.7262 -9.4679 0.001
10.7227 -6.6733 53.0817 10.7231 -6.6756 53.0811 0.0024
-6.9932 7.2124 59.1676 -6.9957 7.214 59.1669 0.003
-3.5026 11.2864 -1.774 -3.5032 11.2879 -1.7754 0.0021
-23.7139 -16.0518 -6.1227 -23.7145 -16.0512 -6.1202 0.0026
-31.9521 6.6819 -35.3897 -31.951 6.6808 -35.3896 0.0016
-34.2943 -10.3541 -45.8419 -34.2915 -10.3542 -45.8367 0.0059
-39.3429 -13.7605 -39.4414 -39.341 -13.7598 -39.4412 0.0021
5.073 21.2901 0.2775 5.07 21.2919 0.2746 0.0045
-22.0007 6.5134 -40.8121 -22.0009 6.5109 -40.8107 0.0028
12.0039 20.2805 -19.2076 11.9979 20.2822 -19.2086 0.0063
-16.8967 6.1301 -13.1771 -16.8976 6.1335 -13.1747 0.0042
30.4354 20.6612 -9.1841 30.4405 20.6654 -9.1849 0.0067
-36.0101 -21.0291 -12.8794 -36.0117 -21.0288 -12.8784 0.0019
-7.4839 -20.2346 -9.8473 -7.4844 -20.235 -9.8466 0.0009
-4.9542 -11.1277 -42.2377 -4.9558 -11.1283 -42.2369 0.0019
-6.3088 -9.6918 9.4952 -6.3113 -9.6958 9.496 0.0048
17.3458 26.7526 3.5462 17.348 26.7581 3.5458 0.006
-6.6845 1.4828 36.8875 -6.6828 1.4839 36.8867 0.0021
-11.9295 -30.6316 -25.3586 -11.9309 -30.6311 -25.3586 0.0015
-1.4889 -6.8519 -31.1067 -1.4884 -6.8522 -31.1074 0.0009
21.4554 12.467 51.2081 21.4533 12.4663 51.207 0.0024
1.2574 14.0482 -2.2446 1.2556 14.051 -2.247 0.0041
-40.067 1.503 -22.9625 -40.0672 1.5041 -22.963 0.0012
6.6049 16.8399 -5.9986 6.6034 16.8399 -6.0007 0.0026
33.2007 6.027 14.2978 33.2068 6.0275 14.3012 0.007
18.3094 3.1903 63.0002 18.3093 3.1907 63.0035 0.0034
3.1982 18.2228 62.0034 3.1989 18.2234 62.0022 0.0016
22.7105 1.9809 43.9133 22.7101 1.9811 43.9127 0.0008
7.0175 -7.6314 23.9169 7.017 -7.6307 23.9165 0.001
-10.2224 15.7627 14.7488 -10.2184 15.7622 14.7514 0.0048
-41.7364 -9.1946 -31.1683 -41.7357 -9.1933 -31.168 0.0016
-13.8499 19.2719 18.9024 -13.8469 19.2718 18.9031 0.0031
-15.326 20.8387 23.911 -15.3243 20.8391 23.9103 0.0019
-6.1319 0.5238 57.6105 -6.133 0.5248 57.61 0.0016
-43.5287 -13.3914 -23.7762 -43.5242 -13.3895 -23.7776 0.0051
11.0656 0.3977 -20.8765 11.0653 0.3983 -20.8795 0.0031
8.1729 -13.3962 -19.5793 8.1711 -13.3947 -19.5777 0.0029
34.7504 1.1645 12.3579 34.7521 1.1633 12.3591 0.0025
-24.0643 -15.1544 -6.0962 -24.065 -15.1538 -6.0931 0.0032
-30.6445 -29.5862 -19.576 -30.6478 -29.5896 -19.5741 0.0051
-6.3208 9.9162 59.9995 -6.3202 9.9174 59.9988 0.0016
16.7337 -3.3839 59.5683 16.7343 -3.3841 59.5679 0.0008
-14.6894 -23.7255 -9.9885 -14.6903 -23.7233 -9.9903 0.0029
38.2361 11.2398 -3.0651 38.241 11.241 -3.0665 0.0052
-22.5604 12.2427 -26.475 -22.56 12.2429 -26.4758 0.0009
-2.9356 -4.7079 55.3876 -2.9397 -4.7104 55.387 0.0049
-10.2478 -24.3998 -12.6341 -10.2465 -24.4031 -12.6308 0.0049
-5.3318 21.7896 15.6705 -5.3299 21.7864 15.6723 0.0041
-25.7438 10.0563 -34.0994 -25.7437 10.0572 -34.1003 0.0013
16.6804 8.3461 -23.3448 16.6802 8.345 -23.3456 0.0013
-18.1297 5.7175 -13.2787 -18.1297 5.7182 -13.279 0.0008
23.2893 12.7084 38.9711 23.2878 12.7078 38.9702 0.0019
-35.0715 -4.4668 -10.6257 -35.071 -4.4664 -10.6275 0.002
27.8982 -4.2297 15.0801 27.8982 -4.2306 15.0798 0.001
18.4003 25.3931 -18.9396 18.3996 25.4025 -18.9402 0.0094
-34.8116 -24.8572 -16.2226 -34.8111 -24.8549 -16.2237 0.0026
-37.4952 1.5912 -16.8171 -37.4968 1.593 -16.8168 0.0024
-30.3216 -20.2313 -8.1896 -30.3222 -20.2302 -8.1902 0.0013
1.8057 0.6007 -23.6861 1.8061 0.6003 -23.687 0.001
-6.7655 4.2533 44.9159 -6.7677 4.2541 44.9154 0.0025
8.3282 19.2921 60.7454 8.3289 19.2936 60.745 0.0017
33.8887 -6.7523 -13.767 33.8863 -6.7523 -13.7673 0.0024
8.8426 23.8064 22.5866 8.8433 23.8067 22.5857 0.0012
-26.866 -31.6343 -21.438 -26.8677 -31.6356 -21.4373 0.0023
-8.2215 -20.6375 -9.8078 -8.2214 -20.6388 -9.8058 0.0023
-21.7038 -10.671 -49.4911 -21.7042 -10.6702 -49.4888 0.0024
-27.1739 -30.5678 -18.089 -27.1722 -30.5634 -18.0907 0.0051
-11.4213 -25.1528 -40.7477 -11.4215 -25.1544 -40.7489 0.002
-8.9418 7.9444 31.6529 -8.9423 7.9448 31.6525 0.0008
4.8785 -12.2753 7.6576 4.878 -12.2757 7.6574 0.0007
7.3114 21.2638 40.0475 7.3131 21.2592 40.0467 0.005
35.4127 -4.5642 -11.0358 35.4096 -4.563 -11.0372 0.0037
19.1501 -16.6469 -13.87 19.1503 -16.6423 -13.8681 0.005
23.1814 13.1578 38.3012 23.1786 13.1561 38.3001 0.0035
21.5084 12.5806 50.5893 21.5045 12.5793 50.5879 0.0043
11.6714 -6.8604 24.988 11.6714 -6.8626 24.988 0.0022
19.8995 -11.2777 2.0429 19.8983 -11.2771 2.042 0.0016
35.978 7.7483 10.2315 35.9811 7.7482 10.2336 0.0038
-36.4191 -25.8624 -30.6785 -36.4204 -25.8621 -30.6785 0.0013
-35.967 2.7062 -15.4154 -35.9684 2.7082 -15.4149 0.0025
-27.9711 8.7523 -17.8506 -27.9704 8.7513 -17.8522 0.002
-6.4237 11.5495 45.9592 -6.421 11.5503 45.9583 0.0029
6.1267 20.0283 -3.6373 6.1269 20.0282 -3.6384 0.0011
22.3519 -9.0132 -23.7677 22.3528 -9.012 -23.7656 0.0026
20.728 11.1425 60.7032 20.7272 11.1427 60.7023 0.0012
-39.7353 -12.2087 -34.9315 -39.7302 -12.2067 -34.9326 0.0056
22.4982 -0.5887 37.7784 22.5017 -0.5908 37.7791 0.0042
-18.7692 -11.0459 -49.1709 -18.7699 -11.0461 -49.1701 0.0011
-9.4853 1.0518 21.4177 -9.4849 1.0527 21.417 0.0011
-36.68 -20.8445 -38.8231 -36.6786 -20.8425 -38.8218 0.0028
23.8331 19.0754 21.9706 23.8353 19.0766 21.9702 0.0025
-19.4855 -32.2391 -22.7634 -19.4862 -32.2421 -22.7629 0.0031
18.3235 23.9881 15.2785 18.3249 23.9898 15.278 0.0023
30.3294 16.6496 12.5617 30.3327 16.6508 12.5624 0.0035
21.4143 -0.488 44.7328 21.4134 -0.4875 44.7322 0.0012
16.6027 -6.1939 25.6237 16.6024 -6.1937 25.6233 0.0005
6.5394 -6.8633 38.2806 6.5394 -6.8661 38.2803 0.0028
0.7168 -18.9003 -13.4772 0.7152 -18.8941 -13.4774 0.0065
25.9623 -7.6036 8.1067 25.9613 -7.5968 8.1037 0.0076
24.398 24.6682 -0.2989 24.4 24.6698 -0.2997 0.0027
-6.0353 -7.9945 17.4538 -6.0378 -7.9962 17.4542 0.0031
-26.5269 -23.03 -44.2012 -26.5276 -23.0291 -44.2003 0.0015
10.8995 5.4376 62.9135 10.8995 5.4386 62.9183 0.0048
11.9359 20.5353 -15.3348 11.9336 20.5354 -15.3361 0.0027
22.2097 14.7481 39.0195 22.2072 14.7464 39.0185 0.0032
31.0361 14.4019 13.5544 31.0378 14.4016 13.5546 0.0017
-17.4659 1.2106 -45.571 -17.4655 1.2071 -45.5674 0.005
12.0084 17.6783 -27.5479 12.0093 17.6774 -27.5487 0.0015
12.8458 16.4248 -29.0174 12.8475 16.4242 -29.018 0.0019
-33.4014 -24.4667 -14.0554 -33.4044 -24.4683 -14.0537 0.0038
10.0871 25.4899 12.116 10.0875 25.4873 12.1145 0.0031
24.9145 13.03 -29.7168 24.9168 13.0312 -29.7203 0.0044
17.2352 -5.7668 27.9086 17.2359 -5.7699 27.9082 0.0032
21.208 -5.7755 20.5592 21.2063 -5.7715 20.5584 0.0045
-2.24 16.0995 6.4933 -2.243 16.1033 6.4907 0.0055
23.5442 8.2863 -30.367 23.5456 8.2848 -30.3652 0.0028
34.7353 -3.8894 -2.0635 34.733 -3.8887 -2.064 0.0024
-2.5681 18.2641 45.1812 -2.5668 18.2635 45.1797 0.002
-33.2361 -6.4168 -45.3267 -33.2336 -6.4184 -45.3223 0.0053
-8.9341 -28.3264 -31.6703 -8.9329 -28.3302 -31.6707 0.004
13.8885 4.3263 63.0632 13.8882 4.3272 63.0664 0.0034
22.6411 -15.7896 -9.7852 22.6393 -15.7892 -9.7855 0.0019
14.9204 11.1154 -17.1801 14.919 11.1142 -17.1812 0.0021
25.504 -10.8318 -0.8498 25.5025 -10.8237 -0.8546 0.0095
-7.6909 7.3945 36.7714 -7.6948 7.3947 36.7719 0.004
10.7685 23.8822 -7.2303 10.7657 23.8849 -7.2331 0.0048
8.0004 21.6606 -5.7224 7.9985 21.662 -5.7248 0.0034
30.6327 -8.7042 -1.3568 30.6312 -8.7037 -1.3574 0.0016
-12.0066 5.4684 7.6102 -12.004 5.4672 7.6095 0.003
23.1222 2.1094 41.9747 23.1251 2.1084 41.9747 0.003
21.1703 24.8635 -19.9928 21.1711 24.8623 -19.9937 0.0017
26.3782 -2.3069 22.044 26.3756 -2.3055 22.0427 0.0032
-5.6828 11.0357 56.7998 -5.6758 11.0337 56.7995 0.0072
3.7272 0.9085 -22.4423 3.7252 0.906 -22.4384 0.005
-29.5559 7.2626 -15.8857 -29.5557 7.2634 -15.8863 0.001
15.4507 -17.6935 -8.1521 15.4511 -17.6886 -8.1516 0.005
-3.7261 -3.9805 50.5843 -3.7338 -3.9856 50.5855 0.0093
13.243 23.657 22.5133 13.2436 23.6541 22.5119 0.0033
-34.5137 1.7449 -13.1332 -34.5158 1.7472 -13.1316 0.0035
18.1723 -11.6502 3.1806 18.1727 -11.6522 3.1812 0.0022
-22.5547 11.2823 -32.6837 -22.5538 11.2799 -32.6836 0.0025
29.3901 20.9773 -17.5228 29.3936 20.9786 -17.5244 0.0041
-5.2139 4.9438 -26.2836 -5.2157 4.9412 -26.2831 0.0031
18.3824 -6.4698 19.6225 18.3831 -6.4758 19.6227 0.006
11.6446 -7.1703 22.3531 11.644 -7.1675 22.3525 0.0029
-25.3309 6.0846 -40.7998 -25.3298 6.0822 -40.7979 0.0032
10.4995 14.5369 -10.6082 10.5016 14.5359 -10.607 0.0026
7.3789 11.6474 63.2431 7.379 11.6488 63.2492 0.0063
-24.3738 3.1948 -43.8026 -24.3726 3.1915 -43.7989 0.0052
-35.8674 3.3688 -15.9625 -35.863 3.3662 -15.9665 0.0065
