15 PA3-C-Debug-Answer.txt 0
   -6.63   -11.23   -45.62        -7.43   -11.13   -44.72     1.207
    1.27    20.51    40.69         1.26    20.57    40.70     0.063
    9.17    -6.25    41.39         9.21    -6.57    41.38     0.322
   33.32    10.73   -22.81        33.24    10.71   -22.77     0.090
   19.81    17.70    33.46        20.99    18.41    33.83     1.426
   27.52    -8.18     6.20        27.51    -8.15     6.19     0.030
   -8.78     6.25    46.45        -6.95     6.25    46.40     1.823
   27.63   -11.80   -12.06        27.82   -12.02   -12.00     0.298
  -18.02   -16.25   -49.99       -18.33   -15.50   -48.29     1.888
  -38.99     4.33   -25.80       -38.55     3.93   -25.86     0.594
    9.98    18.35    60.86         9.67    18.97    61.32     0.835
  -26.59   -31.38   -34.64       -26.46   -30.85   -34.35     0.620
    2.61   -16.25   -23.47         2.67   -16.29   -23.50     0.085
   15.07     6.58   -21.16        16.00     6.31   -20.38     1.243
   20.79    17.23    30.85        21.73    18.22    31.02     1.379
