15 PA3-D-Debug-Output.txt 0
  -26.32   -16.09   -49.89       -25.76   -15.84   -47.78     2.205
   33.13    14.14   -13.38        34.70    14.85   -13.98     1.823
   31.72     5.52   -25.27        32.30     5.47   -25.60     0.667
    2.86   -10.66    14.82         2.85   -10.60    14.81     0.063
  -30.75   -22.21   -10.13       -30.99   -22.54    -9.82     0.506
   12.43    -9.53    12.14        12.41    -9.44    12.10     0.097
  -15.02    17.93    34.51       -14.08    17.72    33.94     1.111
   -2.19   -17.52    -6.99        -2.22   -17.14    -7.17     0.426
   -8.48   -27.26   -37.97        -9.17   -26.22   -37.33     1.406
  -11.52     6.43    49.44        -7.16     5.88    49.69     4.396
   -9.59   -27.55   -18.09        -9.47   -27.78   -18.03     0.265
  -44.22   -10.73   -23.83       -43.90   -10.68   -23.92     0.334
   15.42    19.93    35.51        15.45    21.76    36.08     1.922
   -5.15   -18.60    -8.50        -5.19   -18.18    -8.69     0.470
    3.34    22.29    27.79         3.46    23.18    27.92     0.902
