75 PA4-B-Demo-Fast-Output.txt 0
   -7.40    13.04     9.67        -7.40    13.04     9.67     0.000
   -5.84    11.74    48.65        -5.84    11.74    48.65     0.000
   27.57     8.36    25.49        27.57     8.36    25.49     0.000
  -33.70   -15.49   -45.20       -33.70   -15.49   -45.20     0.000
    2.30    -6.97    37.64         2.30    -6.97    37.64     0.000
   27.32   -10.85    -1.45        27.32   -10.85    -1.45     0.000
   -4.09    15.80     8.71        -4.09    15.80     8.71     0.000
   -3.60     1.81   -27.91        -3.60     1.81   -27.91     0.000
   -6.77     7.62    48.23        -6.77     7.62    48.23     0.000
    7.21    10.89    63.28         7.21    10.89    63.28     0.000
   29.05     3.19    21.36        29.05     3.19    21.36     0.000
   -8.10    -7.05    13.84        -8.10    -7.05    13.84     0.000
   -4.60    -6.92   -41.29        -4.60    -6.92   -41.29     0.000
  -34.45     4.76   -36.11       -34.45     4.76   -36.11     0.000
    8.54     8.20    63.07         8.54     8.20    63.07     0.000
  -28.52   -21.45    -7.84       -28.52   -21.45    -7.84     0.000
   31.52    17.07   -19.16        31.52    17.07   -19.16     0.000
  -34.19   -21.42   -11.70       -34.19   -21.42   -11.70     0.000
  -21.60     5.61   -41.65       -21.60     5.61   -41.65     0.000
    8.53   -11.70   -21.20         8.53   -11.70   -21.20     0.000
   22.92    -1.86    33.12        22.92    -1.86    33.12     0.000
  -12.05     9.65   -27.44       -12.05     9.65   -27.44     0.000
  -11.44     8.67   -32.90       -11.44     8.67   -32.90     0.000
  -21.27     2.32   -10.89       -21.27     2.32   -10.89     0.000
   36.16    12.71   -12.04        36.16    12.71   -12.04     0.000
  -34.28   -20.16   -10.89       -34.28   -20.16   -10.89     0.000
    5.48    23.53     4.16         5.48    23.53     4.16     0.000
   -6.77   -25.15   -35.94        -6.77   -25.15   -35.94     0.000
   17.00    -3.96    51.23        17.00    -3.96    51.23     0.000
  -14.55    13.11    31.00       -14.55    13.11    31.00     0.000
   31.15     8.34    17.12        31.15     8.34    17.12     0.000
  -16.19     1.54    -0.49       -16.19     1.54    -0.49     0.000
  -32.07   -25.30   -13.89       -32.07   -25.30   -13.89     0.000
   27.31    -7.41     8.36        27.31    -7.41     8.36     0.000
   -8.91   -11.42   -46.01        -8.91   -11.42   -46.01     0.000
   28.23    -7.06     9.10        28.23    -7.06     9.10     0.000
    1.91    -6.99    37.02         1.91    -6.99    37.02     0.000
   -8.31   -22.35   -11.56        -8.31   -22.35   -11.56     0.000
   -7.74    -4.27    22.92        -7.74    -4.27    22.92     0.000
   -6.03     2.73    61.94        -6.03     2.73    61.94     0.000
   -8.92    12.55    11.60        -8.92    12.55    11.60     0.000
  -43.66    -5.13   -25.67       -43.66    -5.13   -25.67     0.000
  -12.72    -4.33     7.73       -12.72    -4.33     7.73     0.000
   14.82    26.83    -4.04        14.82    26.83    -4.04     0.000
   32.61    -6.67    -2.40        32.61    -6.67    -2.40     0.000
   14.94    24.54    15.84        14.94    24.54    15.84     0.000
  -42.89    -3.91   -29.65       -42.89    -3.91   -29.65     0.000
   12.41    14.76   -12.33        12.41    14.76   -12.33     0.000
   32.60    13.35   -21.82        32.60    13.35   -21.82     0.000
   -7.77   -27.94   -29.57        -7.77   -27.94   -29.57     0.000
  -34.09     4.10   -37.41       -34.09     4.10   -37.41     0.000
   11.75    22.66    29.66        11.75    22.66    29.66     0.000
   17.61    -3.05    53.29        17.61    -3.05    53.29     0.000
   22.03     2.06    47.70        22.03     2.06    47.70     0.000
   11.17   -13.31   -17.90        11.17   -13.31   -17.90     0.000
  -27.46     3.41   -42.54       -27.46     3.41   -42.54     0.000
   -1.90   -16.99   -36.98        -1.90   -16.99   -36.98     0.000
   -5.92   -18.76   -41.29        -5.92   -18.76   -41.29     0.000
   38.37    -0.04     6.58        38.37    -0.04     6.58     0.000
   24.03    17.78    24.62        24.03    17.78    24.62     0.000
  -36.11   -24.49   -17.53       -36.11   -24.49   -17.53     0.000
    4.75    17.30    -2.80         4.75    17.30    -2.80     0.000
  -20.73   -24.36    -9.11       -20.73   -24.36    -9.11     0.000
   36.53     2.42    10.59        36.53     2.42    10.59     0.000
  -12.98    -0.38     9.61       -12.98    -0.38     9.61     0.000
    7.40    20.34    -5.87         7.40    20.34    -5.87     0.000
  -15.52   -16.45   -47.44       -15.52   -16.45   -47.44     0.000
   -1.06   -20.00   -32.87        -1.06   -20.00   -32.87     0.000
   12.69    21.94    44.82        12.69    21.94    44.82     0.000
  -15.32    20.91    24.08       -15.32    20.91    24.08     0.000
  -11.04     6.81     5.41       -11.04     6.81     5.41     0.000
  -25.01    11.30   -22.32       -25.01    11.30   -22.32     0.000
   -6.52   -27.50   -27.32        -6.52   -27.50   -27.32     0.000
  -35.86    -9.90   -44.42       -35.86    -9.90   -44.42     0.000
  -35.15   -22.63   -39.15       -35.15   -22.63   -39.15     0.000
