75 PA4-A-Debug-Answer.txt 0
   -4.77    20.38    13.36        -4.77    20.38    13.36     0.000
   -6.13    17.36    12.30        -6.13    17.36    12.30     0.000
   -0.25     4.91   -21.88        -0.25     4.91   -21.88     0.000
  -30.48   -21.34   -44.17       -30.48   -21.34   -44.17     0.000
   13.62    15.10   -16.42        13.62    15.10   -16.42     0.000
   24.37    14.77    29.17        24.37    14.77    29.17     0.000
    1.85    22.90    11.21         1.85    22.90    11.21     0.000
   26.14    -9.23     3.20        26.14    -9.23     3.20     0.000
    1.28    -3.92   -26.18         1.28    -3.92   -26.18     0.000
   -5.97     0.12    51.09        -5.97     0.12    51.09     0.000
   23.24    15.57    32.08        23.24    15.57    32.08     0.000
  -29.31     4.93   -40.32       -29.31     4.93   -40.32     0.000
   -5.29    24.20    30.19        -5.29    24.20    30.19     0.000
    7.58    23.72    22.85         7.58    23.72    22.85     0.000
  -19.83     2.41    -9.82       -19.83     2.41    -9.82     0.000
   21.00   -16.87   -10.54        21.00   -16.87   -10.54     0.000
   -8.02    -0.58    26.40        -8.02    -0.58    26.40     0.000
   15.84   -12.66     3.37        15.84   -12.66     3.37     0.000
   23.61     8.87    42.85        23.61     8.87    42.85     0.000
  -43.55   -14.44   -26.35       -43.55   -14.44   -26.35     0.000
  -40.59     0.90   -28.05       -40.59     0.90   -28.05     0.000
   -8.14     6.74    32.84        -8.14     6.74    32.84     0.000
  -15.39   -31.25   -32.32       -15.39   -31.25   -32.32     0.000
  -32.82   -15.01    -7.88       -32.82   -15.01    -7.88     0.000
   35.18    14.98    -3.19        35.18    14.98    -3.19     0.000
   -5.68     0.10    62.16        -5.68     0.10    62.16     0.000
   20.84    -4.75    26.74        20.84    -4.75    26.74     0.000
    0.66     1.72   -24.02         0.66     1.72   -24.02     0.000
    2.65    18.62    55.55         2.65    18.62    55.55     0.000
   38.50     3.31   -12.27        38.50     3.31   -12.27     0.000
   -8.57   -20.68    -9.69        -8.57   -20.68    -9.69     0.000
  -39.62   -20.68   -33.04       -39.62   -20.68   -33.04     0.000
   22.16    10.02    51.79        22.16    10.02    51.79     0.000
  -14.83    11.11   -28.65       -14.83    11.11   -28.65     0.000
   28.20    11.29    21.30        28.20    11.29    21.30     0.000
   14.51   -16.64   -11.29        14.51   -16.64   -11.29     0.000
   -6.86     3.24    36.91        -6.86     3.24    36.91     0.000
    0.01    17.10    59.60         0.01    17.10    59.60     0.000
   -8.18     8.20   -14.13        -8.18     8.20   -14.13     0.000
  -22.85     3.75   -13.33       -22.85     3.75   -13.33     0.000
   32.32     6.64   -25.70        32.32     6.64   -25.70     0.000
   21.06    11.52    58.07        21.06    11.52    58.07     0.000
    2.53    18.28     2.47         2.53    18.28     2.47     0.000
   -9.78     7.20    -7.63        -9.78     7.20    -7.63     0.000
   21.26    10.29    58.91        21.26    10.29    58.91     0.000
   21.12    10.60    59.50        21.12    10.60    59.50     0.000
   36.17    -2.81    -6.48        36.17    -2.81    -6.48     0.000
    9.02    18.60    -9.52         9.02    18.60    -9.52     0.000
  -40.84   -14.75   -16.23       -40.84   -14.75   -16.23     0.000
   14.29    19.73    56.64        14.29    19.73    56.64     0.000
  -33.14     8.08   -29.68       -33.14     8.08   -29.68     0.000
    5.61    24.53     7.34         5.61    24.53     7.34     0.000
   -7.32   -24.68   -37.31        -7.32   -24.68   -37.31     0.000
  -13.15   -21.49   -44.18       -13.15   -21.49   -44.18     0.000
  -15.68     9.61   -36.39       -15.68     9.61   -36.39     0.000
  -14.85    21.55    27.19       -14.85    21.55    27.19     0.000
  -19.12    11.26   -33.73       -19.12    11.26   -33.73     0.000
   12.92    23.69   -12.04        12.92    23.69   -12.04     0.000
   -0.16   -11.26   -31.45        -0.16   -11.26   -31.45     0.000
   31.33    19.54    -2.82        31.33    19.54    -2.82     0.000
  -43.87   -10.51   -23.71       -43.87   -10.51   -23.71     0.000
  -34.19   -20.25   -10.87       -34.19   -20.25   -10.87     0.000
   31.20    -6.14   -23.42        31.20    -6.14   -23.42     0.000
  -10.47   -11.01   -46.94       -10.47   -11.01   -46.94     0.000
  -20.51   -11.19   -49.51       -20.51   -11.19   -49.51     0.000
  -27.32     4.98   -14.27       -27.32     4.98   -14.27     0.000
   38.28     0.24     7.10        38.28     0.24     7.10     0.000
   34.12     0.15   -22.55        34.12     0.15   -22.55     0.000
    1.16    18.90    49.08         1.16    18.90    49.08     0.000
   22.46   -12.81   -20.85        22.46   -12.81   -20.85     0.000
   -3.74   -16.94   -39.63        -3.74   -16.94   -39.63     0.000
   -6.15    15.37    10.87        -6.15    15.37    10.87     0.000
   15.42    11.28    63.18        15.42    11.28    63.18     0.000
   26.21     6.50    30.85        26.21     6.50    30.85     0.000
  -39.69     2.11   -29.52       -39.69     2.11   -29.52     0.000
