200 PA4-E-Debug-Answer.txt 0
   -1.55    23.95    21.65        -1.55    24.11    21.64     0.162
  -16.95     6.18   -13.18       -16.94     6.15   -13.21     0.040
    6.55    16.60    -5.98         6.52    16.62    -6.00     0.043
   11.13    -6.57    56.96        11.13    -6.57    56.97     0.004
    5.11     7.49    63.35         5.10     7.49    63.34     0.015
   32.23    13.87    12.45        32.21    13.86    12.44     0.025
    5.12    15.56    63.13         5.12    15.56    63.14     0.010
    4.25    -7.13    39.31         4.25    -7.03    39.31     0.101
   31.01    16.73    11.55        31.00    16.72    11.54     0.018
   11.66    21.95    36.20        11.67    21.95    36.20     0.007
  -14.74    13.50    19.91       -14.74    13.50    19.91     0.002
   -4.55    13.31     5.65        -4.50    13.24     5.68     0.089
  -31.40   -29.69   -31.77       -31.35   -29.59   -31.76     0.111
  -10.91    23.08    19.99       -10.93    23.13    19.95     0.069
   -2.87    15.04    57.42        -2.92    15.10    57.42     0.082
   16.89    -3.76    52.29        16.99    -3.87    52.30     0.142
   -8.81   -22.86   -11.96        -8.79   -22.89   -11.94     0.043
  -34.53   -27.57   -21.46       -34.47   -27.50   -21.48     0.088
  -28.81   -17.63    -7.38       -28.81   -17.63    -7.36     0.017
    7.61    22.62    -3.78         7.71    22.56    -3.74     0.125
   -0.18    -8.17    26.28        -0.19    -8.31    26.32     0.143
   17.66    18.94    46.16        17.70    18.99    46.18     0.069
  -38.24   -17.06   -13.22       -38.25   -17.07   -13.21     0.021
   -2.58   -20.08   -35.89        -2.65   -20.04   -35.85     0.091
  -33.69   -27.39   -34.40       -33.62   -27.29   -34.36     0.127
   26.70    -1.41   -28.47        26.73    -1.38   -28.41     0.071
   14.13    22.58    32.44        14.13    22.55    32.44     0.030
   20.16    23.50    14.62        20.19    23.57    14.63     0.078
   30.41    19.62   -17.57        30.49    19.67   -17.60     0.097
    3.44   -16.97    -8.59         3.43   -16.95    -8.60     0.029
   -0.81   -19.92   -31.57        -0.83   -19.91   -31.57     0.018
   29.60    21.25    -5.16        29.56    21.20    -5.16     0.064
   37.05    10.60     8.10        36.97    10.59     8.03     0.105
   -1.92    -7.85    28.93        -1.89    -7.64    28.88     0.210
   34.78    15.74    -8.85        34.82    15.78    -8.84     0.058
   13.06    -5.90    56.20        13.08    -5.94    56.20     0.049
   15.26    25.62    11.39        15.26    25.61    11.38     0.015
   -7.64    -7.83    12.77        -7.61    -7.79    12.76     0.056
   -6.16   -21.18   -11.53        -6.16   -21.17   -11.54     0.009
   39.65     1.91    -4.30        39.72     1.86    -4.29     0.082
  -39.94   -20.07   -18.16       -39.89   -20.05   -18.18     0.059
   -3.21   -20.67   -13.23        -3.23   -20.62   -13.25     0.063
   31.15    -5.11    11.64        31.17    -5.15    11.66     0.045
   -3.49   -22.45   -34.61        -3.45   -22.49   -34.64     0.062
   30.25    12.04    16.59        30.24    12.03    16.58     0.007
    2.73     8.64   -15.00         2.73     8.61   -14.99     0.031
  -17.57   -13.40   -48.76       -17.58   -13.39   -48.69     0.075
  -28.13   -12.29   -47.96       -28.11   -12.28   -47.91     0.051
  -10.47    -9.62     4.08       -10.48    -9.66     4.10     0.049
   18.19   -15.88   -15.35        18.20   -15.83   -15.33     0.052
    2.02    -6.95    53.01         2.03    -6.92    53.01     0.032
  -44.20    -6.71   -24.97       -43.98    -6.76   -24.92     0.228
   12.02   -13.47   -17.38        12.00   -13.42   -17.34     0.068
   -1.34    18.47    46.94        -1.28    18.34    46.91     0.148
  -11.36    -9.90     2.92       -11.36    -9.90     2.92     0.001
   15.94    24.63   -18.69        15.94    24.62   -18.69     0.003
   -7.57    21.84    35.86        -7.57    21.85    35.87     0.015
   15.30     7.68    63.17        15.30     7.68    63.15     0.015
   -6.45   -21.34   -39.96        -6.51   -21.29   -39.91     0.087
   -7.69    17.89    13.69        -7.68    17.89    13.70     0.016
   17.30    17.19    59.58        17.25    17.12    59.57     0.084
  -10.86   -10.72   -47.08       -10.86   -10.72   -47.08     0.004
   29.67     3.68    20.33        29.60     3.68    20.29     0.078
   18.53   -12.42     0.99        18.56   -12.46     1.01     0.051
  -31.04     6.02   -38.33       -30.96     5.86   -38.26     0.190
  -36.16   -25.29   -18.75       -36.14   -25.27   -18.76     0.030
   21.54    25.48    -6.90        21.55    25.52    -6.91     0.038
   21.03     1.44    52.13        21.12     1.40    52.15     0.100
   22.33    23.51    11.83        22.29    23.42    11.81     0.106
   -5.89    -4.69    28.09        -5.97    -4.78    28.09     0.122
   -0.43    17.45    53.41        -0.47    17.52    53.42     0.082
    1.47    -6.85    52.94         1.47    -6.84    52.94     0.006
   19.81   -16.35    -5.56        19.81   -16.35    -5.56     0.003
    1.01   -11.67     7.86         1.01   -11.68     7.86     0.010
   -0.44    -6.09    44.96        -0.47    -6.15    44.96     0.063
    7.94    19.64    60.61         7.92    19.54    60.53     0.134
   11.83    -7.82    17.99        11.83    -7.82    17.99     0.002
    7.88    -7.54    21.50         7.93    -7.75    21.53     0.213
  -38.72     2.71   -31.69       -38.64     2.63   -31.65     0.116
  -39.29   -18.48   -35.72       -39.30   -18.48   -35.73     0.011
    0.14    -6.66    60.33         0.16    -6.61    60.34     0.060
  -22.82     9.69   -18.30       -22.82     9.71   -18.28     0.030
   34.60    -4.80     5.09        34.65    -4.86     5.09     0.078
   19.18   -10.67   -20.93        19.21   -10.65   -20.90     0.046
  -40.96    -3.28   -17.20       -40.97    -3.28   -17.19     0.014
   12.61    22.12   -18.23        12.63    22.12   -18.22     0.018
  -21.40    -4.84   -48.16       -21.38    -4.87   -48.11     0.061
   19.00    16.52    51.67        18.97    16.49    51.67     0.043
  -37.12    -6.71   -42.27       -37.13    -6.71   -42.28     0.011
   -6.05   -10.70     6.28        -6.07   -10.73     6.29     0.032
    3.74   -13.09   -24.41         3.71   -13.08   -24.39     0.044
  -15.51    -1.11     3.51       -15.51    -1.11     3.51     0.007
   38.76     6.13     7.39        38.76     6.13     7.39     0.003
  -28.66     7.65   -36.48       -28.69     7.73   -36.51     0.086
  -27.83   -18.62   -46.66       -27.82   -18.61   -46.64     0.026
  -19.72   -22.46    -8.14       -19.73   -22.42    -8.19     0.060
   36.93    13.21     2.85        36.99    13.25     2.85     0.071
    7.44   -15.27   -17.18         7.47   -15.32   -17.21     0.066
   -7.10    -6.37    20.15        -7.12    -6.39    20.15     0.026
   17.78    17.46   -30.57        17.78    17.47   -30.59     0.022
   30.31    13.73   -25.05        30.28    13.70   -25.03     0.046
   26.67    23.02   -10.38        26.79    23.20   -10.40     0.212
  -29.61     9.70   -21.43       -29.63     9.76   -21.41     0.062
   -5.42     8.73    62.30        -5.43     8.74    62.31     0.012
   33.97     8.90    11.92        34.11     8.93    12.02     0.178
   33.84    -6.65   -14.18        33.92    -6.70   -14.18     0.092
  -12.45   -27.63   -15.93       -12.45   -27.64   -15.92     0.013
   -7.60   -26.45   -18.57        -7.51   -26.54   -18.52     0.139
   -5.31    24.66    22.75        -5.32    24.62    22.76     0.041
  -16.17     0.82   -45.68       -16.14     0.86   -45.73     0.068
  -18.13    -2.57    -0.82       -18.09    -2.59    -0.84     0.049
   -1.47    -4.41   -29.76        -1.50    -4.42   -29.74     0.030
   -2.87    -4.60    60.95        -2.99    -4.72    60.95     0.172
   -7.45    -5.80    19.33        -7.59    -5.90    19.34     0.171
  -27.33   -31.59   -21.56       -27.32   -31.54   -21.57     0.056
  -19.67   -29.32   -38.67       -19.66   -29.34   -38.69     0.030
    7.84    20.57    45.10         7.83    20.67    45.11     0.102
   34.86    15.65   -10.75        34.89    15.67   -10.75     0.034
  -31.35    -8.42    -7.28       -31.36    -8.41    -7.28     0.013
  -41.77    -3.29   -18.31       -41.80    -3.27   -18.29     0.045
   -1.82   -17.31    -7.63        -1.82   -17.32    -7.62     0.011
    1.18    -7.16    56.40         1.25    -6.95    56.40     0.223
  -12.29     5.72    -2.90       -12.29     5.72    -2.90     0.008
  -16.04   -31.80   -22.97       -16.04   -31.78   -22.97     0.021
   22.90    17.29    28.85        23.01    17.37    28.87     0.136
   -0.11    -6.60    39.59        -0.09    -6.54    39.59     0.067
    9.68    -6.81    28.08         9.68    -6.84    28.09     0.037
   35.85    14.24    -3.35        35.88    14.27    -3.35     0.045
   21.03    10.81    59.71        21.01    10.80    59.71     0.016
   -6.39    10.55    46.88        -6.50    10.57    46.88     0.111
  -11.97    23.07    30.41       -12.02    23.13    30.45     0.087
  -17.52   -30.67   -35.51       -17.52   -30.67   -35.50     0.010
   -0.32   -14.99   -34.58        -0.38   -15.00   -34.57     0.065
  -30.50     6.80   -36.74       -30.54     6.85   -36.76     0.064
   14.24    19.48    58.54        14.24    19.48    58.54     0.002
  -25.94    -4.13   -47.37       -25.93    -4.11   -47.41     0.047
   -5.90     0.60    50.23        -6.10     0.53    50.23     0.214
   -8.52    15.80    13.42        -8.53    15.81    13.40     0.014
   20.51   -16.62    -6.50        20.44   -16.45    -6.56     0.199
   36.19    13.14   -10.16        36.25    13.18   -10.19     0.080
   -1.92   -17.91   -36.48        -1.93   -17.91   -36.47     0.018
   30.73     4.57   -28.00        30.74     4.58   -28.02     0.032
   11.21    -6.54    52.46        11.20    -6.51    52.46     0.031
   18.16    14.19    62.36        18.16    14.19    62.36     0.002
   28.17     0.33    21.44        28.20     0.31    21.45     0.040
   25.50    23.65     3.75        25.54    23.72     3.76     0.087
    4.02    -2.55    63.42         4.02    -2.55    63.36     0.056
   -1.04   -16.49   -35.83        -1.09   -16.47   -35.81     0.059
    6.22    -4.39   -23.14         6.22    -4.38   -23.14     0.004
  -13.05    -6.69   -47.74       -13.05    -6.69   -47.73     0.012
    6.48     6.61    63.14         6.48     6.61    63.16     0.021
   10.57    24.79    14.92        10.58    24.90    14.94     0.111
  -22.84   -11.45   -48.77       -22.83   -11.46   -48.80     0.029
   16.76    -4.64    49.19        16.58    -4.44    49.18     0.281
  -11.26    22.70    19.26       -11.20    22.61    19.35     0.138
    3.07    -7.26    56.00         3.07    -7.27    56.00     0.011
  -14.54   -23.76   -43.41       -14.54   -23.76   -43.41     0.001
   -6.38    15.52    43.22        -6.52    15.55    43.26     0.152
  -23.42     6.58   -40.91       -23.42     6.56   -40.89     0.029
   -7.84   -11.38   -45.04        -7.83   -11.38   -45.05     0.018
  -14.16     8.68   -37.01       -14.17     8.65   -37.00     0.028
   25.96   -12.13    -3.86        25.97   -12.14    -3.86     0.009
  -15.29     3.21    -4.48       -15.31     3.23    -4.48     0.027
   16.81    19.38    48.38        16.70    19.27    48.37     0.156
  -20.18    10.91   -34.98       -20.18    10.88   -34.96     0.037
   -2.88   -22.07   -16.94        -2.89   -22.06   -16.95     0.020
  -10.40    24.79    25.04       -10.40    24.79    25.04     0.001
   10.27    -6.70    54.94        10.29    -6.79    54.94     0.086
  -25.49     5.56   -41.16       -25.50     5.60   -41.20     0.055
   37.29    11.33    -8.40        37.32    11.34    -8.41     0.035
   14.04    22.39    33.91        14.04    22.42    33.91     0.032
    0.41   -14.48   -29.52         0.42   -14.48   -29.53     0.014
   12.18     3.02   -19.36        12.19     2.96   -19.27     0.103
   -0.37    23.72    26.19        -0.36    23.81    26.19     0.087
   35.86     6.69   -18.52        35.91     6.70   -18.54     0.059
   -2.33   -23.56   -28.58        -2.44   -23.45   -28.55     0.158
   -5.81   -19.25    -9.62        -5.83   -19.21    -9.67     0.067
   26.09    23.53    -8.06        26.12    23.62    -8.06     0.092
   14.76    27.04    -0.14        14.75    27.02    -0.14     0.022
    5.90   -14.39   -21.29         5.82   -14.31   -21.23     0.128
   28.02   -10.92    -8.80        27.99   -10.89    -8.81     0.049
  -10.52     9.74    32.15       -10.45     9.82    32.12     0.107
   -1.59    22.50    33.85        -1.61    22.39    33.81     0.113
    9.66    13.48   -10.21         9.65    13.49   -10.23     0.024
   -7.11   -23.86   -14.83        -7.11   -23.85   -14.83     0.014
   -6.24   -27.33   -25.10        -6.27   -27.28   -25.10     0.066
   34.81    14.15   -14.50        34.82    14.15   -14.51     0.006
    0.23    -4.75    63.45         0.23    -4.75    63.47     0.020
   12.31   -11.03   -19.74        12.34   -11.10   -19.81     0.104
    4.06    24.22    12.02         4.06    24.22    12.02     0.004
   -6.84     7.67    57.28        -6.88     7.68    57.27     0.041
   31.77    14.79    12.18        31.81    14.81    12.22     0.059
   -8.26    10.90     7.84        -8.19    10.82     7.87     0.114
   -3.76    10.36    -3.62        -3.79    10.42    -3.64     0.076
   19.52    17.42   -30.50        19.51    17.41   -30.48     0.028
   21.04   -13.13   -19.44        21.06   -13.10   -19.45     0.036
   -6.95   -21.69   -11.38        -7.02   -21.56   -11.46     0.175
  -35.80   -22.14   -14.00       -35.82   -22.16   -13.99     0.032
   25.69    -6.77    11.15        25.69    -6.71    11.13     0.061
   16.93    -3.62    56.72        16.82    -3.52    56.71     0.142
