200 PA4-D-Debug-Answer.txt 0
    4.64    10.64   -11.34         4.64    10.64   -11.34     0.000
  -33.65   -26.59   -17.16       -33.65   -26.59   -17.16     0.000
    3.95    19.37     0.63         3.95    19.37     0.63     0.000
  -14.55     6.26   -40.59       -14.55     6.26   -40.59     0.000
   16.82   -17.28    -6.21        16.82   -17.28    -6.21     0.000
   39.18     5.12    -9.55        39.18     5.12    -9.55     0.000
   39.66     7.81     0.29        39.66     7.81     0.29     0.000
   20.03   -13.50    -1.83        20.03   -13.50    -1.83     0.000
  -14.29    17.29    33.75       -14.29    17.29    33.75     0.000
  -29.72   -16.98    -7.53       -29.72   -16.98    -7.53     0.000
    4.37    20.27    43.60         4.37    20.27    43.60     0.000
   13.75    -6.59    25.25        13.75    -6.59    25.25     0.000
  -22.05   -32.76   -26.67       -22.05   -32.76   -26.67     0.000
   -3.94   -16.37   -40.14        -3.94   -16.37   -40.14     0.000
   27.67     8.16    25.23        27.67     8.16    25.23     0.000
   10.01    26.24     7.40        10.01    26.24     7.40     0.000
   11.28    -9.14    13.65        11.28    -9.14    13.65     0.000
   19.26   -17.38   -10.03        19.26   -17.38   -10.03     0.000
  -19.73   -20.87   -46.76       -19.73   -20.87   -46.76     0.000
    6.83    -7.51    25.61         6.83    -7.51    25.61     0.000
   36.10    -2.63    -4.28        36.10    -2.63    -4.28     0.000
  -21.47     8.10   -17.04       -21.47     8.10   -17.04     0.000
   29.48    16.16    14.34        29.48    16.16    14.34     0.000
   -8.55    -0.38    24.12        -8.55    -0.38    24.12     0.000
   -3.38    11.81    -0.52        -3.38    11.81    -0.52     0.000
   13.18    23.65    22.56        13.18    23.65    22.56     0.000
   33.59    13.30   -19.45        33.59    13.30   -19.45     0.000
   36.87    -1.15     8.87        36.87    -1.15     8.87     0.000
   -3.46   -11.58     5.54        -3.46   -11.58     5.54     0.000
   -7.83     8.18   -11.10        -7.83     8.18   -11.10     0.000
    0.37    -4.04   -26.95         0.37    -4.04   -26.95     0.000
   16.40    -0.62    62.96        16.40    -0.62    62.96     0.000
  -42.97    -7.32   -19.60       -42.97    -7.32   -19.60     0.000
   17.79    19.24   -30.11        17.79    19.24   -30.11     0.000
   12.80    24.97    -8.94        12.80    24.97    -8.94     0.000
   18.96    -9.65     6.47        18.96    -9.65     6.47     0.000
  -38.41    -0.35   -37.26       -38.41    -0.35   -37.26     0.000
  -18.01    -5.40    -1.22       -18.01    -5.40    -1.22     0.000
    8.41    -9.60   -22.51         8.41    -9.60   -22.51     0.000
  -38.67   -21.13   -34.74       -38.67   -21.13   -34.74     0.000
  -16.18   -22.87   -44.25       -16.18   -22.87   -44.25     0.000
   36.79    13.02    -4.14        36.79    13.02    -4.14     0.000
  -14.97     5.36   -41.71       -14.97     5.36   -41.71     0.000
  -22.84    -9.29    -4.68       -22.84    -9.29    -4.68     0.000
   -4.17    11.87     1.44        -4.17    11.87     1.44     0.000
  -29.70     5.16   -14.36       -29.70     5.16   -14.36     0.000
   19.19    -5.34    26.95        19.19    -5.34    26.95     0.000
  -33.03     2.64   -40.04       -33.03     2.64   -40.04     0.000
  -31.77     4.04   -39.60       -31.77     4.04   -39.60     0.000
   -5.35    23.12    33.61        -5.35    23.12    33.61     0.000
   31.54    14.78    12.62        31.54    14.78    12.62     0.000
   10.78    -6.33    36.71        10.78    -6.33    36.71     0.000
  -41.02   -15.67   -30.82       -41.02   -15.67   -30.82     0.000
    8.66    -6.88    49.41         8.66    -6.88    49.41     0.000
   16.11    24.46   -23.46        16.11    24.46   -23.46     0.000
   -4.53    18.37    42.17        -4.53    18.37    42.17     0.000
   14.84   -13.54   -17.19        14.84   -13.54   -17.19     0.000
    5.59    23.84    21.27         5.59    23.84    21.27     0.000
   -2.61    -5.49   -32.57        -2.61    -5.49   -32.57     0.000
   22.80    25.20     1.64        22.80    25.20     1.64     0.000
   13.67    26.45     8.85        13.67    26.45     8.85     0.000
  -27.41     3.47   -42.51       -27.41     3.47   -42.51     0.000
  -35.04     6.37   -30.97       -35.04     6.37   -30.97     0.000
   -8.09     7.96    -6.25        -8.09     7.96    -6.25     0.000
   -5.12    -3.94    34.15        -5.12    -3.94    34.15     0.000
    8.69   -14.73   -17.16         8.69   -14.73   -17.16     0.000
  -10.65   -26.65   -15.42       -10.65   -26.65   -15.42     0.000
   -0.23    18.53     6.36        -0.23    18.53     6.36     0.000
   30.45    -3.37    14.16        30.45    -3.37    14.16     0.000
   17.08    23.30   -26.84        17.08    23.30   -26.84     0.000
   28.73     7.16    22.41        28.73     7.16    22.41     0.000
   21.27     5.02    58.11        21.27     5.02    58.11     0.000
   -8.68   -26.10   -16.34        -8.68   -26.10   -16.34     0.000
   -1.06     9.59   -11.01        -1.06     9.59   -11.01     0.000
  -14.80   -10.92    -0.97       -14.80   -10.92    -0.97     0.000
   28.02    22.30   -15.81        28.02    22.30   -15.81     0.000
   -5.15    14.28     8.08        -5.15    14.28     8.08     0.000
  -16.61     7.30   -40.25       -16.61     7.30   -40.25     0.000
   30.20    20.69    -5.14        30.20    20.69    -5.14     0.000
    0.31   -19.79   -24.97         0.31   -19.79   -24.97     0.000
  -33.69   -15.34   -45.28       -33.69   -15.34   -45.28     0.000
   10.23   -10.64    10.49        10.23   -10.64    10.49     0.000
    1.23    -6.85    39.75         1.23    -6.85    39.75     0.000
  -29.87   -27.50   -38.10       -29.87   -27.50   -38.10     0.000
   12.54    -6.31    40.22        12.54    -6.31    40.22     0.000
   28.68   -11.00   -19.18        28.68   -11.00   -19.18     0.000
  -23.23   -21.22   -46.00       -23.23   -21.22   -46.00     0.000
  -37.72    -0.52   -38.48       -37.72    -0.52   -38.48     0.000
  -38.04   -19.86   -15.03       -38.04   -19.86   -15.03     0.000
   -6.96     6.86    49.26        -6.96     6.86    49.26     0.000
  -10.48    22.32    33.72       -10.48    22.32    33.72     0.000
  -34.21     5.29   -35.46       -34.21     5.29   -35.46     0.000
  -28.05   -22.78   -44.08       -28.05   -22.78   -44.08     0.000
  -14.47    -0.36   -45.85       -14.47    -0.36   -45.85     0.000
   -7.20     1.36    32.51        -7.20     1.36    32.51     0.000
  -10.18     8.00   -13.14       -10.18     8.00   -13.14     0.000
   18.21    24.00    15.41        18.21    24.00    15.41     0.000
   -9.71    -2.20    17.19        -9.71    -2.20    17.19     0.000
   33.42    16.62     7.17        33.42    16.62     7.17     0.000
    1.17    -6.41   -27.29         1.17    -6.41   -27.29     0.000
  -10.41    -8.32   -46.93       -10.41    -8.32   -46.93     0.000
   10.91    21.83    36.28        10.91    21.83    36.28     0.000
  -16.60   -30.56   -18.47       -16.60   -30.56   -18.47     0.000
  -37.44     0.00   -38.35       -37.44     0.00   -38.35     0.000
   -6.54    -8.19    15.02        -6.54    -8.19    15.02     0.000
   20.79    25.04   -19.74        20.79    25.04   -19.74     0.000
    7.20    20.59    44.74         7.20    20.59    44.74     0.000
   27.80    22.63    -4.31        27.80    22.63    -4.31     0.000
   12.15    17.31   -21.61        12.15    17.31   -21.61     0.000
  -13.53    -6.01   -47.70       -13.53    -6.01   -47.70     0.000
   26.12    -5.92    12.84        26.12    -5.92    12.84     0.000
   19.15    16.44    50.85        19.15    16.44    50.85     0.000
   23.19    23.85     8.39        23.19    23.85     8.39     0.000
    7.29    22.37    31.20         7.29    22.37    31.20     0.000
    6.96    -7.74    23.46         6.96    -7.74    23.46     0.000
   21.05    23.84   -24.12        21.05    23.84   -24.12     0.000
   20.24   -14.30   -17.45        20.24   -14.30   -17.45     0.000
   -4.88    21.87    15.59        -4.88    21.87    15.59     0.000
    5.03    -8.01    24.84         5.03    -8.01    24.84     0.000
   12.71    24.97    15.12        12.71    24.97    15.12     0.000
   19.21    22.81   -26.58        19.21    22.81   -26.58     0.000
   27.80    22.67    -8.44        27.80    22.67    -8.44     0.000
   -1.90   -18.37   -36.08        -1.90   -18.37   -36.08     0.000
  -21.99     8.14   -38.77       -21.99     8.14   -38.77     0.000
   26.95     4.08    27.75        26.95     4.08    27.75     0.000
   35.28    13.55     8.79        35.28    13.55     8.79     0.000
  -11.25    24.40    26.51       -11.25    24.40    26.51     0.000
   16.56    -7.91    13.82        16.56    -7.91    13.82     0.000
   34.95     3.55    12.26        34.95     3.55    12.26     0.000
  -22.75    -4.29    -6.29       -22.75    -4.29    -6.29     0.000
   -2.04     5.81   -21.66        -2.04     5.81   -21.66     0.000
   -4.11    -1.38   -34.52        -4.11    -1.38   -34.52     0.000
   21.37     5.09    57.40        21.37     5.09    57.40     0.000
   11.52    24.88    15.01        11.52    24.88    15.01     0.000
    0.07     7.53   -18.05         0.07     7.53   -18.05     0.000
  -37.78   -10.24   -10.54       -37.78   -10.24   -10.54     0.000
  -26.28     6.50   -15.30       -26.28     6.50   -15.30     0.000
  -43.34    -9.98   -21.21       -43.34    -9.98   -21.21     0.000
   18.02    16.67    56.59        18.02    16.67    56.59     0.000
   21.51    13.57   -30.49        21.51    13.57   -30.49     0.000
    3.32    20.19     2.64         3.32    20.19     2.64     0.000
   -7.39    -0.14    29.74        -7.39    -0.14    29.74     0.000
   -6.56     3.94   -30.90        -6.56     3.94   -30.90     0.000
  -22.11    -0.11   -46.44       -22.11    -0.11   -46.44     0.000
  -12.10    -5.03   -47.03       -12.10    -5.03   -47.03     0.000
  -18.08   -28.60   -39.24       -18.08   -28.60   -39.24     0.000
   -9.36    12.28    12.05        -9.36    12.28    12.05     0.000
   33.76    16.65   -11.89        33.76    16.65   -11.89     0.000
  -14.91    11.29   -27.84       -14.91    11.29   -27.84     0.000
    2.96   -11.78    10.06         2.96   -11.78    10.06     0.000
   18.89   -17.37   -11.76        18.89   -17.37   -11.76     0.000
   17.97     9.69    63.13        17.97     9.69    63.13     0.000
   35.75     5.22   -19.07        35.75     5.22   -19.07     0.000
   13.31    -0.22   -21.46        13.31    -0.22   -21.46     0.000
   18.57    25.84     7.37        18.57    25.84     7.37     0.000
   -6.37   -24.05   -36.84        -6.37   -24.05   -36.84     0.000
   -4.30    17.19    10.28        -4.30    17.19    10.28     0.000
    1.21    -7.02    62.22         1.21    -7.02    62.22     0.000
   34.95    -3.67    -3.59        34.95    -3.67    -3.59     0.000
    4.22    14.37    -5.63         4.22    14.37    -5.63     0.000
   -5.76     8.65   -11.27        -5.76     8.65   -11.27     0.000
    2.47    14.58    -3.14         2.47    14.58    -3.14     0.000
  -24.46   -30.92   -34.96       -24.46   -30.92   -34.96     0.000
   29.30    -0.04    18.89        29.30    -0.04    18.89     0.000
   17.79    24.70   -24.63        17.79    24.70   -24.63     0.000
  -21.85     5.63   -41.64       -21.85     5.63   -41.64     0.000
   39.69     4.52    -8.06        39.69     4.52    -8.06     0.000
   -7.14   -22.32   -12.62        -7.14   -22.32   -12.62     0.000
    0.05    21.23    37.61         0.05    21.23    37.61     0.000
   33.20    14.58    10.70        33.20    14.58    10.70     0.000
   25.64   -13.16    -9.01        25.64   -13.16    -9.01     0.000
   31.70    18.03   -16.43        31.70    18.03   -16.43     0.000
   34.08    -6.44   -15.10        34.08    -6.44   -15.10     0.000
  -33.71     2.18   -13.30       -33.71     2.18   -13.30     0.000
  -13.90   -23.74   -43.32       -13.90   -23.74   -43.32     0.000
   21.26    11.60    54.76        21.26    11.60    54.76     0.000
   -5.32   -11.63     4.35        -5.32   -11.63     4.35     0.000
   -6.62    -6.84    21.08        -6.62    -6.84    21.08     0.000
   -8.02     1.66   -39.45        -8.02     1.66   -39.45     0.000
   38.61     3.51   -12.00        38.61     3.51   -12.00     0.000
  -12.22     0.18   -44.17       -12.22     0.18   -44.17     0.000
   -6.30     9.63    55.95        -6.30     9.63    55.95     0.000
   -8.80     5.58    28.57        -8.80     5.58    28.57     0.000
   32.39    12.91    12.75        32.39    12.91    12.75     0.000
    3.07     5.37    63.50         3.07     5.37    63.50     0.000
    7.42   -16.19   -11.03         7.42   -16.19   -11.03     0.000
   34.64    -2.56    10.82        34.64    -2.56    10.82     0.000
   -4.22    11.03    -1.16        -4.22    11.03    -1.16     0.000
   -6.16    -0.50    38.38        -6.16    -0.50    38.38     0.000
    6.89     0.83    63.37         6.89     0.83    63.37     0.000
   -2.25    10.05    -7.46        -2.25    10.05    -7.46     0.000
    8.79    -9.43    14.67         8.79    -9.43    14.67     0.000
   -5.62    17.72    11.92        -5.62    17.72    11.92     0.000
  -20.30   -12.47   -49.39       -20.30   -12.47   -49.39     0.000
   14.49    12.82    63.13        14.49    12.82    63.13     0.000
  -10.54     2.81   -41.12       -10.54     2.81   -41.12     0.000
   -2.42    18.59    44.51        -2.42    18.59    44.51     0.000
   17.62    22.68    24.87        17.62    22.68    24.87     0.000
   28.82    21.18     7.90        28.82    21.18     7.90     0.000
   -7.11   -14.81    -2.73        -7.11   -14.81    -2.73     0.000
