200 PA4-F-Debug-Output.txt 0
   -3.42     4.75   -23.90        -3.43     4.73   -23.89     0.028
  -16.34    10.67   -34.00       -16.35    10.65   -33.99     0.029
    5.50    20.48    43.47         5.50    20.46    43.47     0.022
   11.73    25.79    11.49        11.73    25.80    11.50     0.011
  -27.20   -31.26   -32.86       -27.19   -31.24   -32.85     0.032
   10.93    17.66   -11.21        10.90    17.65   -11.23     0.038
   -9.97   -26.26   -15.43        -9.96   -26.27   -15.42     0.020
   -5.46    20.03    39.78        -5.43    19.88    39.71     0.165
   -6.26     9.79    50.51        -6.28     9.79    50.52     0.018
   -6.32    -1.75    36.16        -6.20    -1.73    36.14     0.122
  -10.54     7.05     3.05       -10.47     6.96     3.06     0.118
   -3.13   -18.78   -10.30        -3.13   -18.75   -10.31     0.026
  -38.26   -23.45   -32.02       -38.21   -23.43   -32.01     0.056
  -42.07   -11.27   -29.03       -42.08   -11.28   -29.04     0.015
   30.49    -2.74   -26.22        30.50    -2.73   -26.14     0.077
   -2.07    16.61    48.98        -2.14    16.68    49.04     0.115
    0.26    10.86    -7.78         0.28    10.82    -7.75     0.055
  -31.95    -3.35    -9.92       -31.94    -3.37    -9.97     0.065
   -9.01   -29.18   -28.17        -9.06   -29.10   -28.15     0.104
  -26.78    -0.18   -45.45       -26.82    -0.13   -45.53     0.106
  -14.93    12.84    29.79       -14.95    12.82    29.81     0.038
   -6.83     1.75    32.94        -7.18     1.72    32.98     0.350
    6.35    10.38   -12.07         6.35    10.34   -12.04     0.050
   21.29    -3.74   -24.67        21.30    -3.73   -24.65     0.026
   17.84    27.08    -1.26        17.83    27.03    -1.26     0.043
   20.23   -12.00   -20.84        20.26   -11.97   -20.82     0.055
   -1.97   -19.90   -34.88        -1.93   -19.94   -34.92     0.069
   -1.03   -15.28   -36.31        -1.16   -15.29   -36.23     0.149
   -0.58    -6.35    55.78        -0.52    -6.24    55.78     0.127
    0.06     0.38   -24.87         0.06     0.39   -24.87     0.004
    3.29    20.03     2.67         3.24    20.06     2.66     0.058
  -31.81   -26.90   -15.81       -31.81   -26.91   -15.80     0.019
   -2.01    -8.46   -32.85        -1.97    -8.45   -32.86     0.047
  -34.42     4.48   -36.84       -34.40     4.45   -36.81     0.047
   -6.79     1.91    39.65        -6.59     1.94    39.64     0.210
  -28.67   -17.74    -7.26       -28.66   -17.75    -7.34     0.073
   -3.01    -4.91   -35.55        -3.04    -4.92   -35.56     0.039
    1.90    -9.28    20.88         1.92    -9.36    20.90     0.093
   21.34   -14.05    -3.57        21.32   -14.02    -3.60     0.043
  -37.82   -24.10   -32.11       -37.75   -24.04   -32.09     0.087
  -27.74    11.11   -26.22       -27.75    11.13   -26.22     0.020
   18.12    -7.66    13.64        18.12    -7.66    13.64     0.002
   23.10    -1.23    33.89        23.16    -1.28    33.92     0.082
   35.30    -2.12   -19.12        35.31    -2.11   -19.12     0.012
   -0.28   -18.16   -31.63        -0.26   -18.16   -31.63     0.019
    8.46   -16.13    -7.14         8.46   -16.10    -7.14     0.034
   14.92    22.67    31.95        14.89    22.52    31.96     0.153
   32.94     7.91    14.14        32.89     7.90    14.12     0.050
  -36.59   -19.70   -12.47       -36.55   -19.69   -12.50     0.049
   37.26    12.95     3.65        37.21    12.93     3.65     0.050
   27.35    22.82    -9.65        27.37    22.86    -9.65     0.049
   -3.02    14.87    58.64        -3.03    14.87    58.64     0.008
   22.89     2.95   -28.86        22.92     2.99   -28.83     0.057
    3.13    -9.35    19.40         3.13    -9.33    19.40     0.023
    2.70   -12.34   -25.78         2.73   -12.34   -25.81     0.044
    5.98   -14.29   -20.75         6.05   -14.36   -20.80     0.117
   -8.06    20.90    36.88        -8.08    20.94    36.92     0.062
   27.11     3.68    26.81        27.19     3.67    26.84     0.090
    4.96    23.73     6.32         4.91    23.79     6.31     0.077
    7.21    23.00    28.41         7.21    22.90    28.39     0.102
   31.03    -8.54    -1.92        31.02    -8.52    -1.92     0.019
   23.49    -7.95     7.34        23.51    -8.02     7.36     0.082
  -13.52    16.76    17.81       -13.60    16.78    17.71     0.128
  -30.52   -17.47   -46.14       -30.53   -17.48   -46.16     0.022
   -4.94    10.75    -0.36        -4.91    10.71    -0.35     0.045
  -26.79    11.34   -24.74       -26.83    11.42   -24.73     0.087
    9.73    -6.92    24.64         9.75    -7.12    24.66     0.206
    6.22    20.29    44.39         6.19    20.45    44.41     0.167
  -31.07   -29.56   -32.63       -31.07   -29.57   -32.63     0.016
   -3.37    12.68     1.95        -3.35    12.64     1.96     0.051
   -3.56    -4.08    56.92        -3.53    -4.07    56.92     0.027
   -8.50   -28.73   -26.16        -8.41   -28.85   -26.14     0.152
   18.21    17.50    51.40        18.18    17.46    51.40     0.051
   -3.85   -24.81   -28.73        -3.80   -24.85   -28.74     0.064
  -23.72   -30.47   -16.50       -23.73   -30.39   -16.54     0.085
   36.01     5.65   -18.70        35.98     5.66   -18.69     0.034
   -1.06    -5.76    49.41        -1.02    -5.70    49.41     0.075
    3.40    13.57    63.05         3.40    13.58    63.15     0.094
  -40.78    -5.32   -35.69       -40.81    -5.33   -35.70     0.036
  -33.06   -27.72   -18.35       -33.01   -27.67   -18.37     0.078
   32.69     2.08    15.19        32.66     2.09    15.18     0.032
  -30.23    -8.73    -6.74       -30.23    -8.73    -6.74     0.004
   11.20    18.98   -13.51        11.23    19.00   -13.50     0.034
   16.45    -3.52    58.39        16.57    -3.64    58.40     0.171
  -19.01    11.50   -32.60       -19.01    11.52   -32.60     0.024
  -16.57    -1.28   -47.10       -16.57    -1.29   -47.07     0.030
  -15.39    -1.60     3.88       -15.42    -1.60     3.89     0.030
   -1.45    -5.71    54.36        -1.45    -5.73    54.36     0.019
   36.18    14.45     4.23        36.22    14.49     4.23     0.058
   -6.75     4.48    46.18        -6.78     4.47    46.18     0.034
   -5.72    16.67    43.73        -5.68    16.64    43.71     0.052
    3.60     4.94   -19.21         3.59     4.93   -19.20     0.014
    9.91    -3.93    63.38         9.91    -3.93    63.37     0.012
   -8.70     6.41   -34.03        -8.78     6.33   -33.99     0.115
   -3.88    -8.78    20.81        -3.92    -8.84    20.83     0.076
   22.82    11.03   -31.00        22.82    11.04   -31.01     0.015
  -24.97     3.43   -13.57       -24.97     3.43   -13.56     0.008
  -39.25    -2.38   -37.20       -39.34    -2.35   -37.25     0.106
   11.32    24.56    -7.15        11.33    24.55    -7.14     0.019
   17.17    -8.87   -21.51        17.15    -8.91   -21.56     0.066
  -41.08   -18.65   -19.76       -41.01   -18.63   -19.77     0.071
  -30.89     6.10   -38.05       -30.86     6.02   -38.01     0.088
   -3.45     4.64   -24.03        -3.44     4.65   -24.03     0.009
   -8.04     6.50   -28.24        -8.05     6.50   -28.23     0.007
   -7.94    21.70    16.60        -7.94    21.71    16.60     0.007
   -7.89     5.83   -30.83        -7.85     5.87   -30.83     0.051
   34.72     4.13   -21.83        34.62     4.14   -21.77     0.115
   10.58    -6.77    52.09        10.55    -6.65    52.10     0.130
  -10.26     6.80    -5.18       -10.31     6.87    -5.16     0.084
  -10.79   -23.53   -11.68       -10.80   -23.51   -11.72     0.042
   13.18   -17.23    -8.72        13.22   -17.13    -8.70     0.105
   33.96    12.92   -19.00        33.94    12.91   -19.00     0.023
   16.31     4.25    63.10        16.31     4.25    63.04     0.058
   21.58   -15.89   -15.37        21.55   -15.73   -15.36     0.162
  -11.32   -25.98   -40.05       -11.39   -25.85   -39.96     0.169
  -26.45   -22.84    -8.35       -26.43   -22.78    -8.40     0.077
  -28.11   -18.39    -7.24       -28.10   -18.40    -7.23     0.008
   23.30     5.25    45.55        23.10     5.29    45.52     0.207
  -35.70   -25.10   -35.04       -35.65   -25.05   -35.02     0.077
    6.03    -6.83    39.20         6.04    -6.91    39.20     0.082
  -10.24    -6.97     8.97       -10.18    -6.91     8.94     0.087
   14.47    -2.35    63.09        14.47    -2.35    63.09     0.008
   -6.75     8.32    -9.17        -6.76     8.38    -9.17     0.060
   25.65    21.12    13.49        25.66    21.15    13.50     0.032
   34.70    -4.78     4.85        34.72    -4.79     4.85     0.028
   23.11     5.16    45.95        23.00     5.18    45.93     0.109
   24.61    11.94    33.34        24.61    11.94    33.34     0.004
   -8.13     8.13   -21.61        -8.14     8.12   -21.60     0.020
  -22.61   -21.57   -45.99       -22.60   -21.55   -45.97     0.019
   10.63    22.63    31.30        10.63    22.44    31.29     0.182
    9.84    -6.50   -21.81         9.85    -6.50   -21.83     0.012
   -6.24     9.69    59.70        -6.37     9.73    59.70     0.137
  -15.59   -11.80    -2.53       -15.61   -11.84    -2.47     0.069
  -21.92    -6.33    -4.64       -21.93    -6.32    -4.62     0.028
  -14.60     4.89   -42.01       -14.61     4.87   -41.97     0.047
  -11.94     9.23   -29.16       -11.93     9.25   -29.17     0.022
   17.96    -7.50    14.03        17.98    -7.60    14.05     0.105
  -29.16     0.27   -44.23       -29.13     0.24   -44.17     0.076
  -12.25     9.33   -18.64       -12.26     9.30   -18.66     0.040
   -2.90    10.92    62.90        -2.88    10.90    62.85     0.066
  -12.17    20.91    18.31       -12.15    20.87    18.35     0.060
   -0.56     1.64   -24.72        -0.56     1.65   -24.72     0.003
  -39.62   -14.69   -37.37       -39.66   -14.69   -37.38     0.042
   13.21    10.60   -14.29        13.18    10.61   -14.31     0.040
  -10.81   -18.70   -44.97       -10.76   -18.73   -44.94     0.064
   23.48     8.00    44.04        23.48     8.00    44.04     0.002
   11.62    20.25   -14.51        11.66    20.23   -14.50     0.045
   10.61     2.72    63.05        10.61     2.72    63.06     0.013
  -20.88   -30.47   -36.83       -20.88   -30.46   -36.82     0.008
    3.99    -0.51    63.37         3.99    -0.51    63.34     0.036
  -37.64   -13.36   -42.32       -37.63   -13.36   -42.31     0.021
  -39.67   -13.28   -13.82       -39.65   -13.29   -13.83     0.023
   37.99    -0.99   -11.36        38.02    -1.00   -11.37     0.038
  -38.00     4.16   -28.80       -37.98     4.13   -28.79     0.029
  -35.24   -17.20    -9.94       -35.24   -17.21    -9.94     0.008
  -40.95   -19.77   -29.78       -40.91   -19.78   -29.77     0.032
   26.09    -2.04    23.80        26.01    -1.95    23.76     0.133
   -4.89    16.20     9.86        -4.87    16.18     9.88     0.034
   15.06    12.57    63.14        15.06    12.57    63.16     0.023
   24.82     6.62   -30.32        24.82     6.63   -30.33     0.013
   13.05     0.85    62.98        13.05     0.85    63.02     0.042
  -30.19   -11.45   -47.20       -30.20   -11.46   -47.24     0.045
   -4.96    -2.29    56.82        -4.96    -2.30    56.82     0.009
  -13.45    16.08    34.84       -13.41    16.10    34.80     0.065
   31.64    10.98    15.03        31.54    10.95    14.98     0.110
   27.58    13.16    21.84        27.50    13.14    21.82     0.089
   -7.50    15.26    12.43        -7.56    15.31    12.38     0.098
  -16.78     6.31   -13.36       -16.79     6.33   -13.34     0.027
  -42.70    -2.83   -26.23       -42.74    -2.82   -26.23     0.048
  -20.38   -31.94   -21.07       -20.37   -32.09   -21.05     0.152
    4.54    23.15    27.50         4.53    23.09    27.49     0.068
  -43.67   -11.20   -22.95       -43.62   -11.20   -22.96     0.047
   33.88     1.74    13.49        33.90     1.74    13.51     0.025
   -6.68     8.90    54.09        -6.52     8.85    54.09     0.164
  -25.52   -12.32   -48.36       -25.53   -12.32   -48.42     0.067
   22.02    19.87    26.32        21.95    19.82    26.30     0.088
  -14.88   -15.03   -47.92       -14.87   -15.03   -47.94     0.023
   22.22    20.59    22.70        22.16    20.52    22.68     0.096
    3.59    11.14   -10.21         3.60    11.11   -10.20     0.033
  -25.47    -4.86    -8.09       -25.51    -4.81    -8.02     0.089
  -14.45    11.58    23.19       -14.39    11.62    23.20     0.073
   10.57    24.74    15.78        10.57    24.78    15.79     0.046
   -8.92    25.01    24.49        -8.92    25.03    24.49     0.016
   -9.06     7.16   -31.57        -9.07     7.16   -31.57     0.012
   -7.91    15.49    40.23        -7.85    15.48    40.18     0.076
    0.43    12.49    -3.81         0.38    12.60    -3.85     0.121
    2.65   -15.72   -24.44         2.60   -15.69   -24.42     0.056
    8.11    20.41    54.85         8.09    20.45    54.86     0.040
   -6.03     2.01   -35.73        -6.04     2.01   -35.73     0.011
    6.18    22.66    29.53         6.18    22.68    29.54     0.025
    9.06    -6.72    45.90         9.05    -6.68    45.90     0.035
   32.50    -6.84     0.17        32.42    -6.74     0.16     0.135
  -18.81   -10.54    -2.92       -18.79   -10.53    -2.95     0.028
   25.35     4.41    33.40        25.46     4.41    33.42     0.113
  -35.42     6.65   -29.10       -35.38     6.59   -29.08     0.074
  -40.24   -19.47   -18.23       -40.19   -19.46   -18.25     0.053
   -3.58   -16.60   -39.85        -3.66   -16.55   -39.77     0.124
   27.42    -8.82     4.17        27.42    -8.85     4.18     0.027
    6.78    -1.09    63.28         6.78    -1.10    63.34     0.064
  -28.46   -28.03   -14.24       -28.46   -28.04   -14.23     0.018
