200 PA4-F-Debug-Answer.txt 0
   -3.41     4.77   -23.90        -3.44     4.74   -23.88     0.049
  -16.34    10.70   -34.00       -16.36    10.65   -33.98     0.057
    5.51    20.49    43.47         5.51    20.46    43.47     0.028
   11.74    25.80    11.50        11.74    25.80    11.49     0.005
  -27.20   -31.23   -32.87       -27.20   -31.22   -32.86     0.009
   10.93    17.68   -11.21        10.89    17.67   -11.24     0.048
   -9.97   -26.23   -15.44        -9.96   -26.26   -15.41     0.041
   -5.45    20.03    39.78        -5.42    19.88    39.71     0.172
   -6.25     9.80    50.51        -6.28     9.81    50.51     0.025
   -6.31    -1.74    36.15        -6.20    -1.72    36.14     0.111
  -10.54     7.07     3.05       -10.45     6.97     3.06     0.129
   -3.13   -18.75   -10.31        -3.13   -18.75   -10.31     0.002
  -38.26   -23.42   -32.03       -38.22   -23.40   -32.02     0.040
  -42.07   -11.24   -29.03       -42.09   -11.25   -29.05     0.025
   30.49    -2.71   -26.23        30.50    -2.72   -26.14     0.086
   -2.06    16.62    48.98        -2.13    16.69    49.04     0.117
    0.26    10.89    -7.78         0.29    10.82    -7.75     0.073
  -31.95    -3.32    -9.92       -31.93    -3.35    -9.98     0.071
   -9.00   -29.16   -28.18        -9.05   -29.09   -28.17     0.084
  -26.78    -0.15   -45.45       -26.81    -0.11   -45.52     0.089
  -14.92    12.85    29.79       -14.95    12.82    29.81     0.050
   -6.82     1.76    32.93        -7.18     1.73    32.97     0.360
    6.36    10.40   -12.07         6.36    10.34   -12.04     0.070
   21.29    -3.71   -24.68        21.31    -3.71   -24.65     0.029
   17.84    27.10    -1.26        17.83    27.03    -1.26     0.064
   20.23   -11.98   -20.85        20.26   -11.95   -20.83     0.046
   -1.97   -19.87   -34.89        -1.92   -19.92   -34.93     0.079
   -1.03   -15.25   -36.32        -1.16   -15.26   -36.23     0.157
   -0.57    -6.35    55.77        -0.52    -6.24    55.77     0.118
    0.06     0.41   -24.87         0.06     0.41   -24.86     0.006
    3.29    20.05     2.67         3.25    20.07     2.66     0.054
  -31.80   -26.87   -15.82       -31.82   -26.90   -15.79     0.042
   -2.01    -8.43   -32.86        -1.97    -8.42   -32.87     0.037
  -34.42     4.51   -36.84       -34.38     4.47   -36.80     0.063
   -6.78     1.92    39.65        -6.59     1.95    39.64     0.199
  -28.66   -17.72    -7.27       -28.66   -17.72    -7.34     0.068
   -3.00    -4.88   -35.56        -3.05    -4.90   -35.57     0.051
    1.90    -9.26    20.88         1.93    -9.36    20.90     0.106
   21.34   -14.03    -3.58        21.33   -14.01    -3.60     0.023
  -37.81   -24.07   -32.12       -37.76   -24.03   -32.10     0.070
  -27.74    11.14   -26.22       -27.73    11.13   -26.22     0.006
   18.12    -7.65    13.63        18.12    -7.66    13.63     0.016
   23.11    -1.22    33.89        23.17    -1.27    33.91     0.085
   35.30    -2.09   -19.13        35.31    -2.09   -19.13     0.012
   -0.28   -18.13   -31.64        -0.26   -18.14   -31.64     0.024
    8.46   -16.11    -7.15         8.46   -16.10    -7.15     0.012
   14.93    22.68    31.95        14.90    22.52    31.96     0.165
   32.94     7.92    14.14        32.90     7.91    14.11     0.055
  -36.59   -19.68   -12.48       -36.56   -19.66   -12.50     0.034
   37.26    12.96     3.65        37.21    12.93     3.65     0.064
   27.35    22.84    -9.65        27.37    22.86    -9.65     0.027
   -3.01    14.87    58.64        -3.02    14.88    58.64     0.012
   22.89     2.98   -28.87        22.92     3.00   -28.84     0.046
    3.14    -9.34    19.40         3.13    -9.33    19.39     0.010
    2.70   -12.31   -25.79         2.73   -12.31   -25.82     0.037
    5.98   -14.27   -20.76         6.06   -14.35   -20.81     0.128
   -8.06    20.91    36.89        -8.07    20.95    36.92     0.055
   27.12     3.69    26.81        27.20     3.68    26.83     0.085
    4.96    23.74     6.32         4.92    23.80     6.31     0.066
    7.22    23.01    28.41         7.22    22.90    28.39     0.113
   31.03    -8.52    -1.93        31.03    -8.52    -1.93     0.003
   23.50    -7.93     7.33        23.52    -8.02     7.36     0.099
  -13.52    16.78    17.82       -13.59    16.80    17.71     0.130
  -30.52   -17.44   -46.15       -30.53   -17.44   -46.17     0.028
   -4.93    10.77    -0.36        -4.90    10.72    -0.35     0.057
  -26.79    11.37   -24.74       -26.81    11.43   -24.73     0.062
    9.74    -6.91    24.63         9.76    -7.12    24.65     0.219
    6.23    20.30    44.39         6.20    20.45    44.40     0.162
  -31.06   -29.53   -32.64       -31.08   -29.56   -32.65     0.037
   -3.37    12.70     1.95        -3.33    12.65     1.96     0.063
   -3.54    -4.08    56.92        -3.53    -4.07    56.92     0.015
   -8.50   -28.70   -26.17        -8.40   -28.84   -26.15     0.174
   18.22    17.50    51.40        18.18    17.46    51.40     0.062
   -3.85   -24.78   -28.74        -3.79   -24.83   -28.76     0.080
  -23.72   -30.44   -16.51       -23.73   -30.39   -16.53     0.059
   36.01     5.68   -18.71        35.98     5.68   -18.70     0.034
   -1.05    -5.76    49.40        -1.02    -5.70    49.40     0.065
    3.41    13.58    63.05         3.42    13.58    63.15     0.094
  -40.78    -5.29   -35.69       -40.82    -5.30   -35.71     0.047
  -33.06   -27.70   -18.36       -33.03   -27.65   -18.38     0.055
   32.69     2.10    15.19        32.67     2.10    15.17     0.029
  -30.22    -8.71    -6.74       -30.23    -8.72    -6.75     0.018
   11.20    19.01   -13.51        11.22    19.01   -13.50     0.023
   16.46    -3.51    58.38        16.58    -3.63    58.39     0.165
  -19.01    11.53   -32.59       -19.01    11.52   -32.59     0.005
  -16.57    -1.24   -47.10       -16.58    -1.26   -47.06     0.045
  -15.39    -1.58     3.88       -15.42    -1.58     3.89     0.035
   -1.44    -5.71    54.35        -1.45    -5.73    54.35     0.027
   36.18    14.47     4.23        36.22    14.49     4.23     0.043
   -6.74     4.49    46.18        -6.78     4.48    46.18     0.044
   -5.71    16.68    43.74        -5.67    16.66    43.71     0.048
    3.60     4.96   -19.21         3.59     4.94   -19.19     0.034
    9.92    -3.93    63.38         9.92    -3.93    63.37     0.005
   -8.70     6.44   -34.03        -8.79     6.35   -33.98     0.136
   -3.87    -8.76    20.81        -3.92    -8.84    20.82     0.092
   22.82    11.06   -31.00        22.82    11.06   -31.01     0.013
  -24.97     3.45   -13.57       -24.97     3.45   -13.57     0.000
  -39.25    -2.35   -37.20       -39.34    -2.32   -37.24     0.098
   11.33    24.58    -7.15        11.35    24.57    -7.14     0.028
   17.17    -8.85   -21.52        17.15    -8.89   -21.58     0.077
  -41.07   -18.62   -19.76       -41.02   -18.60   -19.77     0.059
  -30.89     6.13   -38.04       -30.84     6.03   -38.00     0.113
   -3.44     4.67   -24.03        -3.45     4.66   -24.02     0.012
   -8.04     6.53   -28.24        -8.06     6.50   -28.23     0.029
   -7.93    21.72    16.60        -7.93    21.72    16.61     0.004
   -7.89     5.86   -30.83        -7.86     5.88   -30.83     0.030
   34.72     4.16   -21.83        34.62     4.15   -21.77     0.121
   10.59    -6.77    52.08        10.56    -6.65    52.09     0.128
  -10.26     6.82    -5.18       -10.30     6.88    -5.17     0.068
  -10.79   -23.51   -11.69       -10.79   -23.50   -11.71     0.024
   13.19   -17.20    -8.74        13.22   -17.13    -8.71     0.086
   33.96    12.94   -19.01        33.93    12.92   -19.00     0.038
   16.32     4.25    63.09        16.32     4.25    63.04     0.053
   21.58   -15.86   -15.38        21.55   -15.72   -15.37     0.140
  -11.32   -25.94   -40.06       -11.38   -25.83   -39.98     0.152
  -26.44   -22.81    -8.35       -26.44   -22.77    -8.39     0.055
  -28.10   -18.37    -7.24       -28.10   -18.37    -7.23     0.011
   23.31     5.25    45.55        23.10     5.30    45.51     0.215
  -35.70   -25.07   -35.05       -35.66   -25.03   -35.03     0.059
    6.04    -6.82    39.19         6.05    -6.91    39.19     0.090
  -10.23    -6.95     8.97       -10.19    -6.90     8.94     0.069
   14.48    -2.35    63.09        14.48    -2.35    63.09     0.001
   -6.74     8.35    -9.18        -6.75     8.38    -9.17     0.039
   25.65    21.14    13.49        25.66    21.15    13.49     0.015
   34.71    -4.76     4.84        34.73    -4.79     4.84     0.038
   23.12     5.16    45.94        23.00     5.19    45.92     0.116
   24.62    11.95    33.34        24.61    11.94    33.34     0.013
   -8.13     8.16   -21.61        -8.15     8.12   -21.61     0.043
  -22.61   -21.53   -46.00       -22.61   -21.53   -45.99     0.005
   10.64    22.64    31.30        10.64    22.44    31.29     0.192
    9.85    -6.48   -21.82         9.85    -6.48   -21.84     0.015
   -6.23     9.69    59.70        -6.37     9.74    59.69     0.147
  -15.58   -11.78    -2.53       -15.61   -11.83    -2.46     0.085
  -21.91    -6.31    -4.64       -21.93    -6.30    -4.63     0.025
  -14.60     4.93   -42.01       -14.62     4.89   -41.96     0.065
  -11.94     9.26   -29.16       -11.94     9.26   -29.16     0.003
   17.97    -7.48    14.02        17.99    -7.60    14.05     0.121
  -29.16     0.31   -44.23       -29.13     0.26   -44.16     0.093
  -12.25     9.36   -18.64       -12.26     9.30   -18.67     0.064
   -2.89    10.92    62.90        -2.87    10.91    62.85     0.061
  -12.16    20.92    18.31       -12.14    20.89    18.36     0.064
   -0.56     1.67   -24.73        -0.56     1.66   -24.71     0.016
  -39.62   -14.66   -37.37       -39.67   -14.66   -37.38     0.044
   13.21    10.62   -14.30        13.18    10.63   -14.31     0.035
  -10.81   -18.67   -44.97       -10.75   -18.72   -44.94     0.086
   23.49     8.01    44.03        23.48     8.01    44.03     0.012
   11.63    20.27   -14.51        11.67    20.25   -14.50     0.050
   10.62     2.72    63.04        10.62     2.72    63.06     0.017
  -20.88   -30.44   -36.84       -20.88   -30.45   -36.84     0.014
    4.00    -0.50    63.37         4.00    -0.50    63.34     0.030
  -37.64   -13.33   -42.32       -37.63   -13.32   -42.31     0.014
  -39.66   -13.26   -13.82       -39.65   -13.26   -13.83     0.014
   37.99    -0.97   -11.37        38.03    -0.99   -11.38     0.043
  -37.99     4.18   -28.79       -37.96     4.16   -28.79     0.045
  -35.24   -17.18    -9.94       -35.24   -17.18    -9.94     0.009
  -40.94   -19.74   -29.79       -40.92   -19.74   -29.78     0.030
   26.10    -2.03    23.79        26.01    -1.94    23.75     0.126
   -4.88    16.22     9.86        -4.86    16.19     9.88     0.041
   15.08    12.57    63.13        15.08    12.57    63.16     0.026
   24.82     6.65   -30.33        24.82     6.65   -30.33     0.007
   13.06     0.85    62.97        13.06     0.85    63.02     0.047
  -30.19   -11.42   -47.20       -30.20   -11.43   -47.24     0.045
   -4.95    -2.29    56.81        -4.96    -2.30    56.81     0.019
  -13.45    16.09    34.84       -13.41    16.11    34.81     0.056
   31.64    11.00    15.02        31.54    10.95    14.97     0.120
   27.59    13.17    21.84        27.50    13.15    21.81     0.098
   -7.49    15.27    12.44        -7.55    15.33    12.38     0.093
  -16.78     6.34   -13.36       -16.78     6.35   -13.35     0.011
  -42.70    -2.80   -26.23       -42.73    -2.79   -26.23     0.039
  -20.38   -31.91   -21.08       -20.38   -32.09   -21.06     0.180
    4.55    23.17    27.50         4.54    23.09    27.49     0.081
  -43.66   -11.17   -22.96       -43.62   -11.17   -22.97     0.042
   33.89     1.75    13.49        33.91     1.75    13.50     0.025
   -6.67     8.90    54.09        -6.52     8.87    54.09     0.154
  -25.52   -12.28   -48.36       -25.53   -12.28   -48.42     0.063
   22.03    19.88    26.32        21.95    19.82    26.29     0.100
  -14.88   -14.99   -47.93       -14.87   -15.00   -47.95     0.027
   22.23    20.60    22.70        22.16    20.52    22.67     0.111
    3.60    11.17   -10.21         3.61    11.12   -10.20     0.052
  -25.46    -4.83    -8.09       -25.50    -4.79    -8.03     0.080
  -14.44    11.60    23.19       -14.39    11.63    23.20     0.059
   10.58    24.75    15.78        10.58    24.78    15.79     0.030
   -8.91    25.02    24.49        -8.91    25.03    24.49     0.002
   -9.06     7.19   -31.57        -9.08     7.17   -31.57     0.032
   -7.90    15.49    40.24        -7.85    15.50    40.19     0.069
    0.43    12.51    -3.81         0.40    12.60    -3.84     0.104
    2.65   -15.69   -24.44         2.61   -15.67   -24.43     0.048
    8.12    20.42    54.85         8.11    20.45    54.86     0.039
   -6.03     2.04   -35.74        -6.05     2.03   -35.73     0.026
    6.19    22.67    29.53         6.19    22.68    29.53     0.013
    9.07    -6.71    45.89         9.06    -6.68    45.89     0.030
   32.51    -6.83     0.16        32.43    -6.73     0.16     0.123
  -18.80   -10.52    -2.93       -18.80   -10.51    -2.94     0.017
   25.36     4.43    33.39        25.47     4.42    33.42     0.106
  -35.42     6.68   -29.10       -35.36     6.60   -29.08     0.095
  -40.23   -19.44   -18.24       -40.20   -19.43   -18.25     0.039
   -3.58   -16.57   -39.86        -3.66   -16.53   -39.78     0.118
   27.42    -8.80     4.16        27.42    -8.85     4.17     0.048
    6.79    -1.09    63.27         6.79    -1.09    63.34     0.069
  -28.45   -28.00   -14.25       -28.47   -28.03   -14.23     0.041
