150 PA5-B-Debug-Answer.txt 6
   74.2860 -193.2665  -96.6277  142.3078   53.2057   39.5573
  -14.12     9.93    53.56       -14.12     9.93    53.56     0.000
  -18.18   -26.60   -33.25       -18.18   -26.60   -33.25     0.000
   20.22    25.80   -25.64        20.22    25.80   -25.64     0.000
  -28.03     8.11   -31.02       -28.03     8.11   -31.02     0.000
  -13.54   -24.26   -35.48       -13.54   -24.26   -35.48     0.000
  -18.72   -11.29   -42.00       -18.72   -11.29   -42.00     0.000
  -28.81     6.84   -32.02       -28.81     6.84   -32.02     0.000
   -5.85   -17.77    -6.41        -5.85   -17.77    -6.41     0.000
   27.56   -18.55   -10.57        27.56   -18.55   -10.57     0.000
   38.54    -9.78    -4.74        38.54    -9.78    -4.74     0.000
  -34.11   -20.94   -27.01       -34.11   -20.94   -27.01     0.000
   28.86    -0.35    27.80        28.86    -0.35    27.80     0.000
  -28.60    11.02   -16.49       -28.60    11.02   -16.49     0.000
   40.83    -0.10    11.89        40.83    -0.10    11.89     0.000
   21.55   -17.87   -22.25        21.55   -17.87   -22.25     0.000
   39.19     7.24   -17.12        39.19     7.24   -17.12     0.000
   38.04    -4.48   -21.03        38.04    -4.48   -21.03     0.000
  -29.77   -25.70   -24.88       -29.77   -25.70   -24.88     0.000
    7.50    18.47    62.36         7.50    18.47    62.36     0.000
   17.46   -16.32     0.71        17.46   -16.32     0.71     0.000
   27.00    -9.68     9.68        27.00    -9.68     9.68     0.000
  -15.69    19.64    22.74       -15.69    19.64    22.74     0.000
  -31.79     1.35   -35.16       -31.79     1.35   -35.16     0.000
  -14.01    12.65   -27.94       -14.01    12.65   -27.94     0.000
    0.77   -13.59    -2.30         0.77   -13.59    -2.30     0.000
    7.58     7.11   -17.23         7.58     7.11   -17.23     0.000
   35.88   -13.16   -12.44        35.88   -13.16   -12.44     0.000
  -13.66   -28.90   -14.54       -13.66   -28.90   -14.54     0.000
   38.49   -11.06   -11.92        38.49   -11.06   -11.92     0.000
   -5.01    18.58     0.61        -5.01    18.58     0.61     0.000
    5.26    13.77   -14.08         5.26    13.77   -14.08     0.000
  -11.18   -22.69   -35.88       -11.18   -22.69   -35.88     0.000
  -30.53     0.70   -36.74       -30.53     0.70   -36.74     0.000
  -22.68   -29.91   -19.60       -22.68   -29.91   -19.60     0.000
  -17.33    13.79   -16.70       -17.33    13.79   -16.70     0.000
  -17.19    -3.62     9.77       -17.19    -3.62     9.77     0.000
  -13.36    14.16     6.36       -13.36    14.16     6.36     0.000
  -37.93   -16.98   -15.14       -37.93   -16.98   -15.14     0.000
   -7.88    -9.19    20.22        -7.88    -9.19    20.22     0.000
  -13.35   -10.38     2.76       -13.35   -10.38     2.76     0.000
  -37.18    -6.18    -9.87       -37.18    -6.18    -9.87     0.000
   23.88     9.54    49.21        23.88     9.54    49.21     0.000
  -17.32    13.43   -26.85       -17.32    13.43   -26.85     0.000
   -0.69   -12.13     8.33        -0.69   -12.13     8.33     0.000
    1.97    21.61    -8.67         1.97    21.61    -8.67     0.000
    3.11    -5.49   -28.39         3.11    -5.49   -28.39     0.000
   29.18    19.86   -29.73        29.18    19.86   -29.73     0.000
  -18.54    13.82   -24.21       -18.54    13.82   -24.21     0.000
  -10.13     5.72    62.42       -10.13     5.72    62.42     0.000
  -22.19    19.62    25.54       -22.19    19.62    25.54     0.000
  -17.47    13.27   -26.93       -17.47    13.27   -26.93     0.000
   27.96   -18.24    -9.73        27.96   -18.24    -9.73     0.000
   28.96   -12.55    -0.01        28.96   -12.55    -0.01     0.000
  -14.32    -7.94   -43.19       -14.32    -7.94   -43.19     0.000
  -33.64    -5.04    -4.17       -33.64    -5.04    -4.17     0.000
   31.53   -16.33   -19.76        31.53   -16.33   -19.76     0.000
   24.93   -11.01     7.48        24.93   -11.01     7.48     0.000
  -25.20    -2.73    -5.70       -25.20    -2.73    -5.70     0.000
   12.73    23.00   -26.48        12.73    23.00   -26.48     0.000
   22.85    24.94   -30.95        22.85    24.94   -30.95     0.000
   10.09    24.89   -17.69        10.09    24.89   -17.69     0.000
  -14.72   -30.29   -20.17       -14.72   -30.29   -20.17     0.000
  -13.12     4.13    47.25       -13.12     4.13    47.25     0.000
   38.82    17.74    -5.75        38.82    17.74    -5.75     0.000
   43.21    -4.30   -16.63        43.21    -4.30   -16.63     0.000
    3.91   -15.23   -25.92         3.91   -15.23   -25.92     0.000
  -21.37    19.43    30.57       -21.37    19.43    30.57     0.000
   20.73    20.31   -35.49        20.73    20.31   -35.49     0.000
  -38.78   -15.19   -19.00       -38.78   -15.19   -19.00     0.000
  -36.98   -13.57   -29.84       -36.98   -13.57   -29.84     0.000
  -14.20     8.13    58.34       -14.20     8.13    58.34     0.000
  -35.29   -21.01   -20.87       -35.29   -21.01   -20.87     0.000
  -11.27     2.96   -38.86       -11.27     2.96   -38.86     0.000
   14.81    -7.62    45.15        14.81    -7.62    45.15     0.000
    0.37   -18.47   -23.31         0.37   -18.47   -23.31     0.000
   17.16   -20.36   -16.25        17.16   -20.36   -16.25     0.000
   27.10    -0.75    31.13        27.10    -0.75    31.13     0.000
    1.99    -9.77    21.69         1.99    -9.77    21.69     0.000
   -1.00   -18.51   -32.39        -1.00   -18.51   -32.39     0.000
  -31.14     5.20   -31.12       -31.14     5.20   -31.12     0.000
  -21.97    -0.85   -41.14       -21.97    -0.85   -41.14     0.000
   18.86    16.56    62.08        18.86    16.56    62.08     0.000
  -39.94    -2.18   -16.78       -39.94    -2.18   -16.78     0.000
  -21.43     4.06    14.43       -21.43     4.06    14.43     0.000
   13.91    -5.12   -25.55        13.91    -5.12   -25.55     0.000
   -1.03    -1.29   -29.22        -1.03    -1.29   -29.22     0.000
  -36.21   -16.47   -32.00       -36.21   -16.47   -32.00     0.000
   19.04    19.50   -36.80        19.04    19.50   -36.80     0.000
   -3.76   -22.20   -31.97        -3.76   -22.20   -31.97     0.000
  -10.12   -27.27   -28.25       -10.12   -27.27   -28.25     0.000
   39.59    -9.59   -14.98        39.59    -9.59   -14.98     0.000
   13.75    26.51    -5.57        13.75    26.51    -5.57     0.000
  -13.59     9.52    -5.95       -13.59     9.52    -5.95     0.000
    3.34   -10.41    17.16         3.34   -10.41    17.16     0.000
  -22.38    -9.64    -0.30       -22.38    -9.64    -0.30     0.000
  -27.86    -3.51   -39.62       -27.86    -3.51   -39.62     0.000
  -25.02     2.34    -8.77       -25.02     2.34    -8.77     0.000
  -12.89    -0.92   -40.75       -12.89    -0.92   -40.75     0.000
   22.31     2.51    49.53        22.31     2.51    49.53     0.000
  -15.88     8.63   -10.90       -15.88     8.63   -10.90     0.000
  -11.77    12.36   -19.19       -11.77    12.36   -19.19     0.000
   -2.82   -20.38   -33.86        -2.82   -20.38   -33.86     0.000
   35.60    13.79   -25.42        35.60    13.79   -25.42     0.000
  -11.86    13.32    62.15       -11.86    13.32    62.15     0.000
  -39.65    -8.10   -14.97       -39.65    -8.10   -14.97     0.000
  -36.81   -17.63   -24.26       -36.81   -17.63   -24.26     0.000
   22.89   -10.39    11.25        22.89   -10.39    11.25     0.000
   -8.95   -18.24    -7.00        -8.95   -18.24    -7.00     0.000
    7.01    -8.88    59.51         7.01    -8.88    59.51     0.000
  -29.09   -14.46   -39.32       -29.09   -14.46   -39.32     0.000
  -22.50   -22.35   -36.58       -22.50   -22.35   -36.58     0.000
    9.40    25.21     0.53         9.40    25.21     0.53     0.000
  -11.81   -15.12    -2.97       -11.81   -15.12    -2.97     0.000
   24.47    15.20    32.03        24.47    15.20    32.03     0.000
   29.28    -8.54     9.96        29.28    -8.54     9.96     0.000
   -2.68   -21.90   -26.06        -2.68   -21.90   -26.06     0.000
  -39.76   -11.92   -15.58       -39.76   -11.92   -15.58     0.000
   41.70    15.53     4.35        41.70    15.53     4.35     0.000
   26.03    21.51     5.56        26.03    21.51     5.56     0.000
   23.92   -15.43    -2.46        23.92   -15.43    -2.46     0.000
  -25.53   -21.28   -37.59       -25.53   -21.28   -37.59     0.000
   13.15    21.87    61.00        13.15    21.87    61.00     0.000
   -7.81   -24.65   -30.82        -7.81   -24.65   -30.82     0.000
  -20.13     1.99     8.23       -20.13     1.99     8.23     0.000
   12.55    14.25   -23.20        12.55    14.25   -23.20     0.000
   36.14   -11.52   -22.64        36.14   -11.52   -22.64     0.000
   -8.85    -7.91   -41.34        -8.85    -7.91   -41.34     0.000
   18.24    -7.02    38.82        18.24    -7.02    38.82     0.000
  -34.30   -20.44   -27.64       -34.30   -20.44   -27.64     0.000
   32.29    11.44    18.36        32.29    11.44    18.36     0.000
   25.83    23.55   -29.77        25.83    23.55   -29.77     0.000
   -4.52    20.39    51.93        -4.52    20.39    51.93     0.000
   -9.30    19.20    46.26        -9.30    19.20    46.26     0.000
  -20.27   -30.44   -20.83       -20.27   -30.44   -20.83     0.000
  -35.71     5.07   -23.35       -35.71     5.07   -23.35     0.000
   14.56   -14.86   -22.25        14.56   -14.86   -22.25     0.000
   -8.95   -11.97     2.00        -8.95   -11.97     2.00     0.000
  -29.52   -24.91   -29.71       -29.52   -24.91   -29.71     0.000
   -8.67   -23.04   -34.82        -8.67   -23.04   -34.82     0.000
  -37.80   -15.91   -20.05       -37.80   -15.91   -20.05     0.000
  -37.12    -5.84    -9.73       -37.12    -5.84    -9.73     0.000
  -30.40   -24.83   -28.15       -30.40   -24.83   -28.15     0.000
   38.34     8.52   -18.68        38.34     8.52   -18.68     0.000
   -4.73   -16.90    -4.86        -4.73   -16.90    -4.86     0.000
   34.54    12.75    13.03        34.54    12.75    13.03     0.000
   -6.91     9.10   -21.75        -6.91     9.10   -21.75     0.000
  -15.52   -14.75    -1.51       -15.52   -14.75    -1.51     0.000
  -27.20   -24.03    -9.90       -27.20   -24.03    -9.90     0.000
   -2.35    -0.67   -36.74        -2.35    -0.67   -36.74     0.000
   24.84    14.90   -36.92        24.84    14.90   -36.92     0.000
