150 PA5-C-Debug-Output.txt 6
   40.0023 -112.5511   85.0942   48.4130  120.5343   56.9182
   38.25    18.99     5.06        38.25    18.99     5.06     0.000
   25.22   -11.70     1.82        25.22   -11.70     1.82     0.000
   -7.16    -3.73    56.99        -7.16    -3.73    56.99     0.000
   -9.45     0.30    51.12        -9.45     0.30    51.12     0.000
    7.97    12.36   -14.55         7.97    12.36   -14.55     0.000
  -21.20   -11.67   -44.48       -21.20   -11.67   -44.48     0.000
  -24.17   -18.19    -6.83       -24.17   -18.19    -6.83     0.000
  -18.12    -5.13   -44.13       -18.12    -5.13   -44.13     0.000
   -5.73   -18.97   -21.92        -5.73   -18.97   -21.92     0.000
  -17.78   -29.04   -31.42       -17.78   -29.04   -31.42     0.000
   -1.89    -8.92    33.01        -1.89    -8.92    33.01     0.000
   24.02    14.08   -34.70        24.02    14.08   -34.70     0.000
  -13.95   -25.55   -35.01       -13.95   -25.55   -35.01     0.000
  -32.14    -0.78   -39.89       -32.14    -0.78   -39.89     0.000
  -12.80     5.46    27.26       -12.80     5.46    27.26     0.000
   19.20    18.41    40.47        19.20    18.41    40.47     0.000
   40.54     5.84   -14.84        40.54     5.84   -14.84     0.000
  -35.44   -25.70   -30.92       -35.44   -25.70   -30.92     0.000
    0.11    20.25    30.25         0.11    20.25    30.25     0.000
   23.15    -2.62    31.72        23.15    -2.62    31.72     0.000
   24.53   -12.52   -14.16        24.53   -12.52   -14.16     0.000
   -9.20   -10.84   -41.65        -9.20   -10.84   -41.65     0.000
   15.28    15.63    65.21        15.28    15.63    65.21     0.000
   25.05     0.67    41.90        25.05     0.67    41.90     0.000
   21.21    14.62    47.57        21.21    14.62    47.57     0.000
   35.43    16.70   -21.14        35.43    16.70   -21.14     0.000
   13.14    23.25   -16.11        13.14    23.25   -16.11     0.000
   22.90   -10.47   -14.22        22.90   -10.47   -14.22     0.000
  -39.19   -10.64   -40.81       -39.19   -10.64   -40.81     0.000
    9.01    22.06    18.15         9.01    22.06    18.15     0.000
   17.97   -11.32     9.27        17.97   -11.32     9.27     0.000
   -1.77    16.04     3.11        -1.77    16.04     3.11     0.000
  -23.08     3.95   -13.66       -23.08     3.95   -13.66     0.000
  -38.80   -21.69   -15.99       -38.80   -21.69   -15.99     0.000
   12.97    -5.47    48.24        12.97    -5.47    48.24     0.000
  -10.86    -1.42    33.01       -10.86    -1.42    33.01     0.000
    7.36    20.66    58.48         7.36    20.66    58.48     0.000
   17.23    -5.22    29.31        17.23    -5.22    29.31     0.000
    1.09    -7.79    50.61         1.09    -7.79    50.61     0.000
   37.79    12.72   -19.59        37.79    12.72   -19.59     0.000
  -12.41    18.03    21.12       -12.41    18.03    21.12     0.000
   21.94    -2.78    34.74        21.94    -2.78    34.74     0.000
   20.95    -9.27     9.79        20.95    -9.27     9.79     0.000
  -22.52   -13.94    -5.79       -22.52   -13.94    -5.79     0.000
  -25.92   -30.85   -25.47       -25.92   -30.85   -25.47     0.000
   20.93     0.05   -21.79        20.93     0.05   -21.79     0.000
   28.84     9.92   -33.16        28.84     9.92   -33.16     0.000
   28.31    24.24   -18.10        28.31    24.24   -18.10     0.000
  -29.12   -25.03   -38.52       -29.12   -25.03   -38.52     0.000
    1.22    -8.74    28.74         1.22    -8.74    28.74     0.000
    7.93    -8.16   -23.42         7.93    -8.16   -23.42     0.000
   24.98    24.09   -22.47        24.98    24.09   -22.47     0.000
  -16.12    -6.77     7.26       -16.12    -6.77     7.26     0.000
   21.64    -5.76    19.21        21.64    -5.76    19.21     0.000
   -7.45    -1.77    63.83        -7.45    -1.77    63.83     0.000
   42.24    -0.14    12.29        42.24    -0.14    12.29     0.000
   17.07    -6.46    18.76        17.07    -6.46    18.76     0.000
  -29.07     0.87   -39.99       -29.07     0.87   -39.99     0.000
   -0.62    17.17     2.71        -0.62    17.17     2.71     0.000
   -9.57    -1.84    45.25        -9.57    -1.84    45.25     0.000
  -14.70     4.07    17.98       -14.70     4.07    17.98     0.000
   -9.09   -13.85    -2.92        -9.09   -13.85    -2.92     0.000
  -29.33    -8.53    -7.98       -29.33    -8.53    -7.98     0.000
  -29.47   -11.34    -7.06       -29.47   -11.34    -7.06     0.000
   22.56   -11.52   -14.19        22.56   -11.52   -14.19     0.000
  -30.48   -12.55    -6.62       -30.48   -12.55    -6.62     0.000
  -11.92    16.76    24.61       -11.92    16.76    24.61     0.000
   -2.97   -13.34    -3.22        -2.97   -13.34    -3.22     0.000
  -41.04   -18.33   -35.52       -41.04   -18.33   -35.52     0.000
   -2.91     7.85   -19.51        -2.91     7.85   -19.51     0.000
    2.40     2.92   -23.88         2.40     2.92   -23.88     0.000
   30.11     5.92    28.78        30.11     5.92    28.78     0.000
    7.65   -11.60   -20.76         7.65   -11.60   -20.76     0.000
  -39.06    -0.03   -33.76       -39.06    -0.03   -33.76     0.000
  -41.70    -0.81   -18.82       -41.70    -0.81   -18.82     0.000
   44.97     6.56    -2.08        44.97     6.56    -2.08     0.000
  -33.02   -27.28   -28.49       -33.02   -27.28   -28.49     0.000
  -29.71   -24.12   -10.70       -29.71   -24.12   -10.70     0.000
    1.09    -8.43    30.94         1.09    -8.43    30.94     0.000
    0.69    -7.90    48.95         0.69    -7.90    48.95     0.000
  -30.51     6.72   -32.87       -30.51     6.72   -32.87     0.000
   41.31    14.16     4.27        41.31    14.16     4.27     0.000
   -5.41   -18.25   -20.75        -5.41   -18.25   -20.75     0.000
  -10.49    -8.26    15.52       -10.49    -8.26    15.52     0.000
    6.97    -6.48    63.65         6.97    -6.48    63.65     0.000
   15.37    -4.08   -20.90        15.37    -4.08   -20.90     0.000
   32.92    10.30   -30.89        32.92    10.30   -30.89     0.000
  -23.80   -30.53   -21.66       -23.80   -30.53   -21.66     0.000
   -8.30    -1.51    56.31        -8.30    -1.51    56.31     0.000
   -4.21    -7.97    42.96        -4.21    -7.97    42.96     0.000
   31.91    -3.39    19.72        31.91    -3.39    19.72     0.000
   29.57    -8.70     5.60        29.57    -8.70     5.60     0.000
   15.94    25.66   -12.33        15.94    25.66   -12.33     0.000
   33.86    14.04    15.59        33.86    14.04    15.59     0.000
   13.20     0.73   -22.09        13.20     0.73   -22.09     0.000
  -32.71   -27.63   -19.89       -32.71   -27.63   -19.89     0.000
  -31.55     5.70   -34.15       -31.55     5.70   -34.15     0.000
   45.39     4.98    -2.51        45.39     4.98    -2.51     0.000
   16.96    12.35   -15.63        16.96    12.35   -15.63     0.000
   12.92     8.01    63.07        12.92     8.01    63.07     0.000
    5.18    -6.46    64.06         5.18    -6.46    64.06     0.000
   12.51   -10.94   -18.00        12.51   -10.94   -18.00     0.000
   11.89    14.31    64.80        11.89    14.31    64.80     0.000
   14.21    23.92     5.82        14.21    23.92     5.82     0.000
   16.90    -6.29   -19.82        16.90    -6.29   -19.82     0.000
   12.10    19.87   -15.75        12.10    19.87   -15.75     0.000
   41.48    13.01     1.38        41.48    13.01     1.38     0.000
  -14.87   -21.09    -9.65       -14.87   -21.09    -9.65     0.000
  -34.68    -2.85    -9.35       -34.68    -2.85    -9.35     0.000
  -38.71    -0.62   -35.15       -38.71    -0.62   -35.15     0.000
   15.11    -5.43    37.01        15.11    -5.43    37.01     0.000
   -1.85    -5.51    64.59        -1.85    -5.51    64.59     0.000
  -20.28    -0.95    -6.50       -20.28    -0.95    -6.50     0.000
  -11.37   -23.64   -15.68       -11.37   -23.64   -15.68     0.000
   14.27    16.16    65.21        14.27    16.16    65.21     0.000
    7.83    -7.99    20.88         7.83    -7.99    20.88     0.000
  -36.93     5.04   -21.81       -36.93     5.04   -21.81     0.000
   17.14   -12.37   -14.42        17.14   -12.37   -14.42     0.000
   26.07    -1.27   -22.01        26.07    -1.27   -22.01     0.000
    0.33    18.81    41.98         0.33    18.81    41.98     0.000
   -6.75   -23.52   -33.33        -6.75   -23.52   -33.33     0.000
   31.33    23.53    -1.01        31.33    23.53    -1.01     0.000
  -10.02   -12.90    -1.46       -10.02   -12.90    -1.46     0.000
  -43.69   -11.87   -20.87       -43.69   -11.87   -20.87     0.000
   16.94    -2.92    55.78        16.94    -2.92    55.78     0.000
  -16.69     5.39   -16.97       -16.69     5.39   -16.97     0.000
   -9.64     7.49    37.94        -9.64     7.49    37.94     0.000
  -14.48    -7.57     9.21       -14.48    -7.57     9.21     0.000
   -8.85     8.42    -2.53        -8.85     8.42    -2.53     0.000
   -1.81    -1.20   -27.21        -1.81    -1.20   -27.21     0.000
  -11.10     2.47   -36.31       -11.10     2.47   -36.31     0.000
   38.53    -4.84   -17.35        38.53    -4.84   -17.35     0.000
   21.99    -3.20    31.23        21.99    -3.20    31.23     0.000
    9.57    24.26     2.86         9.57    24.26     2.86     0.000
   -8.87    -9.66    14.02        -8.87    -9.66    14.02     0.000
  -42.86   -17.26   -32.76       -42.86   -17.26   -32.76     0.000
   29.89     5.94    29.26        29.89     5.94    29.26     0.000
   38.37    10.53    14.06        38.37    10.53    14.06     0.000
   -6.04   -18.92   -35.21        -6.04   -18.92   -35.21     0.000
  -43.78    -5.73   -21.48       -43.78    -5.73   -21.48     0.000
  -14.53    -7.60     9.01       -14.53    -7.60     9.01     0.000
  -42.61   -15.66   -18.13       -42.61   -15.66   -18.13     0.000
   33.93     2.10    22.72        33.93     2.10    22.72     0.000
  -14.35    -2.00    18.88       -14.35    -2.00    18.88     0.000
   10.92    26.10    -5.03        10.92    26.10    -5.03     0.000
  -12.28    -0.73    27.51       -12.28    -0.73    27.51     0.000
  -27.55   -14.43    -6.77       -27.55   -14.43    -6.77     0.000
   44.00     7.99    11.48        44.00     7.99    11.48     0.000
  -37.37   -24.55   -20.91       -37.37   -24.55   -20.91     0.000
   14.79    22.72   -17.88        14.79    22.72   -17.88     0.000
