400 PA5-F-Debug-Output.txt 6
   72.5666  -85.3918 -101.3565   60.1996  -52.4208   80.0479
   13.51   -18.15   -18.29        13.52   -18.13   -18.29     0.021
   -9.09     1.35    42.74        -9.00     1.37    42.73     0.100
    7.53    22.76   -14.76         7.51    22.79   -14.77     0.036
   35.30    17.15    -3.61        35.32    17.17    -3.61     0.032
  -19.93   -28.31   -34.32       -19.91   -28.25   -34.28     0.065
  -11.00     9.50    37.04       -10.82     9.72    36.94     0.300
  -18.36    11.78   -29.05       -18.37    11.82   -29.06     0.039
  -33.95   -16.86    -7.98       -34.03   -16.92    -7.93     0.120
  -10.34    11.82   -26.10       -10.40    11.68   -26.07     0.161
  -14.74   -30.70   -31.45       -14.74   -30.73   -31.47     0.041
   27.71    -6.75    14.37        27.67    -6.71    14.36     0.063
   29.55    -4.17    16.17        29.58    -4.20    16.19     0.047
  -36.16   -19.52   -32.47       -36.18   -19.39   -32.37     0.171
   35.20    11.90    10.85        35.19    11.89    10.84     0.013
  -33.84   -16.07    -6.85       -33.97   -16.17    -6.78     0.176
  -37.32     0.96   -24.20       -37.41     1.01   -24.21     0.094
   41.60     8.70    -0.67        41.62     8.71    -0.67     0.026
   29.25     5.65   -33.82        29.33     5.65   -33.88     0.103
  -19.95   -30.26   -13.62       -19.94   -30.20   -13.65     0.066
   37.66     9.96   -15.96        37.58     9.91   -15.95     0.097
  -15.08     4.22    11.73       -15.15     4.22    11.74     0.077
   37.96     2.88   -15.97        38.02     2.88   -16.01     0.068
   10.42    13.48   -21.94        10.43    13.48   -21.95     0.011
    6.12    22.38    28.35         6.09    22.33    28.33     0.062
    1.64    11.14   -15.45         1.64    11.06   -15.40     0.101
  -25.11   -30.74   -21.41       -25.12   -30.77   -21.41     0.031
   28.43     0.00   -34.38        28.50     0.00   -34.41     0.081
   -9.29    -8.98    11.12        -9.28    -8.98    11.12     0.003
    7.00    21.92    27.38         7.10    22.19    27.46     0.299
  -18.13    23.66    22.99       -18.03    23.61    23.01     0.118
   28.56    21.62     4.17        28.62    21.78     4.20     0.181
  -18.27    20.02    21.15       -18.29    20.03    21.14     0.024
  -29.98    -3.82   -38.67       -29.97    -3.83   -38.65     0.032
  -27.81   -19.20   -40.02       -27.83   -19.21   -40.06     0.047
   -1.62     4.51   -25.17        -1.56     4.54   -25.20     0.068
  -17.23    -4.75     3.05       -17.23    -4.75     3.05     0.003
  -20.17     9.68   -33.74       -20.18     9.71   -33.76     0.036
   34.80    17.78     6.82        34.79    17.77     6.82     0.018
  -30.02     1.92   -12.69       -30.02     1.95   -12.67     0.040
   40.07    10.11     5.87        40.00    10.08     5.87     0.071
  -31.95   -26.21   -24.11       -31.97   -26.23   -24.11     0.023
    6.37   -13.31   -22.06         6.36   -13.34   -22.08     0.034
  -22.07    12.10   -25.36       -22.08    12.25   -25.40     0.153
   -8.77    15.06    57.15        -8.78    15.06    57.15     0.006
   13.25     1.04   -23.97        13.22     1.07   -24.01     0.057
    1.23   -16.89   -10.86         1.21   -16.82   -10.88     0.067
  -12.23    -9.44     4.55       -12.24    -9.46     4.56     0.026
   26.50    20.28    10.48        26.50    20.29    10.48     0.020
    4.77     2.25    64.11         4.78     2.24    64.18     0.074
   38.48     9.41     9.96        38.49     9.40     9.97     0.019
   16.08     4.15   -28.50        16.13     4.17   -28.47     0.064
   10.76    20.22    36.50        10.80    20.50    36.48     0.284
  -25.81   -15.32    -4.15       -25.80   -15.33    -4.10     0.053
   31.44    17.16   -22.93        31.33    17.10   -22.87     0.141
  -21.42   -16.78    -2.41       -21.41   -16.79    -2.39     0.028
    3.22   -15.47    -7.88         3.21   -15.50    -7.87     0.039
   -8.76    12.41    -1.04        -8.72    12.38    -1.03     0.050
    2.69    -9.31    20.99         2.69    -9.31    20.99     0.005
  -13.14     5.97    23.88       -13.19     5.96    23.89     0.045
   36.47     0.29    11.83        36.47     0.29    11.83     0.006
   20.45    16.03    55.87        20.27    15.85    55.88     0.256
  -34.55   -13.84   -33.00       -34.59   -13.80   -32.99     0.057
   43.27     2.38    -6.05        43.18     2.37    -6.02     0.093
    4.41   -15.11   -18.15         4.42   -15.33   -18.25     0.242
   27.27    -9.13   -32.51        27.22    -9.13   -32.46     0.071
   20.69    -3.70    38.80        20.63    -3.66    38.79     0.071
    9.94   -12.24   -24.22         9.92   -12.33   -24.31     0.128
  -16.78     6.12   -37.52       -16.79     6.09   -37.48     0.046
   28.50   -17.07   -26.11        28.49   -17.04   -26.10     0.035
  -13.66     1.43    17.80       -13.61     1.44    17.79     0.054
    1.45   -16.28   -24.66         1.38   -16.24   -24.66     0.076
  -37.02     0.10   -18.30       -37.03     0.11   -18.29     0.020
  -16.93     4.13    -4.52       -16.91     4.11    -4.53     0.028
   -7.07    -8.96   -44.18        -7.08    -8.95   -44.15     0.037
    2.05    -4.08   -26.31         2.04    -4.08   -26.29     0.028
    1.89    12.62    63.09         1.87    12.66    62.94     0.159
  -18.24   -12.20   -43.53       -18.25   -12.22   -43.49     0.041
   24.45   -14.60   -31.11        24.45   -14.60   -31.11     0.000
  -18.12    -9.23   -44.56       -18.06    -9.28   -44.50     0.100
   28.75    19.53    10.70        28.74    19.51    10.68     0.034
    4.33   -16.38   -10.61         4.33   -16.38   -10.61     0.003
   -6.45    -5.67    49.06        -6.47    -5.68    49.06     0.024
   14.11     6.14   -24.91        14.10     6.13   -24.91     0.009
  -22.99    -6.55   -42.75       -23.00    -6.55   -42.72     0.037
  -37.43    -2.90   -32.19       -37.50    -2.85   -32.23     0.102
  -31.54   -19.40   -36.70       -31.51   -19.38   -36.67     0.050
   27.00   -15.03    -6.98        26.97   -15.07    -6.95     0.061
   20.07    -5.73    33.91        19.97    -5.58    33.86     0.182
  -17.68    14.86    34.91       -17.81    14.80    34.99     0.158
   16.44    -7.67    32.88        16.53    -7.87    32.90     0.225
   13.55    20.42    61.44        13.52    20.39    61.44     0.033
    0.04    26.19    20.60        -0.05    25.99    20.57     0.226
   -4.72   -14.60    -4.91        -4.71   -14.65    -4.88     0.062
  -18.50     7.54   -12.64       -18.49     7.52   -12.65     0.026
   25.66    11.99    32.94        25.76    12.02    32.97     0.104
   13.43    -0.34    64.41        13.43    -0.34    64.43     0.021
   17.91     3.41    64.61        17.91     3.41    64.62     0.012
   19.79    18.38    27.52        19.79    18.38    27.52     0.001
   -7.86    -5.76   -43.82        -7.87    -5.79   -43.75     0.076
   19.04   -13.31    -4.29        19.10   -13.42    -4.24     0.133
   -3.07    25.35    13.63        -3.08    25.40    13.60     0.062
   -1.59    12.55   -12.46        -1.59    12.57   -12.46     0.018
  -24.15   -12.65   -42.24       -24.15   -12.65   -42.26     0.018
   -6.37   -19.00   -10.59        -6.33   -19.03   -10.57     0.057
   30.40    19.08   -22.73        30.31    19.04   -22.71     0.107
   -4.27    -7.41    37.35        -4.24    -7.31    37.35     0.109
   -2.44   -12.06    11.47        -2.43   -12.02    11.47     0.042
   33.37    -2.47    13.23        33.37    -2.47    13.23     0.004
  -23.75   -13.24   -42.33       -23.75   -13.24   -42.33     0.006
   -3.57    12.35    63.94        -3.57    12.35    63.98     0.041
   15.92    -9.57    16.41        15.92    -9.63    16.41     0.063
    0.43    25.88    19.27         0.45    25.94    19.27     0.057
   35.17   -10.99    -9.51        35.14   -10.96    -9.53     0.045
    0.44    -7.56   -33.15         0.52    -7.49   -33.10     0.120
   24.74    18.81    16.98        24.73    18.80    16.98     0.009
   -6.19    -6.43    57.32        -6.05    -6.28    57.33     0.208
  -10.80    10.16    -3.28       -10.77    10.12    -3.27     0.054
   -8.70    -6.42   -44.07        -8.70    -6.41   -44.09     0.018
   -6.84    22.99    41.25        -6.83    23.04    41.26     0.048
  -11.56     3.35   -39.42       -11.55     3.38   -39.44     0.032
    8.35    -6.21    64.81         8.35    -6.20    64.78     0.034
   -6.60    -6.21    54.68        -6.24    -5.89    54.68     0.479
  -15.03   -13.71   -44.38       -15.03   -13.70   -44.35     0.028
   -7.07     7.78    64.27        -7.06     7.78    64.29     0.023
  -15.15   -11.10   -45.10       -15.15   -11.10   -45.10     0.008
   -4.60   -19.74   -14.58        -4.48   -19.78   -14.55     0.139
   35.89    -9.22    -4.34        35.99    -9.29    -4.34     0.123
   -2.70    -2.65    63.77        -2.70    -2.65    63.79     0.019
   11.37    18.74   -35.09        11.38    18.74   -35.08     0.009
  -17.61   -11.78   -43.12       -17.61   -11.78   -43.11     0.003
  -19.47     2.46   -40.45       -19.47     2.50   -40.49     0.063
   28.15    22.67   -14.07        28.18    22.72   -14.07     0.054
  -23.75     7.93   -34.10       -23.75     7.94   -34.11     0.014
   -6.74    -4.76    44.25        -6.87    -4.82    44.24     0.145
   29.97    21.55   -15.11        29.89    21.44   -15.09     0.136
  -34.53    -9.54   -36.30       -34.55    -9.55   -36.31     0.030
   33.48    16.60    10.89        33.47    16.56    10.85     0.066
   -8.85    15.15    56.51        -8.90    15.17    56.53     0.054
  -33.65   -22.76   -29.58       -33.63   -22.74   -29.56     0.031
  -11.80    24.42    37.83       -11.79    24.36    37.81     0.070
  -11.50    25.01    35.63       -11.50    25.10    35.67     0.103
  -31.07   -26.30   -15.38       -31.07   -26.30   -15.38     0.003
  -37.25   -18.92   -32.00       -37.25   -18.91   -32.00     0.004
  -15.36    -3.86   -43.37       -15.36    -3.87   -43.35     0.020
   -5.05    26.94    23.87        -5.06    26.79    23.86     0.151
   -7.13   -15.82    -5.89        -7.14   -15.86    -5.86     0.046
   -4.37    -3.47   -41.42        -4.38    -3.48   -41.41     0.019
   -5.66   -26.42   -33.23        -5.66   -26.42   -33.23     0.004
  -37.40   -14.47   -30.65       -37.40   -14.47   -30.65     0.007
   27.53    20.06    10.71        27.51    20.01    10.66     0.075
   42.86     5.19    -5.84        42.81     5.19    -5.83     0.053
   -6.32    -8.06   -43.94        -6.32    -8.06   -43.95     0.011
  -28.54   -20.91    -5.73       -28.54   -20.90    -5.74     0.015
  -18.80    23.32    29.77       -18.83    23.34    29.78     0.032
    5.59    25.83    12.94         5.57    25.77    12.92     0.070
  -12.70    11.82    38.61       -12.64    11.88    38.55     0.113
  -13.63   -30.48   -14.61       -13.65   -30.44   -14.63     0.052
  -26.05   -28.22   -13.75       -26.05   -28.24   -13.75     0.023
    9.68    -4.69    64.85         9.69    -4.69    64.88     0.034
    2.10   -12.01   -23.63         2.14   -12.02   -23.64     0.039
   -5.17    25.62    32.06        -5.24    25.32    31.96     0.328
    9.54    -8.94    57.01         9.43    -8.58    56.97     0.379
   26.25   -17.37   -11.27        26.27   -17.43   -11.25     0.062
  -37.19   -21.20   -28.26       -37.14   -21.14   -28.24     0.087
   36.74    13.91    11.39        36.74    13.92    11.40     0.018
   -9.97    -7.36    22.81       -10.03    -7.41    22.81     0.078
   15.63   -19.04   -16.67        15.61   -19.13   -16.69     0.098
   13.49     6.86   -20.22        13.40     6.85   -20.24     0.092
   -3.98     7.90   -26.63        -4.00     7.89   -26.63     0.023
   14.25    19.75    30.99        14.23    19.66    31.00     0.089
   13.21   -10.70     8.07        13.22   -10.59     8.05     0.116
    5.49   -10.15    10.53         5.48   -10.11    10.52     0.038
   -9.79   -10.19     5.31        -9.79   -10.19     5.31     0.000
   -8.74    11.09   -23.69        -8.72    11.13   -23.69     0.048
   33.35     6.72   -24.11        33.33     6.72   -24.10     0.024
  -39.35   -17.46   -17.40       -39.23   -17.40   -17.43     0.135
    8.68    16.08   -16.07         8.69    16.12   -16.05     0.045
   12.90    22.14   -34.09        12.90    22.15   -34.11     0.019
   -9.24   -25.23   -37.76        -9.24   -25.24   -37.77     0.011
   -2.49    -7.90    35.82        -2.49    -7.90    35.82     0.005
   23.06     9.40    51.47        23.09     9.40    51.47     0.028
   -1.60    24.84    29.79        -1.51    25.04    29.83     0.227
   -7.01   -28.02   -32.22        -6.99   -28.04   -32.24     0.036
   -6.02    13.21    -5.37        -6.03    13.22    -5.38     0.012
  -18.45    12.07   -27.98       -18.45    12.08   -27.99     0.020
   17.43    18.21    59.07        17.36    18.07    59.06     0.148
    7.93    12.82   -13.99         7.93    12.82   -13.99     0.000
  -37.03   -20.59   -16.75       -37.00   -20.56   -16.76     0.040
   18.71    17.08    61.91        18.72    17.10    61.91     0.025
  -23.58     6.18   -13.99       -23.56     6.15   -14.02     0.054
  -40.32   -16.93   -24.91       -40.30   -16.92   -24.91     0.020
  -26.28   -29.01   -15.95       -26.31   -29.09   -15.91     0.093
   15.02    22.42    15.87        15.05    22.52    15.91     0.116
  -34.19     0.54   -11.74       -34.20     0.55   -11.73     0.011
   14.05    -6.15    56.43        14.09    -6.22    56.44     0.082
   20.89   -15.66   -29.26        20.96   -15.60   -29.22     0.094
   34.50   -10.99    -1.77        34.45   -10.93    -1.78     0.075
  -13.88   -18.69   -42.50       -13.86   -18.73   -42.57     0.082
    4.46    -9.34    57.67         4.46    -9.37    57.67     0.028
   25.55    11.18    34.88        25.56    11.18    34.88     0.010
  -40.53   -14.36   -18.27       -40.59   -14.38   -18.26     0.072
   22.96    12.94    48.74        22.96    12.94    48.74     0.000
   21.72    13.01    61.96        21.61    13.00    61.94     0.113
  -15.80    14.80    38.31       -15.69    14.86    38.23     0.150
    1.71    -9.73    54.41         1.77    -9.39    54.42     0.339
   40.59     9.97     2.19        40.62     9.99     2.19     0.038
  -18.34    21.20    21.59       -18.22    21.17    21.63     0.125
   19.21    24.91   -30.02        19.21    24.91   -30.02     0.002
  -38.26   -11.77   -12.65       -38.18   -11.75   -12.70     0.101
   -9.64    10.09    60.27        -9.65    10.09    60.27     0.004
  -39.85   -13.82   -29.09       -39.87   -13.81   -29.14     0.058
  -33.39     3.38   -12.78       -33.44     3.46   -12.73     0.108
  -34.33     1.56   -12.20       -34.31     1.55   -12.21     0.025
   36.94    15.25    -2.62        36.90    15.22    -2.61     0.050
   10.80    13.57   -18.83        10.82    13.58   -18.83     0.021
  -33.73   -11.31   -37.00       -33.68   -11.29   -36.98     0.054
   19.48     3.91    63.67        19.53     3.88    63.70     0.070
   -0.31   -18.93   -30.82        -0.21   -18.99   -30.81     0.125
  -32.60     3.62   -13.14       -32.62     3.62   -13.18     0.045
  -11.79    10.92    38.49       -11.80    10.90    38.51     0.033
  -15.87    11.48   -31.19       -15.87    11.48   -31.19     0.005
  -12.32    -2.72    20.39       -12.52    -2.74    20.40     0.200
   -9.56     4.65    54.12        -9.48     4.66    54.12     0.081
  -37.32   -20.86   -28.78       -37.30   -20.84   -28.77     0.036
    8.91    27.23    -3.75         8.90    27.35    -3.74     0.126
  -18.66    -9.47   -43.90       -18.72    -9.43   -43.95     0.090
   36.42    -8.40     5.23        36.42    -8.40     5.23     0.003
    5.66    -6.80   -25.82         5.68    -6.80   -25.86     0.053
   29.12     5.38   -34.18        29.10     5.38   -34.17     0.031
   -5.66    10.68   -13.81        -5.60    10.55   -13.77     0.152
   -5.40    19.13    55.39        -5.44    19.21    55.42     0.099
   -9.32    12.68    58.22        -9.32    12.68    58.22     0.002
  -11.55   -30.61   -29.63       -11.49   -30.78   -29.70     0.197
   12.53    18.39   -35.26        12.53    18.39   -35.25     0.006
    2.74   -13.00   -21.28         2.73   -13.06   -21.32     0.067
   12.50    10.52   -27.67        12.44    10.48   -27.69     0.078
    4.21    24.63    19.21         4.24    24.77    19.23     0.144
   21.55   -12.38    -1.31        21.56   -12.25    -1.34     0.125
   -1.51   -19.73   -36.37        -1.57   -19.71   -36.35     0.061
   -4.28   -22.16   -16.15        -4.44   -22.15   -16.19     0.159
  -42.01   -13.63   -27.96       -41.93   -13.60   -27.96     0.088
  -15.40    24.15    36.15       -15.44    24.21    36.17     0.076
  -33.50     5.77   -23.42       -33.52     5.78   -23.42     0.020
  -21.94   -12.25    -2.35       -21.93   -12.25    -2.37     0.023
   -5.25    -8.73   -43.53        -5.26    -8.73   -43.50     0.035
  -12.70     0.05    21.63       -12.71     0.05    21.63     0.008
   -4.44    -7.24    53.10        -4.47    -7.29    53.10     0.061
   20.33     0.24    50.22        20.47     0.16    50.25     0.160
  -16.05     0.24     6.93       -16.15     0.25     6.95     0.104
   33.45    12.29   -24.37        33.33    12.22   -24.32     0.153
   -5.61    -6.41    54.77        -5.71    -6.51    54.77     0.143
   -6.05   -10.38    17.36        -6.11   -10.48    17.36     0.111
   31.15    19.62   -17.68        31.16    19.63   -17.68     0.017
  -25.92   -30.24   -21.46       -25.98   -30.35   -21.44     0.128
  -30.17    -1.91    -8.68       -30.18    -1.90    -8.65     0.031
  -18.45     9.46   -33.83       -18.44     9.49   -33.85     0.033
    1.55   -10.84    12.54         1.49   -10.66    12.49     0.189
   -9.29    20.03    11.98        -9.39    20.12    11.91     0.148
   -4.50    18.71    57.68        -4.46    18.65    57.68     0.069
  -10.58    24.14    16.70       -10.58    24.15    16.69     0.014
  -37.37    -8.73   -31.30       -37.39    -8.75   -31.35     0.067
  -41.39   -11.59   -19.78       -41.39   -11.59   -19.78     0.001
   13.89    26.16   -17.77        13.88    26.19   -17.77     0.031
  -12.07    13.24    10.29       -12.15    13.27    10.25     0.086
  -27.30     1.29   -12.37       -27.30     1.26   -12.39     0.038
  -26.22   -16.12    -4.12       -26.22   -16.12    -4.11     0.010
   15.12    26.67   -13.82        15.12    26.81   -13.83     0.143
   -6.74    22.51    10.55        -6.76    22.52    10.54     0.030
   31.07     8.31   -30.23        31.12     8.32   -30.24     0.050
    9.46    18.34   -33.95         9.43    18.30   -34.00     0.071
   -1.94     6.19   -23.91        -1.92     6.21   -23.92     0.030
   40.59     2.26     7.18        40.61     2.25     7.25     0.072
   28.75    16.14    15.86        28.61    16.01    15.82     0.191
   -9.47    14.97    55.11        -9.52    15.00    55.14     0.062
  -23.96   -28.10   -32.96       -23.99   -28.25   -33.02     0.168
   -0.70    -8.85    45.91        -0.70    -8.89    45.91     0.040
  -36.26   -17.24   -32.69       -36.24   -17.24   -32.66     0.030
  -14.69    13.30   -24.42       -14.69    13.24   -24.40     0.066
   31.00   -10.06   -27.96        31.05   -10.12   -28.00     0.092
    7.23    -9.90    11.76         7.23    -9.90    11.76     0.003
   40.07     2.43     7.69        40.05     2.44     7.65     0.042
   23.57   -18.34   -11.64        23.56   -18.32   -11.65     0.029
    7.10    -9.31    39.36         7.08    -9.12    39.36     0.194
  -22.04    11.44   -27.49       -22.04    11.42   -27.48     0.022
   39.01     7.69     9.01        39.01     7.69     9.00     0.005
   29.23    17.89   -25.54        29.20    17.87   -25.52     0.045
  -37.08   -19.58   -14.65       -37.00   -19.52   -14.69     0.108
   -5.57    26.37    28.40        -5.57    26.34    28.39     0.027
  -28.98     6.51   -16.02       -28.98     6.50   -16.01     0.009
  -16.72     3.22     2.21       -16.70     3.21     2.21     0.023
   -3.85   -23.38   -34.84        -3.75   -23.49   -34.91     0.165
   -4.97     8.72   -23.03        -4.96     8.73   -23.02     0.010
   -5.79   -22.88   -37.72        -5.80   -22.86   -37.70     0.031
    5.25    21.62    34.74         5.22    21.54    34.72     0.086
    2.96    -9.32    46.17         2.96    -9.34    46.17     0.016
   -1.93   -11.18    14.55        -1.90   -11.27    14.59     0.106
   -1.52   -12.68     1.67        -1.53   -12.77     1.68     0.090
    8.10    14.83    64.34         8.10    14.83    64.35     0.006
  -35.30   -19.86   -11.64       -35.30   -19.86   -11.64     0.007
   13.16     9.52   -23.33        13.24     9.54   -23.33     0.086
  -10.71   -26.47    -8.88       -10.69   -26.51    -8.86     0.051
   -9.65     6.16    52.30        -9.54     6.18    52.31     0.112
   15.64    -4.22    57.84        15.77    -4.33    57.85     0.170
   -2.53    20.72    48.41        -2.44    21.06    48.47     0.353
    4.45   -16.02   -16.22         4.46   -16.09   -16.23     0.070
  -18.61    11.04   -17.37       -18.61    11.04   -17.37     0.003
  -33.65   -21.08   -10.67       -33.57   -21.01   -10.75     0.136
   29.42   -11.67   -29.02        29.53   -11.68   -29.08     0.129
  -20.58     4.77   -11.09       -20.50     4.71   -11.20     0.143
  -11.56    27.28    27.67       -11.57    27.16    27.64     0.121
  -41.29    -3.79   -26.62       -41.26    -3.80   -26.62     0.035
    0.15     6.90   -20.68         0.15     6.91   -20.69     0.011
  -21.07    12.20   -26.26       -21.07    12.14   -26.25     0.053
   22.71    15.36   -33.52        22.71    15.37   -33.52     0.002
  -19.47    -9.88   -44.54       -19.46    -9.87   -44.52     0.023
    9.16   -10.98     5.20         9.16   -10.98     5.20     0.000
   30.26    19.05    10.03        30.28    19.08    10.05     0.040
   40.38     1.83   -13.95        40.38     1.84   -13.96     0.020
  -12.98   -28.84   -11.76       -13.00   -28.77   -11.80     0.082
  -17.42    -3.26     2.87       -17.37    -3.25     2.85     0.057
   25.49    -5.26    21.46        25.37    -5.11    21.37     0.209
    2.28   -15.45   -29.58         2.28   -15.46   -29.58     0.008
    4.41    20.37    47.38         4.42    20.45    47.38     0.088
  -20.71    12.32   -23.89       -20.68    12.22   -23.90     0.097
   30.08    19.74   -22.14        30.15    19.77   -22.16     0.068
   -9.52    12.95     2.89        -9.48    12.90     2.91     0.063
  -30.27     7.44   -15.94       -30.30     7.49   -15.92     0.060
    5.59    23.81    22.08         5.64    23.96    22.11     0.154
    4.58   -16.35   -10.56         4.58   -16.35   -10.56     0.009
    8.92    -8.44   -25.02         8.92    -8.45   -25.05     0.026
  -15.34    -1.29   -42.57       -15.36    -1.28   -42.66     0.092
   28.13    22.32    -0.67        28.11    22.27    -0.67     0.046
   31.79   -15.73   -18.61        31.79   -15.75   -18.61     0.020
   41.89     7.01     3.70        41.90     7.02     3.71     0.016
   34.66    16.21   -11.68        34.73    16.30   -11.71     0.121
  -11.32    12.44    41.05       -11.37    12.41    41.07     0.065
  -35.98    -6.11   -35.65       -35.98    -6.11   -35.65     0.003
    1.58    21.45    -4.08         1.50    21.54    -4.12     0.129
   -0.35   -19.08   -33.89        -0.42   -19.01   -33.88     0.102
  -32.66   -25.34   -16.61       -32.61   -25.29   -16.61     0.076
   32.59    10.93    15.12        32.62    10.94    15.14     0.036
  -14.71     9.52   -15.28       -14.71     9.44   -15.32     0.080
  -23.87   -19.13    -3.57       -23.87   -19.13    -3.56     0.017
   -1.60     5.10   -24.66        -1.61     5.09   -24.65     0.013
   -4.84    21.27    47.36        -4.85    21.23    47.34     0.049
   38.46    10.50    10.49        38.48    10.49    10.52     0.033
   39.36    -0.30   -15.70        39.34    -0.41   -15.54     0.193
   25.22     6.59    35.84        25.35     6.57    35.87     0.140
    9.90    25.32   -14.05         9.93    25.28   -14.02     0.057
  -21.48   -12.24    -2.28       -21.49   -12.26    -2.24     0.043
  -20.47     7.29   -36.27       -20.47     7.29   -36.28     0.004
   -9.47    27.32    26.59        -9.49    27.13    26.58     0.197
    5.25    -7.79   -26.06         5.24    -7.79   -26.03     0.033
   -8.82   -10.95     5.14        -8.73   -10.78     5.09     0.190
   11.03   -17.71   -15.80        11.02   -17.72   -15.80     0.015
  -26.10   -30.29   -20.72       -26.05   -30.18   -20.75     0.121
   18.24    -8.87    21.00        18.22    -8.74    20.98     0.127
    0.16    -5.97    64.22         0.16    -5.98    64.18     0.042
   33.08    19.01     6.93        33.19    19.16     6.94     0.189
  -36.98     1.08   -27.12       -37.02     1.12   -27.14     0.060
   31.88    15.27    12.38        31.91    15.30    12.39     0.040
   -3.01    22.24     5.84        -3.04    22.30     5.82     0.069
    5.30    18.24    64.28         5.30    18.23    64.28     0.004
  -15.23   -32.41   -22.06       -15.23   -32.48   -22.05     0.071
    5.37   -13.28   -21.55         5.37   -13.28   -21.55     0.009
   11.32    -8.82   -25.25        11.31    -8.83   -25.28     0.026
    1.60   -15.89   -17.92         1.54   -15.82   -17.89     0.099
  -25.47   -28.00   -13.27       -25.47   -28.04   -13.25     0.042
   23.31    19.41    17.34        23.29    19.37    17.33     0.038
   25.67    19.50    12.42        25.64    19.45    12.41     0.063
   37.01    13.98    11.29        37.00    13.97    11.29     0.016
  -38.57    -3.80   -31.41       -38.60    -3.78   -31.43     0.030
  -36.86    -2.23   -32.66       -36.82    -2.26   -32.64     0.052
    0.70    -9.29   -36.43         0.73    -9.28   -36.44     0.029
   12.05    27.45    -6.45        12.06    27.47    -6.45     0.028
   -9.42   -25.20    -8.39        -9.50   -25.16    -8.44     0.106
  -20.74     3.50   -39.17       -20.76     3.58   -39.27     0.128
  -34.07     1.61   -31.53       -34.08     1.62   -31.54     0.014
  -10.03    -9.70   -44.58       -10.03    -9.70   -44.58     0.001
   -6.46   -14.30   -42.63        -6.48   -14.30   -42.61     0.029
  -40.50    -3.03   -23.38       -40.58    -2.99   -23.36     0.092
  -34.43    -0.94   -33.96       -34.39    -0.98   -33.89     0.094
   36.70    -9.09   -13.43        36.55    -9.02   -13.42     0.165
   42.81    -0.00     5.59        42.85    -0.01     5.61     0.042
    8.00    -5.65    64.83         8.00    -5.66    64.87     0.040
  -38.26     0.12   -22.51       -38.22     0.09   -22.51     0.049
   -2.54    22.22     4.91        -2.55    22.23     4.91     0.009
   -0.48     3.66   -24.49        -0.52     3.62   -24.45     0.069
  -30.33   -20.11    -6.50       -30.33   -20.11    -6.50     0.003
   -9.99    22.62    14.53        -9.90    22.50    14.62     0.175
  -34.58    -3.02   -35.37       -34.52    -3.09   -35.26     0.148
  -29.93     2.08   -13.24       -29.91     2.22   -13.16     0.168
  -28.70   -15.20    -3.69       -28.69   -15.20    -3.65     0.034
  -14.78     7.54    -9.04       -14.76     7.52    -9.05     0.029
   34.84    -6.85   -18.23        34.93    -6.89   -18.29     0.112
   24.03    24.49    -6.14        24.04    24.50    -6.14     0.007
   -3.34     3.75   -29.67        -3.32     3.76   -29.67     0.014
   36.73    12.80   -11.91        36.82    12.89   -11.91     0.131
   -9.74    11.52   -23.96        -9.72    11.55   -23.96     0.039
  -22.62   -30.99   -17.45       -22.55   -30.75   -17.48     0.253
