27, 125, pa2-debug-d-output1.txt
  192.41,   195.62,   199.46
  401.94,   393.63,   198.88
   98.02,   100.53,   100.65
  101.33,    97.92,   225.58
  104.64,    95.31,   350.51
   99.52,   225.50,   103.23
  102.84,   222.89,   228.16
  106.15,   220.27,   353.09
  101.03,   350.46,   105.80
  104.35,   347.85,   230.73
  107.66,   345.24,   355.66
  222.96,    99.09,    97.31
  226.28,    96.48,   222.24
  229.59,    93.87,   347.17
  224.47,   224.06,    99.88
  227.79,   221.45,   224.81
  231.10,   218.83,   349.74
  225.98,   349.02,   102.46
  229.29,   346.41,   227.39
  232.61,   343.80,   352.32
  347.91,    97.65,    93.96
  351.22,    95.04,   218.89
  354.54,    92.43,   343.82
  349.42,   222.62,    96.54
  352.73,   220.01,   221.47
  356.05,   217.39,   346.40
  350.93,   347.58,    99.11
  354.24,   344.97,   224.04
  357.56,   342.36,   348.97
   99.30,   101.74,   226.14
  101.73,    98.46,   351.08
  104.16,    95.18,   476.01
  101.68,   226.67,   229.37
  104.10,   223.40,   354.31
  106.53,   220.12,   479.24
  104.05,   351.61,   232.61
  106.48,   348.33,   357.54
  108.90,   345.05,   482.47
  224.26,    99.43,   223.66
  226.68,    96.15,   348.59
  229.11,    92.87,   473.52
  226.63,   224.36,   226.89
  229.06,   221.08,   351.82
  231.48,   217.81,   476.75
  229.01,   349.30,   230.12
  231.43,   346.02,   355.05
  233.86,   342.74,   479.99
  349.21,    97.12,   221.17
  351.64,    93.84,   346.10
  354.06,    90.56,   471.04
  351.59,   222.05,   224.40
  354.01,   218.77,   349.33
  356.44,   215.50,   474.27
  353.96,   346.99,   227.63
  356.39,   343.71,   352.57
  358.81,   340.43,   477.50
  101.32,   101.89,   351.76
   97.85,   102.27,   476.71
   94.39,   102.66,   601.66
   99.03,   226.87,   351.31
   95.56,   227.25,   476.27
   92.10,   227.63,   601.22
   96.74,   351.85,   350.87
   93.27,   352.23,   475.82
   89.81,   352.61,   600.77
  226.25,   104.19,   355.22
  222.78,   104.58,   480.17
  219.32,   104.96,   605.12
  223.96,   229.17,   354.77
  220.49,   229.55,   479.72
  217.03,   229.94,   604.67
  221.67,   354.15,   354.32
  218.20,   354.53,   479.28
  214.74,   354.91,   604.23
  351.18,   106.49,   358.67
  347.71,   106.88,   483.62
  344.25,   107.26,   608.57
  348.89,   231.47,   358.22
  345.42,   231.86,   483.18
  341.96,   232.24,   608.13
  346.60,   356.45,   357.78
  343.13,   356.83,   482.73
  339.67,   357.22,   607.68
   99.30,   100.29,   475.73
  100.74,    99.37,   600.72
  102.18,    98.44,   725.71
  100.02,   225.28,   476.65
  101.46,   224.36,   601.63
  102.90,   223.44,   726.62
  100.73,   350.28,   477.56
  102.18,   349.35,   602.55
  103.62,   348.43,   727.54
  224.29,    99.58,   474.29
  225.73,    98.66,   599.27
  227.17,    97.74,   724.26
  225.00,   224.57,   475.20
  226.45,   223.65,   600.19
  227.89,   222.73,   725.18
  225.72,   349.57,   476.11
  227.17,   348.65,   601.10
  228.61,   347.72,   726.09
  349.28,    98.87,   472.84
  350.72,    97.95,   597.83
  352.16,    97.03,   722.82
  349.99,   223.87,   473.75
  351.44,   222.94,   598.74
  352.88,   222.02,   723.73
  350.71,   348.86,   474.67
  352.15,   347.94,   599.65
  353.60,   347.02,   724.64
   98.88,   100.28,   599.16
   99.22,    99.06,   724.16
   99.57,    97.83,   849.15
  102.36,   225.23,   600.38
  102.71,   224.00,   725.37
  103.06,   222.77,   850.37
  105.84,   350.18,   601.60
  106.19,   348.95,   726.59
  106.54,   347.72,   851.59
  223.83,    96.80,   598.78
  224.18,    95.58,   723.77
  224.52,    94.35,   848.77
  227.31,   221.75,   600.00
  227.66,   220.52,   724.99
  228.01,   219.29,   849.99
  230.80,   346.70,   601.22
  231.14,   345.47,   726.21
  231.49,   344.24,   851.20
  348.78,    93.32,   598.40
  349.13,    92.09,   723.39
  349.47,    90.87,   848.39
  352.26,   218.27,   599.62
  352.61,   217.04,   724.61
  352.96,   215.81,   849.60
  355.75,   343.21,   600.83
  356.09,   341.99,   725.83
  356.44,   340.76,   850.82
   98.33,   224.62,    99.76
   96.51,   226.50,   224.73
   94.70,   228.37,   349.70
   99.97,   349.60,    97.91
   98.15,   351.47,   222.88
   96.34,   353.35,   347.85
  101.61,   474.57,    96.06
   99.79,   476.45,   221.03
   97.98,   478.32,   346.00
  223.30,   223.01,   101.60
  221.49,   224.88,   226.57
  219.67,   226.76,   351.54
  224.94,   347.99,    99.75
  223.13,   349.86,   224.72
  221.31,   351.73,   349.69
  226.58,   472.96,    97.90
  224.77,   474.84,   222.87
  222.95,   476.71,   347.84
  348.28,   221.40,   103.44
  346.46,   223.27,   228.41
  344.65,   225.15,   353.38
  349.92,   346.37,   101.59
  348.10,   348.25,   226.56
  346.29,   350.12,   351.53
  351.56,   471.35,    99.74
  349.74,   473.22,   224.71
  347.93,   475.10,   349.68
  101.86,   225.84,   224.04
  103.70,   229.04,   348.99
  105.55,   232.25,   473.93
  101.45,   350.80,   220.84
  103.29,   354.00,   345.79
  105.13,   357.21,   470.73
  101.03,   475.76,   217.64
  102.88,   478.96,   342.59
  104.72,   482.17,   467.53
  226.85,   226.20,   222.19
  228.69,   229.41,   347.13
  230.53,   232.62,   472.08
  226.43,   351.16,   218.99
  228.28,   354.37,   343.93
  230.12,   357.58,   468.88
  226.02,   476.12,   215.79
  227.86,   479.33,   340.73
  229.71,   482.53,   465.68
  351.83,   226.57,   220.33
  353.68,   229.78,   345.28
  355.52,   232.98,   470.23
  351.42,   351.53,   217.13
  353.26,   354.74,   342.08
  355.11,   357.94,   467.02
  351.01,   476.49,   213.93
  352.85,   479.69,   338.88
  354.69,   482.90,   463.82
   99.33,   225.87,   350.67
   98.24,   222.68,   475.62
   97.15,   219.48,   600.58
   98.13,   350.83,   353.85
   97.04,   347.63,   478.81
   95.95,   344.43,   603.76
   96.93,   475.78,   357.04
   95.84,   472.58,   481.99
   94.75,   469.39,   606.95
  224.32,   227.04,   351.79
  223.23,   223.85,   476.74
  222.13,   220.65,   601.70
  223.12,   352.00,   354.97
  222.03,   348.80,   479.93
  220.94,   345.61,   604.88
  221.92,   476.95,   358.16
  220.83,   473.76,   483.11
  219.74,   470.56,   608.07
  349.31,   228.22,   352.91
  348.21,   225.02,   477.86
  347.12,   221.82,   602.82
  348.11,   353.17,   356.09
  347.02,   349.97,   481.05
  345.93,   346.78,   606.00
  346.91,   478.12,   359.28
  345.82,   474.93,   484.24
  344.73,   471.73,   609.19
   99.77,   225.80,   474.08
   99.62,   226.22,   599.08
   99.48,   226.64,   724.08
  103.19,   350.75,   473.66
  103.05,   351.17,   598.66
  102.91,   351.59,   723.66
  106.62,   475.70,   473.25
  106.48,   476.12,   598.25
  106.34,   476.54,   723.25
  224.72,   222.37,   474.23
  224.58,   222.79,   599.23
  224.43,   223.21,   724.23
  228.15,   347.32,   473.82
  228.00,   347.74,   598.82
  227.86,   348.16,   723.82
  231.57,   472.28,   473.40
  231.43,   472.70,   598.40
  231.29,   473.11,   723.40
  349.67,   218.95,   474.39
  349.53,   219.36,   599.39
  349.39,   219.78,   724.39
  353.10,   343.90,   473.97
  352.96,   344.32,   598.97
  352.81,   344.73,   723.97
  356.53,   468.85,   473.56
  356.38,   469.27,   598.56
  356.24,   469.69,   723.56
   99.12,   223.58,   599.93
   99.39,   226.78,   724.89
   99.67,   229.97,   849.85
   98.53,   348.54,   596.74
   98.80,   351.73,   721.70
   99.07,   354.93,   846.65
   97.94,   473.49,   593.54
   98.21,   476.69,   718.50
   98.48,   479.89,   843.46
  224.12,   224.16,   599.65
  224.39,   227.36,   724.61
  224.66,   230.56,   849.56
  223.53,   349.12,   596.45
  223.80,   352.32,   721.41
  224.07,   355.52,   846.37
  222.94,   474.08,   593.25
  223.21,   477.28,   718.21
  223.48,   480.48,   843.17
  349.12,   224.75,   599.36
  349.39,   227.95,   724.32
  349.66,   231.14,   849.28
  348.53,   349.71,   596.16
  348.80,   352.90,   721.12
  349.07,   356.10,   846.08
  347.94,   474.66,   592.97
  348.21,   477.86,   717.93
  348.48,   481.06,   842.88
  100.95,   350.55,    98.90
   97.32,   350.77,   223.85
   93.70,   351.00,   348.80
  101.89,   475.54,    98.71
   98.27,   475.77,   223.65
   94.64,   475.99,   348.60
  102.84,   600.54,    98.51
   99.21,   600.76,   223.46
   95.58,   600.99,   348.40
  225.89,   349.61,   102.53
  222.27,   349.83,   227.48
  218.64,   350.06,   352.43
  226.84,   474.60,   102.33
  223.21,   474.83,   227.28
  219.58,   475.05,   352.23
  227.78,   599.60,   102.14
  224.16,   599.83,   227.08
  220.53,   600.05,   352.03
  350.84,   348.67,   106.16
  347.21,   348.89,   231.11
  343.58,   349.12,   356.05
  351.78,   473.67,   105.96
  348.15,   473.89,   230.91
  344.53,   474.12,   355.86
  352.73,   598.66,   105.76
  349.10,   598.89,   230.71
  345.47,   599.11,   355.66
   98.73,   348.20,   224.25
   98.22,   348.27,   349.25
   97.71,   348.34,   474.25
  100.29,   473.19,   224.18
   99.78,   473.26,   349.18
   99.27,   473.33,   474.18
  101.86,   598.18,   224.12
  101.35,   598.25,   349.12
  100.84,   598.32,   474.11
  223.72,   346.63,   224.76
  223.21,   346.70,   349.76
  222.69,   346.77,   474.76
  225.28,   471.62,   224.69
  224.77,   471.69,   349.69
  224.26,   471.76,   474.69
  226.85,   596.61,   224.63
  226.34,   596.68,   349.63
  225.83,   596.75,   474.63
  348.71,   345.07,   225.27
  348.20,   345.14,   350.27
  347.68,   345.21,   475.27
  350.27,   470.06,   225.21
  349.76,   470.13,   350.21
  349.25,   470.20,   475.20
  351.84,   595.05,   225.14
  351.33,   595.12,   350.14
  350.81,   595.19,   475.14
   98.86,   351.77,   349.77
  100.44,   352.16,   474.76
  102.03,   352.56,   599.75
   99.51,   476.76,   349.37
  101.09,   477.16,   474.36
  102.67,   477.56,   599.35
  100.15,   601.76,   348.96
  101.73,   602.16,   473.95
  103.31,   602.56,   598.94
  223.85,   351.12,   348.20
  225.43,   351.52,   473.19
  227.01,   351.91,   598.17
  224.50,   476.12,   347.79
  226.08,   476.51,   472.78
  227.66,   476.91,   597.77
  225.14,   601.11,   347.38
  226.72,   601.51,   472.37
  228.30,   601.91,   597.36
  348.84,   350.47,   346.62
  350.42,   350.87,   471.61
  352.00,   351.26,   596.60
  349.48,   475.47,   346.21
  351.07,   475.86,   471.20
  352.65,   476.26,   596.19
  350.13,   600.46,   345.81
  351.71,   600.86,   470.80
  353.29,   601.26,   595.78
   98.57,   349.49,   474.72
  100.53,   352.14,   599.68
  102.49,   354.79,   724.63
   97.97,   474.46,   472.08
   99.93,   477.11,   597.04
  101.89,   479.76,   721.99
   97.37,   599.43,   469.44
   99.33,   602.08,   594.39
  101.29,   604.74,   719.35
  223.55,   350.05,   472.75
  225.51,   352.70,   597.71
  227.47,   355.35,   722.66
  222.95,   475.02,   470.11
  224.91,   477.67,   595.06
  226.87,   480.32,   720.02
  222.35,   599.99,   467.47
  224.31,   602.64,   592.42
  226.27,   605.29,   717.38
  348.54,   350.61,   470.78
  350.49,   353.26,   595.74
  352.45,   355.91,   720.69
  347.94,   475.58,   468.14
  349.89,   478.23,   593.09
  351.85,   480.88,   718.05
  347.33,   600.55,   465.50
  349.29,   603.20,   590.45
  351.25,   605.85,   715.41
   99.50,   349.03,   598.70
  100.97,   352.16,   723.65
  102.43,   355.28,   848.61
   96.70,   473.96,   595.61
   98.16,   477.09,   720.56
   99.62,   480.21,   845.52
   93.89,   598.89,   592.52
   95.35,   602.02,   717.47
   96.82,   605.14,   842.42
  224.46,   351.80,   597.17
  225.93,   354.93,   722.12
  227.39,   358.05,   847.07
  221.66,   476.73,   594.08
  223.12,   479.86,   719.03
  224.58,   482.98,   843.98
  218.85,   601.66,   590.99
  220.31,   604.79,   715.94
  221.78,   607.91,   840.89
  349.42,   354.57,   595.64
  350.89,   357.70,   720.59
  352.35,   360.82,   845.54
  346.62,   479.50,   592.55
  348.08,   482.63,   717.50
  349.54,   485.75,   842.45
  343.81,   604.43,   589.46
  345.27,   607.56,   714.41
  346.74,   610.68,   839.36
   99.69,   474.99,    99.36
  102.41,   471.93,   224.30
  105.14,   468.87,   349.23
  101.60,   599.94,   102.38
  104.32,   596.88,   227.32
  107.04,   593.82,   352.25
  103.51,   724.89,   105.40
  106.23,   721.83,   230.34
  108.95,   718.77,   355.27
  224.64,   473.15,    96.59
  227.37,   470.09,   221.53
  230.09,   467.03,   346.46
  226.55,   598.10,    99.61
  229.28,   595.04,   224.55
  232.00,   591.97,   349.48
  228.46,   723.05,   102.63
  231.19,   719.98,   227.57
  233.91,   716.92,   352.50
  349.60,   471.31,    93.82
  352.32,   468.24,   218.76
  355.05,   465.18,   343.69
  351.51,   596.25,    96.84
  354.23,   593.19,   221.78
  356.96,   590.13,   346.71
  353.42,   721.20,    99.86
  356.14,   718.14,   224.80
  358.87,   715.08,   349.73
   98.96,   474.44,   225.08
   99.35,   472.25,   350.06
   99.73,   470.07,   475.04
  102.23,   599.38,   227.25
  102.61,   597.19,   352.23
  102.99,   595.01,   477.21
  105.49,   724.31,   229.42
  105.87,   722.13,   354.41
  106.25,   719.95,   479.39
  223.92,   471.18,   224.64
  224.30,   469.00,   349.62
  224.68,   466.82,   474.60
  227.18,   596.12,   226.81
  227.56,   593.94,   351.79
  227.95,   591.75,   476.77
  230.45,   721.06,   228.99
  230.83,   718.88,   353.97
  231.21,   716.69,   478.95
  348.88,   467.93,   224.20
  349.26,   465.74,   349.18
  349.64,   463.56,   474.16
  352.14,   592.86,   226.38
  352.52,   590.68,   351.36
  352.90,   588.50,   476.34
  355.40,   717.80,   228.55
  355.78,   715.62,   353.53
  356.17,   713.44,   478.51
  100.64,   476.16,   351.29
   98.53,   479.42,   476.23
   96.41,   482.68,   601.16
  101.30,   601.12,   348.04
   99.18,   604.37,   472.98
   97.07,   607.63,   597.92
  101.96,   726.07,   344.79
   99.84,   729.33,   469.73
   97.72,   732.59,   594.67
  225.62,   475.56,   353.42
  223.51,   478.82,   478.36
  221.39,   482.07,   603.30
  226.28,   600.52,   350.17
  224.16,   603.77,   475.11
  222.05,   607.03,   600.05
  226.94,   725.47,   346.92
  224.82,   728.73,   471.86
  222.70,   731.99,   596.80
  350.60,   474.96,   355.55
  348.49,   478.22,   480.49
  346.37,   481.47,   605.43
  351.26,   599.91,   352.30
  349.14,   603.17,   477.24
  347.03,   606.43,   602.18
  351.92,   724.87,   349.06
  349.80,   728.13,   474.00
  347.68,   731.39,   598.94
   98.67,   475.72,   476.98
   98.61,   477.75,   601.96
   98.55,   479.77,   726.95
   99.17,   600.70,   474.95
   99.10,   602.73,   599.94
   99.04,   604.76,   724.92
   99.66,   725.69,   472.93
   99.60,   727.71,   597.91
   99.54,   729.74,   722.89
  223.67,   475.23,   477.05
  223.61,   477.25,   602.03
  223.55,   479.28,   727.02
  224.16,   600.21,   475.02
  224.10,   602.24,   600.01
  224.04,   604.26,   724.99
  224.66,   725.19,   473.00
  224.60,   727.22,   597.98
  224.53,   729.25,   722.97
  348.67,   474.73,   477.12
  348.61,   476.76,   602.10
  348.54,   478.79,   727.09
  349.16,   599.72,   475.09
  349.10,   601.74,   600.08
  349.04,   603.77,   725.06
  349.66,   724.70,   473.07
  349.60,   726.73,   598.05
  349.53,   728.75,   723.04
  101.33,   474.12,   600.32
   99.53,   473.57,   725.31
   97.73,   473.01,   850.29
  100.22,   599.12,   600.86
   98.42,   598.56,   725.85
   96.62,   598.01,   850.83
   99.10,   724.11,   601.40
   97.30,   723.56,   726.39
   95.50,   723.00,   851.38
  226.31,   475.23,   602.13
  224.51,   474.67,   727.11
  222.71,   474.12,   852.10
  225.20,   600.22,   602.67
  223.40,   599.67,   727.65
  221.60,   599.11,   852.64
  224.08,   725.22,   603.21
  222.28,   724.66,   728.19
  220.48,   724.10,   853.18
  351.29,   476.33,   603.93
  349.49,   475.78,   728.92
  347.69,   475.22,   853.90
  350.18,   601.33,   604.47
  348.38,   600.77,   729.46
  346.58,   600.22,   854.44
  349.07,   726.32,   605.01
  347.27,   725.77,   730.00
  345.47,   725.21,   854.98
  101.30,   599.78,   101.07
  100.90,   601.27,   226.06
  100.50,   602.75,   351.05
   99.35,   724.76,    99.58
   98.95,   726.24,   224.57
   98.55,   727.73,   349.56
   97.40,   849.73,    98.08
   97.00,   851.22,   223.08
   96.61,   852.71,   348.07
  226.28,   601.73,   101.44
  225.88,   603.22,   226.44
  225.49,   604.71,   351.43
  224.33,   726.71,    99.95
  223.94,   728.20,   224.94
  223.54,   729.68,   349.93
  222.38,   851.69,    98.46
  221.99,   853.17,   223.45
  221.59,   854.66,   348.44
  351.27,   603.69,   101.82
  350.87,   605.17,   226.81
  350.47,   606.66,   351.80
  349.32,   728.66,   100.33
  348.92,   730.15,   225.32
  348.52,   731.64,   350.31
  347.37,   853.64,    98.83
  346.97,   855.12,   223.82
  346.57,   856.61,   348.81
   99.21,   600.81,   226.90
  101.79,   602.67,   351.86
  104.38,   604.54,   476.82
   98.12,   725.79,   225.06
  100.70,   727.66,   350.02
  103.29,   729.52,   474.98
   97.03,   850.77,   223.22
   99.61,   852.64,   348.18
  102.20,   854.50,   473.14
  224.17,   601.86,   224.30
  226.76,   603.72,   349.26
  229.34,   605.59,   474.22
  223.09,   726.84,   222.46
  225.67,   728.71,   347.42
  228.26,   730.57,   472.38
  222.00,   851.82,   220.62
  224.58,   853.69,   345.58
  227.17,   855.55,   470.54
  349.14,   602.91,   221.70
  351.73,   604.77,   346.66
  354.31,   606.64,   471.62
  348.05,   727.89,   219.86
  350.64,   729.76,   344.82
  353.23,   731.62,   469.78
  346.97,   852.87,   218.02
  349.55,   854.74,   342.98
  352.14,   856.60,   467.94
   98.76,   601.13,   350.68
   97.93,   601.18,   475.67
   97.09,   601.23,   600.67
   98.45,   726.13,   350.62
   97.61,   726.18,   475.62
   96.78,   726.23,   600.62
   98.14,   851.13,   350.57
   97.30,   851.18,   475.57
   96.47,   851.23,   600.57
  223.76,   601.44,   351.51
  222.92,   601.49,   476.51
  222.09,   601.54,   601.51
  223.44,   726.44,   351.46
  222.61,   726.49,   476.46
  221.78,   726.54,   601.45
  223.13,   851.44,   351.40
  222.30,   851.49,   476.40
  221.47,   851.54,   601.40
  348.75,   601.75,   352.34
  347.92,   601.80,   477.34
  347.09,   601.85,   602.34
  348.44,   726.75,   352.29
  347.61,   726.80,   477.29
  346.77,   726.85,   602.29
  348.13,   851.75,   352.24
  347.30,   851.80,   477.24
  346.46,   851.85,   602.23
   99.67,   600.33,   476.20
  101.83,   598.76,   601.17
  103.99,   597.18,   726.14
   96.17,   725.27,   477.83
   98.33,   723.70,   602.80
  100.49,   722.12,   727.77
   92.67,   850.21,   479.46
   94.83,   848.64,   604.44
   96.99,   847.06,   729.41
  224.61,   603.86,   474.08
  226.76,   602.29,   599.05
  228.92,   600.71,   724.03
  221.10,   728.80,   475.72
  223.26,   727.23,   600.69
  225.42,   725.65,   725.66
  217.60,   853.74,   477.35
  219.76,   852.17,   602.32
  221.92,   850.59,   727.29
  349.54,   607.39,   471.97
  351.70,   605.82,   596.94
  353.85,   604.24,   721.91
  346.04,   732.33,   473.60
  348.20,   730.76,   598.58
  350.35,   729.18,   723.55
  342.54,   857.27,   475.24
  344.69,   855.70,   600.21
  346.85,   854.12,   725.18
   99.22,   601.91,   599.14
   97.42,   602.66,   724.12
   95.63,   603.41,   849.11
   98.32,   726.91,   598.38
   96.52,   727.66,   723.36
   94.73,   728.40,   848.35
   97.42,   851.90,   597.62
   95.62,   852.65,   722.61
   93.83,   853.40,   847.59
  224.20,   602.82,   600.93
  222.40,   603.57,   725.91
  220.61,   604.32,   850.90
  223.30,   727.82,   600.17
  221.51,   728.56,   725.15
  219.71,   729.31,   850.14
  222.40,   852.81,   599.41
  220.61,   853.56,   724.40
  218.81,   854.31,   849.38
  349.18,   603.73,   602.72
  347.39,   604.48,   727.70
  345.59,   605.23,   852.69
  348.29,   728.73,   601.96
  346.49,   729.47,   726.94
  344.70,   730.22,   851.93
  347.39,   853.72,   601.20
  345.59,   854.47,   726.18
  343.80,   855.21,   851.17
  225.69,    98.42,    98.80
  228.13,    99.96,   223.77
  230.58,   101.50,   348.73
  224.81,   223.41,    97.28
  227.26,   224.95,   222.25
  229.71,   226.48,   347.21
  223.94,   348.40,    95.76
  226.38,   349.93,   220.72
  228.83,   351.47,   345.69
  350.66,    99.26,    96.34
  353.10,   100.80,   221.31
  355.55,   102.34,   346.28
  349.78,   224.25,    94.82
  352.23,   225.79,   219.79
  354.68,   227.33,   344.75
  348.91,   349.24,    93.30
  351.36,   350.78,   218.27
  353.80,   352.31,   343.23
  475.63,   100.11,    93.89
  478.08,   101.64,   218.85
  480.52,   103.18,   343.82
  474.76,   225.09,    92.36
  477.20,   226.63,   217.33
  479.65,   228.17,   342.30
  473.88,   350.08,    90.84
  476.33,   351.62,   215.81
  478.78,   353.16,   340.78
  224.92,    99.76,   226.15
  224.92,    99.33,   351.15
  224.92,    98.90,   476.14
  228.45,   224.71,   226.58
  228.46,   224.28,   351.58
  228.46,   223.85,   476.57
  231.99,   349.66,   227.01
  231.99,   349.23,   352.01
  232.00,   348.80,   477.01
  349.87,    96.22,   226.13
  349.87,    95.79,   351.13
  349.87,    95.36,   476.13
  353.40,   221.17,   226.56
  353.41,   220.74,   351.56
  353.41,   220.31,   476.56
  356.94,   346.12,   226.99
  356.94,   345.69,   351.99
  356.95,   345.26,   476.99
  474.82,    92.69,   226.11
  474.82,    92.25,   351.11
  474.82,    91.82,   476.11
  478.35,   217.63,   226.54
  478.36,   217.20,   351.54
  478.36,   216.77,   476.54
  481.89,   342.58,   226.98
  481.89,   342.15,   351.97
  481.90,   341.72,   476.97
  226.59,    98.46,   349.31
  223.00,    96.45,   474.24
  219.40,    94.45,   599.17
  224.60,   223.42,   351.25
  221.00,   221.42,   476.18
  217.40,   219.42,   601.12
  222.60,   348.39,   353.20
  219.00,   346.39,   478.13
  215.41,   344.39,   603.06
  351.53,   100.40,   352.94
  347.93,    98.39,   477.87
  344.33,    96.39,   602.80
  349.53,   225.36,   354.88
  345.93,   223.36,   479.81
  342.33,   221.36,   604.74
  347.53,   350.33,   356.82
  343.94,   348.33,   481.76
  340.34,   346.33,   606.69
  476.46,   102.34,   356.56
  472.86,   100.33,   481.50
  469.26,    98.33,   606.43
  474.46,   227.30,   358.51
  470.86,   225.30,   483.44
  467.27,   223.30,   608.37
  472.47,   352.27,   360.45
  468.87,   350.27,   485.38
  465.27,   348.27,   610.32
  223.62,   100.73,   475.66
  227.09,   100.32,   600.61
  230.56,    99.90,   725.56
  223.86,   225.73,   476.06
  227.34,   225.32,   601.02
  230.81,   224.90,   725.97
  224.11,   350.73,   476.47
  227.58,   350.31,   601.42
  231.05,   349.90,   726.37
  348.57,   100.50,   472.18
  352.04,   100.08,   597.14
  355.51,    99.67,   722.09
  348.82,   225.50,   472.59
  352.29,   225.08,   597.54
  355.76,   224.67,   722.49
  349.06,   350.50,   473.00
  352.53,   350.08,   597.95
  356.00,   349.67,   722.90
  473.52,   100.26,   468.71
  476.99,    99.85,   593.66
  480.47,    99.44,   718.62
  473.77,   225.26,   469.12
  477.24,   224.85,   594.07
  480.71,   224.44,   719.02
  474.01,   350.26,   469.53
  477.48,   349.85,   594.48
  480.95,   349.43,   719.43
  226.26,   101.99,   598.96
  224.56,   104.81,   723.92
  222.85,   107.63,   848.87
  226.86,   226.95,   596.14
  225.15,   229.78,   721.10
  223.45,   232.60,   846.06
  227.45,   351.92,   593.33
  225.75,   354.74,   718.28
  224.05,   357.57,   843.24
  351.25,   101.43,   600.68
  349.54,   104.25,   725.63
  347.84,   107.08,   850.59
  351.84,   226.39,   597.86
  350.14,   229.22,   722.82
  348.44,   232.04,   847.77
  352.44,   351.36,   595.04
  350.74,   354.18,   720.00
  349.04,   357.01,   844.96
  476.23,   100.87,   602.39
  474.53,   103.69,   727.35
  472.83,   106.52,   852.31
  476.83,   225.83,   599.58
  475.13,   228.66,   724.53
  473.42,   231.48,   849.49
  477.43,   350.80,   596.76
  475.73,   353.63,   721.72
  474.02,   356.45,   846.67
  223.84,   225.75,   101.11
  223.59,   227.19,   226.10
  223.34,   228.62,   351.09
  226.53,   350.72,    99.68
  226.28,   352.15,   224.67
  226.03,   353.58,   349.66
  229.21,   475.68,    98.25
  228.96,   477.11,   223.24
  228.72,   478.55,   348.24
  348.81,   223.07,   101.39
  348.56,   224.50,   226.38
  348.32,   225.94,   351.37
  351.50,   348.03,    99.96
  351.25,   349.47,   224.95
  351.00,   350.90,   349.94
  354.18,   473.00,    98.53
  353.93,   474.43,   223.52
  353.69,   475.86,   348.51
  473.78,   220.39,   101.67
  473.53,   221.82,   226.66
  473.29,   223.25,   351.65
  476.47,   345.35,   100.24
  476.22,   346.78,   225.23
  475.97,   348.22,   350.22
  479.15,   470.31,    98.81
  478.91,   471.75,   223.80
  478.66,   473.18,   348.79
  223.52,   223.20,   223.36
  223.60,   219.80,   348.32
  223.68,   216.40,   473.27
  223.45,   348.16,   226.76
  223.53,   344.76,   351.72
  223.60,   341.36,   476.67
  223.38,   473.11,   230.16
  223.46,   469.71,   355.12
  223.53,   466.31,   480.07
  348.52,   223.28,   223.29
  348.60,   219.88,   348.24
  348.68,   216.48,   473.20
  348.45,   348.23,   226.69
  348.53,   344.83,   351.64
  348.60,   341.43,   476.60
  348.38,   473.18,   230.09
  348.46,   469.78,   355.04
  348.53,   466.38,   480.00
  473.52,   223.35,   223.22
  473.60,   219.95,   348.17
  473.68,   216.55,   473.12
  473.45,   348.30,   226.61
  473.53,   344.90,   351.57
  473.60,   341.50,   476.52
  473.38,   473.26,   230.01
  473.46,   469.86,   354.97
  473.53,   466.46,   479.92
  225.88,   223.06,   348.59
  226.15,   219.71,   473.55
  226.41,   216.37,   598.50
  227.42,   348.00,   351.94
  227.68,   344.66,   476.89
  227.95,   341.31,   601.85
  228.95,   472.95,   355.28
  229.22,   469.60,   480.23
  229.48,   466.26,   605.19
  350.87,   221.53,   348.29
  351.14,   218.18,   473.24
  351.40,   214.84,   598.20
  352.41,   346.47,   351.63
  352.67,   343.13,   476.59
  352.94,   339.78,   601.54
  353.94,   471.42,   354.97
  354.21,   468.08,   479.93
  354.47,   464.73,   604.88
  475.86,   220.00,   347.98
  476.13,   216.65,   472.94
  476.39,   213.31,   597.89
  477.40,   344.95,   351.32
  477.66,   341.60,   476.28
  477.93,   338.26,   601.23
  478.93,   469.89,   354.67
  479.20,   466.55,   479.62
  479.46,   463.20,   604.58
  225.89,   223.59,   476.43
  222.84,   225.04,   601.39
  219.79,   226.48,   726.34
  223.86,   348.57,   474.94
  220.81,   350.01,   599.89
  217.76,   351.46,   724.85
  221.83,   473.54,   473.44
  218.78,   474.99,   598.40
  215.73,   476.43,   723.35
  350.83,   225.66,   479.46
  347.79,   227.10,   604.41
  344.74,   228.55,   729.37
  348.80,   350.63,   477.96
  345.76,   352.08,   602.92
  342.71,   353.52,   727.87
  346.77,   475.61,   476.47
  343.73,   477.05,   601.42
  340.68,   478.50,   726.38
  475.78,   227.72,   482.48
  472.73,   229.17,   607.43
  469.68,   230.61,   732.39
  473.75,   352.70,   480.98
  470.70,   354.14,   605.94
  467.65,   355.59,   730.89
  471.72,   477.67,   479.49
  468.67,   479.12,   604.44
  465.62,   480.56,   729.40
  224.43,   226.61,   601.96
  221.70,   229.72,   726.89
  218.97,   232.84,   851.82
  225.46,   351.56,   598.86
  222.73,   354.68,   723.79
  220.00,   357.80,   848.73
  226.50,   476.52,   595.77
  223.77,   479.64,   720.70
  221.04,   482.76,   845.63
  349.39,   225.64,   604.71
  346.66,   228.76,   729.65
  343.93,   231.87,   854.58
  350.43,   350.59,   601.62
  347.70,   353.71,   726.55
  344.97,   356.83,   851.48
  351.46,   475.55,   598.52
  348.73,   478.67,   723.45
  346.00,   481.79,   848.38
  474.36,   224.67,   607.47
  471.63,   227.79,   732.40
  468.90,   230.91,   857.33
  475.39,   349.63,   604.37
  472.66,   352.75,   729.30
  469.93,   355.86,   854.23
  476.43,   474.58,   601.28
  473.70,   477.70,   726.21
  470.97,   480.82,   851.14
  223.72,   351.45,    99.41
  225.64,   350.91,   224.40
  227.56,   350.36,   349.38
  224.97,   476.45,    99.94
  226.89,   475.90,   224.92
  228.81,   475.36,   349.91
  226.22,   601.44,   100.46
  228.14,   600.89,   225.45
  230.05,   600.35,   350.43
  348.70,   350.21,    97.49
  350.62,   349.67,   222.47
  352.54,   349.12,   347.46
  349.95,   475.21,    98.01
  351.87,   474.66,   223.00
  353.79,   474.12,   347.98
  351.20,   600.20,    98.54
  353.11,   599.65,   223.52
  355.03,   599.11,   348.51
  473.68,   348.97,    95.56
  475.60,   348.43,   220.55
  477.52,   347.89,   345.53
  474.93,   473.97,    96.09
  476.85,   473.42,   221.07
  478.76,   472.88,   346.06
  476.17,   598.96,    96.61
  478.09,   598.42,   221.60
  480.01,   597.87,   346.58
  226.18,   351.73,   225.09
  226.36,   348.16,   350.04
  226.54,   344.59,   474.99
  225.06,   476.67,   228.66
  225.24,   473.11,   353.61
  225.42,   469.54,   478.56
  223.94,   601.62,   232.23
  224.12,   598.05,   357.18
  224.30,   594.48,   482.13
  351.17,   352.86,   224.94
  351.36,   349.29,   349.89
  351.54,   345.72,   474.84
  350.05,   477.80,   228.51
  350.23,   474.23,   353.46
  350.41,   470.66,   478.41
  348.93,   602.75,   232.08
  349.11,   599.18,   357.03
  349.29,   595.61,   481.98
  476.17,   353.98,   224.79
  476.35,   350.42,   349.74
  476.53,   346.85,   474.69
  475.05,   478.93,   228.36
  475.23,   475.36,   353.31
  475.41,   471.79,   478.26
  473.93,   603.87,   231.93
  474.11,   600.30,   356.88
  474.29,   596.73,   481.83
  223.25,   351.98,   350.25
  226.25,   351.81,   475.22
  229.26,   351.63,   600.18
  219.62,   476.93,   350.51
  222.63,   476.75,   475.48
  225.63,   476.58,   600.44
  215.99,   601.88,   350.78
  219.00,   601.70,   475.74
  222.00,   601.52,   600.71
  348.16,   355.61,   347.25
  351.17,   355.44,   472.22
  354.17,   355.26,   597.18
  344.53,   480.56,   347.52
  347.54,   480.39,   472.48
  350.54,   480.21,   597.44
  340.91,   605.51,   347.78
  343.91,   605.33,   472.74
  346.92,   605.16,   597.71
  473.07,   359.25,   344.25
  476.08,   359.07,   469.22
  479.08,   358.90,   594.18
  469.44,   484.19,   344.52
  472.45,   484.02,   469.48
  475.45,   483.84,   594.45
  465.82,   609.14,   344.78
  468.82,   608.97,   469.74
  471.83,   608.79,   594.71
  224.66,   348.19,   473.18
  223.78,   345.42,   598.14
  222.90,   342.65,   723.11
  225.10,   473.16,   475.95
  224.22,   470.39,   600.92
  223.34,   467.62,   725.88
  225.54,   598.12,   478.72
  224.66,   595.35,   603.69
  223.79,   592.58,   728.65
  349.66,   347.73,   474.04
  348.78,   344.96,   599.01
  347.90,   342.19,   723.98
  350.10,   472.70,   476.82
  349.22,   469.93,   601.78
  348.34,   467.16,   726.75
  350.54,   597.67,   479.59
  349.66,   594.89,   604.56
  348.78,   592.12,   729.52
  474.65,   347.27,   474.91
  473.77,   344.50,   599.88
  472.90,   341.73,   724.84
  475.09,   472.24,   477.68
  474.21,   469.47,   602.65
  473.34,   466.70,   727.62
  475.53,   597.21,   480.46
  474.66,   594.43,   605.42
  473.78,   591.66,   730.39
  226.31,   348.86,   599.76
  228.77,   349.71,   724.74
  231.23,   350.56,   849.71
  229.36,   473.82,   598.85
  231.82,   474.67,   723.82
  234.29,   475.52,   848.79
  232.41,   598.78,   597.93
  234.87,   599.63,   722.91
  237.34,   600.48,   847.88
  351.24,   345.79,   597.32
  353.71,   346.64,   722.29
  356.17,   347.49,   847.27
  354.30,   470.75,   596.41
  356.76,   471.60,   721.38
  359.22,   472.45,   846.35
  357.35,   595.71,   595.49
  359.81,   596.56,   720.47
  362.28,   597.41,   845.44
  476.18,   342.72,   594.88
  478.65,   343.57,   719.85
  481.11,   344.43,   844.82
  479.23,   467.68,   593.96
  481.70,   468.53,   718.94
  484.16,   469.39,   843.91
  482.29,   592.64,   593.05
  484.75,   593.49,   718.02
  487.21,   594.35,   843.00
  224.39,   476.86,    98.25
  221.76,   473.48,   223.18
  219.12,   470.10,   348.11
  223.35,   601.81,   101.61
  220.72,   598.43,   226.54
  218.08,   595.05,   351.47
  222.31,   726.76,   104.98
  219.68,   723.38,   229.90
  217.04,   720.00,   354.83
  349.36,   477.83,   100.92
  346.73,   474.45,   225.84
  344.09,   471.07,   350.77
  348.32,   602.78,   104.28
  345.69,   599.40,   229.20
  343.05,   596.02,   354.13
  347.28,   727.73,   107.64
  344.65,   724.35,   232.56
  342.01,   720.97,   357.49
  474.33,   478.80,   103.58
  471.69,   475.42,   228.50
  469.06,   472.04,   353.43
  473.29,   603.75,   106.94
  470.65,   600.37,   231.86
  468.02,   596.99,   356.79
  472.25,   728.70,   110.30
  469.61,   725.32,   235.22
  466.98,   721.94,   360.15
  223.26,   475.86,   226.71
  220.16,   478.76,   351.63
  217.05,   481.66,   476.56
  224.94,   600.81,   223.84
  221.83,   603.72,   348.77
  218.73,   606.62,   473.70
  226.62,   725.77,   220.98
  223.51,   728.67,   345.91
  220.41,   731.58,   470.84
  348.21,   474.25,   229.85
  345.11,   477.15,   354.77
  342.00,   480.06,   479.70
  349.89,   599.21,   226.98
  346.78,   602.11,   351.91
  343.68,   605.01,   476.84
  351.57,   724.16,   224.12
  348.46,   727.07,   349.05
  345.36,   729.97,   473.98
  473.16,   472.64,   232.99
  470.06,   475.55,   357.92
  466.95,   478.45,   482.84
  474.84,   597.60,   230.13
  471.73,   600.50,   355.05
  468.63,   603.41,   479.98
  476.52,   722.56,   227.26
  473.41,   725.46,   352.19
  470.31,   728.36,   477.12
  225.39,   474.78,   349.29
  225.90,   476.51,   474.27
  226.42,   478.25,   599.26
  224.19,   599.76,   347.56
  224.71,   601.50,   472.54
  225.23,   603.23,   597.53
  223.00,   724.75,   345.83
  223.51,   726.48,   470.82
  224.03,   728.21,   595.80
  350.38,   475.97,   348.75
  350.90,   477.70,   473.74
  351.42,   479.44,   598.73
  349.18,   600.95,   347.02
  349.70,   602.69,   472.01
  350.22,   604.42,   597.00
  347.99,   725.93,   345.29
  348.51,   727.67,   470.28
  349.02,   729.40,   595.27
  475.37,   477.16,   348.22
  475.89,   478.89,   473.21
  476.41,   480.63,   598.19
  474.18,   602.14,   346.49
  474.69,   603.88,   471.48
  475.21,   605.61,   596.46
  472.98,   727.12,   344.76
  473.50,   728.86,   469.75
  474.02,   730.59,   594.74
  224.61,   476.25,   475.25
  224.80,   472.98,   600.21
  225.00,   469.71,   725.17
  227.56,   601.18,   478.52
  227.76,   597.90,   603.48
  227.95,   594.63,   728.44
  230.52,   726.10,   481.79
  230.71,   722.82,   606.75
  230.90,   719.55,   731.70
  349.57,   473.30,   474.98
  349.77,   470.03,   599.94
  349.96,   466.76,   724.90
  352.53,   598.23,   478.25
  352.72,   594.95,   603.21
  352.91,   591.68,   728.17
  355.48,   723.15,   481.52
  355.68,   719.88,   606.48
  355.87,   716.60,   731.43
  474.54,   470.36,   474.71
  474.73,   467.08,   599.67
  474.92,   463.81,   724.63
  477.49,   595.28,   477.98
  477.69,   592.00,   602.94
  477.88,   588.73,   727.90
  480.45,   720.20,   481.25
  480.64,   716.93,   606.21
  480.83,   713.65,   731.16
  223.47,   475.59,   600.17
  221.89,   472.52,   725.13
  220.31,   469.45,   850.08
  220.12,   600.51,   603.20
  218.54,   597.44,   728.15
  216.96,   594.37,   853.10
  216.76,   725.42,   606.22
  215.19,   722.36,   731.18
  213.61,   719.29,   856.13
  348.41,   478.90,   601.83
  346.84,   475.83,   726.79
  345.26,   472.76,   851.74
  345.06,   603.82,   604.86
  343.48,   600.75,   729.81
  341.91,   597.68,   854.76
  341.71,   728.74,   607.88
  340.13,   725.67,   732.83
  338.55,   722.60,   857.79
  473.36,   482.21,   603.49
  471.78,   479.15,   728.45
  470.20,   476.08,   853.40
  470.01,   607.13,   606.52
  468.43,   604.06,   731.47
  466.85,   601.00,   856.42
  466.65,   732.05,   609.54
  465.08,   728.98,   734.49
  463.50,   725.91,   859.45
  224.14,   598.42,    98.27
  225.45,   597.13,   223.26
  226.75,   595.84,   348.25
  226.32,   723.40,    99.54
  227.62,   722.11,   224.52
  228.92,   720.82,   349.51
  228.49,   848.37,   100.80
  229.79,   847.08,   225.79
  231.09,   845.79,   350.78
  349.12,   596.26,    96.95
  350.42,   594.98,   221.94
  351.72,   593.69,   346.92
  351.29,   721.24,    98.21
  352.59,   719.95,   223.20
  353.89,   718.66,   348.19
  353.46,   846.21,    99.48
  354.76,   844.92,   224.47
  356.06,   843.64,   349.45
  474.09,   594.11,    95.63
  475.39,   592.82,   220.61
  476.70,   591.53,   345.60
  476.26,   719.08,    96.89
  477.57,   717.79,   221.88
  478.87,   716.50,   346.86
  478.44,   844.06,    98.16
  479.74,   842.77,   223.14
  481.04,   841.48,   348.13
  223.83,   601.36,   224.35
  223.09,   603.02,   349.34
  222.34,   604.68,   474.33
  224.70,   726.35,   222.70
  223.96,   728.01,   347.69
  223.21,   729.67,   472.67
  225.58,   851.34,   221.05
  224.83,   852.99,   346.03
  224.09,   854.65,   471.02
  348.82,   600.50,   225.11
  348.08,   602.16,   350.09
  347.34,   603.82,   475.08
  349.70,   725.49,   223.46
  348.95,   727.14,   348.44
  348.21,   728.80,   473.43
  350.57,   850.47,   221.80
  349.83,   852.13,   346.79
  349.08,   853.79,   471.78
  473.82,   599.64,   225.86
  473.07,   601.30,   350.85
  472.33,   602.95,   475.84
  474.69,   724.62,   224.21
  473.95,   726.28,   349.20
  473.20,   727.94,   474.18
  475.57,   849.61,   222.56
  474.82,   851.27,   347.55
  474.08,   852.93,   472.53
  223.56,   601.16,   349.16
  223.80,   601.92,   474.16
  224.05,   602.69,   599.16
  222.05,   726.15,   348.40
  222.29,   726.91,   473.39
  222.53,   727.68,   598.39
  220.53,   851.13,   347.63
  220.78,   851.90,   472.63
  221.02,   852.67,   597.63
  348.55,   602.67,   348.91
  348.79,   603.43,   473.91
  349.04,   604.20,   598.90
  347.04,   727.66,   348.14
  347.28,   728.42,   473.14
  347.52,   729.19,   598.14
  345.52,   852.64,   347.38
  345.77,   853.41,   472.38
  346.01,   854.18,   597.37
  473.54,   604.18,   348.65
  473.78,   604.94,   473.65
  474.03,   605.71,   598.65
  472.03,   729.17,   347.89
  472.27,   729.93,   472.89
  472.51,   730.70,   597.89
  470.51,   854.15,   347.13
  470.76,   854.92,   472.12
  471.00,   855.69,   597.12
  224.01,   598.07,   474.24
  224.11,   598.24,   599.24
  224.20,   598.41,   724.24
  220.28,   723.01,   474.07
  220.37,   723.18,   599.07
  220.47,   723.36,   724.07
  216.55,   847.95,   473.90
  216.64,   848.13,   598.90
  216.73,   848.30,   723.90
  348.96,   601.80,   474.14
  349.05,   601.97,   599.14
  349.14,   602.14,   724.14
  345.22,   726.74,   473.97
  345.32,   726.92,   598.97
  345.41,   727.09,   723.97
  341.49,   851.69,   473.80
  341.58,   851.86,   598.80
  341.68,   852.03,   723.80
  473.90,   605.53,   474.04
  473.99,   605.70,   599.04
  474.09,   605.88,   724.04
  470.17,   730.48,   473.87
  470.26,   730.65,   598.87
  470.36,   730.82,   723.87
  466.43,   855.42,   473.70
  466.53,   855.59,   598.70
  466.62,   855.77,   723.70
  225.59,   600.66,   599.99
  224.82,   598.53,   724.97
  224.05,   596.39,   849.95
  226.96,   725.64,   602.14
  226.19,   723.50,   727.12
  225.42,   721.36,   852.09
  228.33,   850.61,   604.28
  227.56,   848.47,   729.26
  226.78,   846.34,   854.24
  350.58,   599.28,   600.74
  349.81,   597.14,   725.72
  349.04,   595.01,   850.70
  351.95,   724.26,   602.89
  351.18,   722.12,   727.86
  350.41,   719.98,   852.84
  353.32,   849.23,   605.03
  352.55,   847.09,   730.01
  351.77,   844.95,   854.99
  475.57,   597.90,   601.49
  474.80,   595.76,   726.47
  474.03,   593.62,   851.45
  476.94,   722.87,   603.63
  476.17,   720.74,   728.61
  475.40,   718.60,   853.59
  478.31,   847.85,   605.78
  477.54,   845.71,   730.76
  476.76,   843.57,   855.74
  350.46,   100.24,   100.59
  346.98,   100.08,   225.54
  343.50,    99.93,   350.49
  351.38,   225.23,   100.77
  347.90,   225.08,   225.72
  344.42,   224.92,   350.67
  352.30,   350.23,   100.95
  348.82,   350.08,   225.90
  345.34,   349.92,   350.85
  475.40,    99.31,   104.07
  471.92,    99.15,   229.02
  468.44,    99.00,   353.97
  476.33,   224.31,   104.25
  472.85,   224.15,   229.20
  469.37,   224.00,   354.15
  477.25,   349.30,   104.43
  473.77,   349.15,   229.38
  470.29,   348.99,   354.33
  600.35,    98.38,   107.55
  596.87,    98.23,   232.50
  593.39,    98.07,   357.45
  601.28,   223.38,   107.73
  597.80,   223.22,   232.68
  594.32,   223.07,   357.63
  602.20,   348.37,   107.91
  598.72,   348.22,   232.86
  595.24,   348.06,   357.81
  350.99,   100.08,   224.77
  351.45,   100.32,   349.77
  351.91,   100.57,   474.77
  353.30,   225.06,   224.52
  353.76,   225.30,   349.52
  354.22,   225.54,   474.52
  355.60,   350.04,   224.27
  356.06,   350.28,   349.27
  356.52,   350.52,   474.27
  475.97,    97.78,   224.32
  476.43,    98.02,   349.32
  476.89,    98.26,   474.31
  478.27,   222.76,   224.07
  478.73,   223.00,   349.07
  479.19,   223.24,   474.06
  480.58,   347.74,   223.82
  481.04,   347.98,   348.82
  481.50,   348.22,   473.82
  600.95,    95.47,   223.86
  601.41,    95.71,   348.86
  601.87,    95.96,   473.86
  603.25,   220.45,   223.61
  603.71,   220.69,   348.61
  604.17,   220.93,   473.61
  605.56,   345.43,   223.36
  606.02,   345.67,   348.36
  606.48,   345.91,   473.36
  349.99,    98.83,   349.14
  349.65,    98.73,   474.14
  349.30,    98.64,   599.14
  350.90,   223.83,   349.23
  350.56,   223.73,   474.23
  350.21,   223.64,   599.23
  351.81,   348.82,   349.33
  351.47,   348.73,   474.33
  351.13,   348.63,   599.33
  474.99,    97.92,   349.48
  474.64,    97.82,   474.48
  474.30,    97.73,   599.48
  475.90,   222.91,   349.58
  475.55,   222.82,   474.58
  475.21,   222.72,   599.58
  476.81,   347.91,   349.67
  476.46,   347.82,   474.67
  476.12,   347.72,   599.67
  599.98,    97.01,   349.82
  599.64,    96.91,   474.82
  599.30,    96.82,   599.82
  600.89,   222.00,   349.92
  600.55,   221.91,   474.92
  600.21,   221.81,   599.92
  601.80,   347.00,   350.02
  601.46,   346.90,   475.02
  601.12,   346.81,   600.02
  351.16,   101.22,   473.20
  351.20,   102.20,   598.20
  351.25,   103.17,   723.19
  350.21,   226.22,   472.22
  350.26,   227.19,   597.22
  350.31,   228.16,   722.22
  349.27,   351.21,   471.25
  349.31,   352.18,   596.25
  349.36,   353.16,   721.24
  476.15,   102.17,   473.15
  476.20,   103.14,   598.14
  476.25,   104.12,   723.14
  475.21,   227.16,   472.17
  475.25,   228.13,   597.17
  475.30,   229.11,   722.16
  474.26,   352.15,   471.20
  474.31,   353.13,   596.19
  474.36,   354.10,   721.19
  601.15,   103.11,   473.09
  601.20,   104.09,   598.09
  601.24,   105.06,   723.08
  600.20,   228.10,   472.12
  600.25,   229.08,   597.11
  600.30,   230.05,   722.11
  599.26,   353.10,   471.14
  599.31,   354.07,   596.14
  599.35,   355.05,   721.13
  350.13,   101.77,   600.03
  350.23,    98.53,   724.99
  350.32,    95.30,   849.95
  353.19,   226.69,   603.26
  353.29,   223.45,   728.22
  353.38,   220.22,   853.18
  356.26,   351.61,   606.49
  356.35,   348.37,   731.45
  356.45,   345.14,   856.41
  475.10,    98.71,   599.86
  475.19,    95.47,   724.82
  475.29,    92.24,   849.77
  478.16,   223.63,   603.09
  478.25,   220.39,   728.05
  478.35,   217.16,   853.00
  481.22,   348.55,   606.32
  481.31,   345.32,   731.28
  481.41,   342.08,   856.24
  600.06,    95.65,   599.68
  600.15,    92.42,   724.64
  600.25,    89.18,   849.60
  603.12,   220.57,   602.91
  603.21,   217.34,   727.87
  603.31,   214.10,   852.83
  606.18,   345.49,   606.15
  606.28,   342.26,   731.10
  606.37,   339.02,   856.06
  348.96,   226.26,    98.18
  348.75,   228.69,   223.16
  348.53,   231.12,   348.13
  346.40,   351.21,    95.75
  346.19,   353.64,   220.72
  345.97,   356.07,   345.70
  343.84,   476.16,    93.31
  343.63,   478.59,   218.29
  343.41,   481.02,   343.27
  473.93,   228.83,    98.34
  473.72,   231.26,   223.32
  473.51,   233.68,   348.30
  471.37,   353.78,    95.91
  471.16,   356.21,   220.89
  470.95,   358.63,   345.86
  468.81,   478.73,    93.48
  468.60,   481.16,   218.45
  468.39,   483.59,   343.43
  598.91,   231.39,    98.51
  598.69,   233.82,   223.48
  598.48,   236.25,   348.46
  596.35,   356.34,    96.07
  596.13,   358.77,   221.05
  595.92,   361.20,   346.03
  593.79,   481.29,    93.64
  593.57,   483.72,   218.62
  593.36,   486.15,   343.59
  351.83,   226.26,   226.73
  349.51,   223.10,   351.66
  347.19,   219.95,   476.60
  350.87,   351.22,   229.86
  348.56,   348.06,   354.80
  346.24,   344.91,   479.74
  349.92,   476.17,   233.00
  347.60,   473.02,   357.94
  345.28,   469.86,   482.88
  476.81,   227.16,   229.07
  474.49,   224.00,   354.01
  472.17,   220.85,   478.94
  475.85,   352.11,   232.20
  473.53,   348.96,   357.14
  471.21,   345.80,   482.08
  474.89,   477.07,   235.34
  472.57,   473.92,   360.28
  470.25,   470.76,   485.22
  601.78,   228.06,   231.41
  599.46,   224.90,   356.35
  597.14,   221.75,   481.29
  600.82,   353.01,   234.55
  598.51,   349.86,   359.48
  596.19,   346.70,   484.42
  599.87,   477.97,   237.68
  597.55,   474.81,   362.62
  595.23,   471.66,   487.56
  349.86,   224.39,   351.93
  346.41,   221.31,   476.84
  342.95,   218.23,   601.75
  346.42,   349.31,   354.91
  342.96,   346.23,   479.83
  339.50,   343.14,   604.74
  342.97,   474.23,   357.90
  339.51,   471.14,   482.82
  336.05,   468.06,   607.73
  474.77,   227.75,   355.47
  471.31,   224.67,   480.38
  467.85,   221.59,   605.29
  471.32,   352.67,   358.45
  467.86,   349.59,   483.37
  464.41,   346.51,   608.28
  467.87,   477.59,   361.44
  464.42,   474.51,   486.36
  460.96,   471.42,   611.27
  599.67,   231.12,   359.01
  596.22,   228.03,   483.92
  592.76,   224.95,   608.84
  596.23,   356.03,   361.99
  592.77,   352.95,   486.91
  589.31,   349.87,   611.82
  592.78,   480.95,   364.98
  589.32,   477.87,   489.90
  585.86,   474.78,   614.81
  349.75,   223.85,   475.08
  346.18,   221.54,   600.01
  342.61,   219.24,   724.94
  350.58,   348.82,   477.41
  347.01,   346.52,   602.34
  343.44,   344.21,   727.27
  351.41,   473.80,   479.75
  347.83,   471.49,   604.67
  344.26,   469.19,   729.60
  474.70,   222.96,   478.64
  471.13,   220.65,   603.57
  467.56,   218.34,   728.50
  475.53,   347.93,   480.97
  471.95,   345.63,   605.90
  468.38,   343.32,   730.83
  476.35,   472.91,   483.30
  472.78,   470.60,   608.23
  469.21,   468.30,   733.16
  599.65,   222.06,   482.20
  596.07,   219.76,   607.13
  592.50,   217.45,   732.05
  600.47,   347.04,   484.53
  596.90,   344.73,   609.46
  593.33,   342.43,   734.38
  601.30,   472.02,   486.86
  597.73,   469.71,   611.79
  594.15,   467.40,   736.71
  350.04,   225.18,   601.49
  352.96,   227.92,   726.42
  355.89,   230.67,   851.36
  353.16,   350.11,   598.67
  356.08,   352.85,   723.60
  359.00,   355.60,   848.54
  356.28,   475.03,   595.85
  359.20,   477.78,   720.78
  362.12,   480.53,   845.72
  474.97,   221.99,   598.63
  477.89,   224.74,   723.57
  480.81,   227.49,   848.51
  478.09,   346.92,   595.81
  481.01,   349.67,   720.75
  483.93,   352.42,   845.68
  481.20,   471.85,   592.99
  484.13,   474.60,   717.93
  487.05,   477.35,   842.86
  599.89,   218.81,   595.78
  602.82,   221.56,   720.72
  605.74,   224.31,   845.65
  603.01,   343.74,   592.96
  605.94,   346.49,   717.90
  608.86,   349.24,   842.83
  606.13,   468.67,   590.14
  609.05,   471.42,   715.08
  611.98,   474.16,   840.01
  351.27,   351.96,    99.96
  351.92,   350.36,   224.95
  352.56,   348.77,   349.94
  350.73,   476.95,   101.56
  351.37,   475.35,   226.55
  352.01,   473.76,   351.54
  350.19,   601.94,   103.16
  350.83,   600.34,   228.15
  351.47,   598.75,   353.14
  476.27,   352.51,    99.33
  476.91,   350.91,   224.32
  477.55,   349.32,   349.31
  475.73,   477.50,   100.93
  476.37,   475.90,   225.92
  477.01,   474.31,   350.90
  475.18,   602.49,   102.53
  475.83,   600.89,   227.51
  476.47,   599.30,   352.50
  601.27,   353.06,    98.70
  601.91,   351.47,   223.68
  602.55,   349.87,   348.67
  600.73,   478.05,   100.29
  601.37,   476.46,   225.28
  602.01,   474.86,   350.27
  600.18,   603.04,   101.89
  600.82,   601.44,   226.88
  601.46,   599.85,   351.87
  351.90,   350.56,   224.76
  351.56,   350.59,   349.76
  351.23,   350.62,   474.76
  354.41,   475.54,   224.74
  354.07,   475.57,   349.74
  353.74,   475.60,   474.73
  356.92,   600.51,   224.71
  356.58,   600.54,   349.71
  356.24,   600.57,   474.71
  476.88,   348.05,   225.10
  476.54,   348.08,   350.10
  476.20,   348.11,   475.10
  479.38,   473.03,   225.07
  479.05,   473.06,   350.07
  478.71,   473.09,   475.07
  481.89,   598.00,   225.05
  481.56,   598.03,   350.05
  481.22,   598.06,   475.05
  601.85,   345.54,   225.43
  601.51,   345.57,   350.43
  601.17,   345.60,   475.43
  604.36,   470.52,   225.41
  604.02,   470.55,   350.41
  603.68,   470.58,   475.41
  606.87,   595.49,   225.39
  606.53,   595.52,   350.39
  606.19,   595.55,   475.39
  348.05,   351.88,   351.05
  348.09,   352.25,   476.04
  348.13,   352.63,   601.04
  345.14,   476.84,   350.67
  345.18,   477.22,   475.67
  345.22,   477.59,   600.67
  342.22,   601.81,   350.30
  342.26,   602.18,   475.29
  342.30,   602.56,   600.29
  473.02,   354.79,   351.00
  473.06,   355.17,   476.00
  473.10,   355.54,   601.00
  470.11,   479.76,   350.62
  470.14,   480.13,   475.62
  470.18,   480.51,   600.62
  467.19,   604.72,   350.25
  467.23,   605.10,   475.25
  467.27,   605.48,   600.25
  597.99,   357.71,   350.95
  598.02,   358.08,   475.95
  598.06,   358.46,   600.95
  595.07,   482.67,   350.58
  595.11,   483.05,   475.58
  595.15,   483.42,   600.58
  592.16,   607.64,   350.20
  592.19,   608.01,   475.20
  592.23,   608.39,   600.20
  348.34,   351.65,   475.47
  348.02,   349.13,   600.45
  347.70,   346.60,   725.42
  347.31,   476.62,   477.99
  346.99,   474.10,   602.97
  346.67,   471.58,   727.94
  346.28,   601.59,   480.51
  345.96,   599.07,   605.49
  345.64,   596.55,   730.46
  473.34,   352.67,   475.82
  473.01,   350.15,   600.79
  472.69,   347.63,   725.77
  472.31,   477.64,   478.34
  471.99,   475.12,   603.31
  471.66,   472.60,   728.29
  471.28,   602.61,   480.86
  470.96,   600.09,   605.83
  470.63,   597.57,   730.80
  598.33,   353.69,   476.16
  598.01,   351.17,   601.14
  597.69,   348.65,   726.11
  597.30,   478.66,   478.68
  596.98,   476.14,   603.66
  596.66,   473.62,   728.63
  596.28,   603.63,   481.20
  595.95,   601.11,   606.17
  595.63,   598.59,   731.15
  350.20,   348.66,   598.01
  349.28,   349.56,   723.00
  348.37,   350.47,   848.00
  348.71,   473.65,   597.10
  347.80,   474.55,   722.09
  346.88,   475.46,   847.08
  347.23,   598.64,   596.18
  346.32,   599.54,   721.18
  345.40,   600.44,   846.17
  475.19,   350.15,   598.92
  474.27,   351.05,   723.91
  473.35,   351.96,   848.90
  473.70,   475.14,   598.00
  472.79,   476.04,   723.00
  471.87,   476.95,   847.99
  472.22,   600.13,   597.09
  471.30,   601.03,   722.08
  470.39,   601.93,   847.08
  600.17,   351.64,   599.82
  599.26,   352.54,   724.82
  598.34,   353.45,   849.81
  598.69,   476.63,   598.91
  597.77,   477.53,   723.90
  596.86,   478.43,   848.89
  597.21,   601.62,   597.99
  596.29,   602.52,   722.99
  595.37,   603.42,   847.98
  350.34,   476.95,    99.83
  347.67,   478.33,   224.79
  345.01,   479.70,   349.75
  351.78,   601.94,    98.48
  349.11,   603.31,   223.45
  346.45,   604.69,   348.41
  353.22,   726.92,    97.14
  350.55,   728.30,   222.10
  347.89,   729.67,   347.07
  475.30,   475.54,   102.51
  472.64,   476.92,   227.47
  469.97,   478.29,   352.43
  476.74,   600.53,   101.16
  474.07,   601.90,   226.13
  471.41,   603.28,   351.09
  478.18,   725.51,    99.82
  475.51,   726.89,   224.78
  472.85,   728.26,   349.75
  600.26,   474.13,   105.19
  597.60,   475.51,   230.15
  594.93,   476.88,   355.11
  601.70,   599.12,   103.84
  599.04,   600.49,   228.81
  596.37,   601.87,   353.77
  603.14,   724.10,   102.50
  600.48,   725.48,   227.46
  597.81,   726.85,   352.43
  351.80,   473.98,   226.20
  352.10,   473.32,   351.19
  352.40,   472.66,   476.19
  350.57,   598.98,   226.86
  350.87,   598.31,   351.86
  351.17,   597.65,   476.86
  349.35,   723.97,   227.53
  349.65,   723.30,   352.53
  349.94,   722.64,   477.52
  476.79,   475.21,   225.90
  477.09,   474.55,   350.90
  477.39,   473.89,   475.90
  475.57,   600.20,   226.57
  475.87,   599.54,   351.57
  476.16,   598.88,   476.57
  474.34,   725.20,   227.24
  474.64,   724.53,   352.23
  474.94,   723.87,   477.23
  601.79,   476.44,   225.61
  602.09,   475.78,   350.61
  602.39,   475.11,   475.61
  600.56,   601.43,   226.28
  600.86,   600.77,   351.28
  601.16,   600.11,   476.27
  599.34,   726.42,   226.94
  599.63,   725.76,   351.94
  599.93,   725.10,   476.94
  350.63,   475.75,   348.01
  349.75,   478.21,   472.99
  348.86,   480.67,   597.96
  352.98,   600.71,   345.57
  352.09,   603.16,   470.54
  351.20,   605.62,   595.52
  355.32,   725.66,   343.13
  354.43,   728.12,   468.10
  353.54,   730.58,   593.07
  475.61,   473.43,   348.95
  474.72,   475.88,   473.92
  473.83,   478.34,   598.89
  477.95,   598.38,   346.50
  477.06,   600.84,   471.48
  476.18,   603.30,   596.45
  480.29,   723.33,   344.06
  479.41,   725.79,   469.03
  478.52,   728.25,   594.01
  600.58,   471.10,   349.88
  599.69,   473.56,   474.85
  598.81,   476.02,   599.82
  602.93,   596.05,   347.44
  602.04,   598.51,   472.41
  601.15,   600.97,   597.38
  605.27,   721.01,   344.99
  604.38,   723.47,   469.97
  603.49,   725.93,   594.94
  351.86,   473.56,   474.63
  355.16,   476.80,   599.54
  358.46,   480.03,   724.45
  349.50,   598.50,   471.45
  352.81,   601.73,   596.37
  356.11,   604.97,   721.28
  347.15,   723.44,   468.28
  350.45,   726.67,   593.20
  353.76,   729.90,   718.11
  476.79,   475.83,   471.26
  480.10,   479.06,   596.18
  483.40,   482.30,   721.09
  474.44,   600.77,   468.09
  477.74,   604.00,   593.01
  481.04,   607.23,   717.92
  472.08,   725.71,   464.92
  475.39,   728.94,   589.83
  478.69,   732.17,   714.75
  601.73,   478.10,   467.90
  605.03,   481.33,   592.81
  608.33,   484.56,   717.73
  599.37,   603.04,   464.73
  602.68,   606.27,   589.64
  605.98,   609.50,   714.56
  597.02,   727.97,   461.56
  600.32,   731.21,   586.47
  603.63,   734.44,   711.39
  350.45,   473.50,   599.30
  353.46,   473.20,   724.26
  356.47,   472.91,   849.23
  347.92,   598.47,   599.66
  350.93,   598.18,   724.62
  353.94,   597.88,   849.58
  345.39,   723.45,   600.01
  348.40,   723.15,   724.97
  351.41,   722.86,   849.94
  475.39,   476.04,   596.30
  478.40,   475.74,   721.26
  481.41,   475.45,   846.22
  472.86,   601.01,   596.65
  475.87,   600.72,   721.62
  478.88,   600.42,   846.58
  470.33,   725.98,   597.01
  473.34,   725.69,   721.97
  476.35,   725.40,   846.93
  600.33,   478.57,   593.29
  603.34,   478.28,   718.26
  606.35,   477.99,   843.22
  597.80,   603.55,   593.65
  600.81,   603.25,   718.61
  603.82,   602.96,   843.58
  595.27,   728.52,   594.00
  598.28,   728.23,   718.97
  601.29,   727.93,   843.93
  350.88,   600.09,    99.65
  354.57,   603.50,   224.55
  358.26,   606.90,   349.45
  353.88,   725.01,    96.16
  357.57,   728.41,   221.05
  361.26,   731.82,   345.95
  356.88,   849.92,    92.66
  360.57,   853.33,   217.56
  364.26,   856.73,   342.46
  475.79,   596.99,    96.04
  479.48,   600.40,   220.94
  483.17,   603.80,   345.84
  478.79,   721.91,    92.55
  482.48,   725.31,   217.45
  486.17,   728.72,   342.35
  481.79,   846.82,    89.06
  485.48,   850.23,   213.95
  489.17,   853.63,   338.85
  600.70,   593.89,    92.44
  604.39,   597.30,   217.34
  608.08,   600.70,   342.23
  603.70,   718.81,    88.94
  607.39,   722.21,   213.84
  611.08,   725.62,   338.74
  606.70,   843.72,    85.45
  610.39,   847.13,   210.35
  614.08,   850.53,   335.25
  349.08,   601.34,   224.80
  350.05,   599.91,   349.78
  351.01,   598.48,   474.77
  347.88,   726.33,   226.24
  348.84,   724.90,   351.22
  349.81,   723.47,   476.21
  346.67,   851.31,   227.67
  347.64,   849.89,   352.66
  348.60,   848.46,   477.65
  474.07,   602.56,   223.84
  475.04,   601.13,   348.83
  476.00,   599.70,   473.82
  472.87,   727.55,   225.28
  473.83,   726.12,   350.27
  474.80,   724.69,   475.26
  471.66,   852.53,   226.72
  472.63,   851.10,   351.71
  473.59,   849.67,   476.70
  599.06,   603.78,   222.89
  600.03,   602.35,   347.88
  601.00,   600.92,   472.87
  597.86,   728.76,   224.33
  598.82,   727.33,   349.32
  599.79,   725.90,   474.31
  596.65,   853.75,   225.77
  597.62,   852.32,   350.76
  598.58,   850.89,   475.74
  349.06,   600.46,   348.58
  351.90,   600.47,   473.55
  354.73,   600.48,   598.51
  351.11,   725.44,   348.52
  353.95,   725.45,   473.49
  356.78,   725.46,   598.45
  353.16,   850.42,   348.46
  356.00,   850.43,   473.43
  358.83,   850.45,   598.40
  474.02,   598.41,   345.74
  476.85,   598.42,   470.71
  479.69,   598.43,   595.68
  476.06,   723.39,   345.68
  478.90,   723.40,   470.65
  481.73,   723.41,   595.62
  478.11,   848.37,   345.63
  480.95,   848.38,   470.59
  483.78,   848.40,   595.56
  598.97,   596.36,   342.91
  601.80,   596.37,   467.88
  604.64,   596.38,   592.84
  601.02,   721.34,   342.85
  603.85,   721.35,   467.82
  606.69,   721.36,   592.79
  603.06,   846.32,   342.79
  605.90,   846.33,   467.76
  608.73,   846.35,   592.73
  351.85,   601.99,   474.34
  351.89,   605.52,   599.29
  351.94,   609.06,   724.24
  352.62,   726.94,   470.81
  352.67,   730.47,   595.76
  352.71,   734.00,   720.71
  353.39,   851.89,   467.27
  353.44,   855.42,   592.22
  353.48,   858.95,   717.17
  476.85,   601.22,   474.31
  476.89,   604.75,   599.26
  476.94,   608.28,   724.21
  477.62,   726.17,   470.78
  477.66,   729.70,   595.73
  477.71,   733.23,   720.68
  478.39,   851.11,   467.25
  478.43,   854.65,   592.20
  478.48,   858.18,   717.15
  601.84,   600.45,   474.29
  601.89,   603.98,   599.24
  601.94,   607.51,   724.19
  602.61,   725.40,   470.76
  602.66,   728.93,   595.71
  602.71,   732.46,   720.66
  603.38,   850.34,   467.23
  603.43,   853.88,   592.18
  603.48,   857.41,   717.13
  348.02,   599.00,   600.64
  346.26,   597.93,   725.62
  344.49,   596.87,   850.61
  348.24,   724.00,   601.71
  346.47,   722.93,   726.69
  344.71,   721.86,   851.68
  348.45,   848.99,   602.78
  346.69,   847.92,   727.76
  344.92,   846.86,   852.75
  473.01,   598.77,   602.40
  471.25,   597.70,   727.39
  469.48,   596.64,   852.37
  473.23,   723.77,   603.47
  471.46,   722.70,   728.46
  469.69,   721.63,   853.44
  473.44,   848.76,   604.54
  471.68,   847.70,   729.53
  469.91,   846.63,   854.51
  598.00,   598.54,   604.17
  596.23,   597.48,   729.15
  594.47,   596.41,   854.13
  598.21,   723.54,   605.24
  596.45,   722.47,   730.22
  594.68,   721.40,   855.20
  598.43,   848.53,   606.31
  596.66,   847.47,   731.29
  594.90,   846.40,   856.27
  476.57,   100.87,   100.39
  477.84,   104.28,   225.33
  479.11,   107.68,   350.28
  480.26,   225.77,    96.94
  481.53,   229.17,   221.89
  482.80,   232.58,   346.84
  483.95,   350.67,    93.50
  485.22,   354.07,   218.45
  486.49,   357.48,   343.40
  601.51,    97.14,    99.22
  602.78,   100.55,   224.16
  604.05,   103.96,   349.11
  605.20,   222.04,    95.77
  606.47,   225.45,   220.72
  607.74,   228.85,   345.67
  608.89,   346.94,    92.33
  610.16,   350.35,   217.28
  611.43,   353.75,   342.23
  726.44,    93.42,    98.05
  727.71,    96.82,   222.99
  728.99,   100.23,   347.94
  730.14,   218.31,    94.61
  731.41,   221.72,   219.55
  732.68,   225.13,   344.50
  733.83,   343.21,    91.16
  735.10,   346.62,   216.11
  736.37,   350.02,   341.06
  475.47,    98.69,   226.61
  472.86,    95.85,   351.55
  470.26,    93.00,   476.49
  473.13,   223.64,   229.41
  470.53,   220.79,   354.35
  467.92,   217.95,   479.29
  470.79,   348.59,   232.21
  468.19,   345.74,   357.15
  465.58,   342.89,   482.09
  600.42,   100.97,   229.26
  597.81,    98.12,   354.20
  595.21,    95.28,   479.15
  598.08,   225.92,   232.06
  595.48,   223.07,   357.00
  592.87,   220.22,   481.94
  595.74,   350.87,   234.86
  593.14,   348.02,   359.80
  590.53,   345.17,   484.74
  725.37,   103.25,   231.92
  722.76,   100.40,   356.86
  720.16,    97.55,   481.80
  723.03,   228.20,   234.72
  720.43,   225.35,   359.66
  717.82,   222.50,   484.60
  720.69,   353.14,   237.52
  718.09,   350.30,   362.46
  715.49,   347.45,   487.40
  473.23,   101.31,   348.36
  470.49,    98.55,   473.30
  467.74,    95.80,   598.24
  476.54,   226.23,   351.19
  473.79,   223.48,   476.13
  471.05,   220.72,   601.07
  479.85,   351.16,   354.01
  477.10,   348.40,   478.95
  474.36,   345.65,   603.89
  598.16,    97.94,   351.03
  595.41,    95.19,   475.97
  592.67,    92.43,   600.91
  601.47,   222.86,   353.86
  598.72,   220.11,   478.80
  595.97,   217.36,   603.74
  604.77,   347.79,   356.69
  602.03,   345.03,   481.62
  599.28,   342.28,   606.56
  723.09,    94.57,   353.71
  720.34,    91.82,   478.65
  717.59,    89.06,   603.59
  726.39,   219.50,   356.53
  723.65,   216.74,   481.47
  720.90,   213.99,   606.41
  729.70,   344.42,   359.36
  726.95,   341.67,   484.30
  724.21,   338.91,   609.24
  476.71,   100.66,   473.51
  475.74,   100.27,   598.51
  474.78,    99.89,   723.50
  474.59,   225.64,   473.88
  473.62,   225.25,   598.88
  472.66,   224.87,   723.87
  472.47,   350.62,   474.25
  471.50,   350.24,   599.25
  470.53,   349.85,   724.24
  601.69,   102.78,   474.49
  600.72,   102.39,   599.48
  599.75,   102.00,   724.48
  599.57,   227.76,   474.85
  598.60,   227.37,   599.85
  597.63,   226.99,   724.85
  597.45,   352.74,   475.22
  596.48,   352.35,   600.22
  595.51,   351.97,   725.22
  726.67,   104.89,   475.46
  725.70,   104.51,   600.45
  724.73,   104.12,   725.45
  724.55,   229.87,   475.83
  723.58,   229.49,   600.82
  722.61,   229.10,   725.82
  722.42,   354.86,   476.20
  721.46,   354.47,   601.19
  720.49,   354.08,   726.19
  476.09,    99.50,   599.71
  475.93,   101.82,   724.69
  475.76,   104.14,   849.67
  475.11,   224.47,   597.39
  474.95,   226.79,   722.37
  474.78,   229.12,   847.34
  474.13,   349.45,   595.06
  473.97,   351.77,   720.04
  473.80,   354.09,   845.02
  601.09,   100.48,   599.86
  600.92,   102.80,   724.84
  600.76,   105.12,   849.82
  600.11,   225.45,   597.54
  599.94,   227.78,   722.51
  599.78,   230.10,   847.49
  599.13,   350.43,   595.21
  598.96,   352.75,   720.19
  598.80,   355.07,   845.17
  726.08,   101.46,   600.01
  725.92,   103.78,   724.99
  725.75,   106.11,   849.96
  725.10,   226.44,   597.68
  724.94,   228.76,   722.66
  724.77,   231.08,   847.64
  724.13,   351.41,   595.36
  723.96,   353.73,   720.34
  723.79,   356.05,   845.32
  476.39,   223.09,    99.14
  475.91,   223.34,   224.14
  475.43,   223.59,   349.14
  476.08,   348.09,    98.89
  475.60,   348.34,   223.89
  475.12,   348.59,   348.89
  475.78,   473.09,    98.64
  475.30,   473.34,   223.64
  474.82,   473.59,   348.64
  601.39,   223.40,    99.62
  600.91,   223.65,   224.62
  600.43,   223.89,   349.62
  601.08,   348.40,    99.37
  600.60,   348.64,   224.37
  600.12,   348.89,   349.37
  600.78,   473.40,    99.12
  600.30,   473.64,   224.12
  599.82,   473.89,   349.12
  726.39,   223.70,   100.10
  725.91,   223.95,   225.10
  725.43,   224.20,   350.10
  726.08,   348.70,    99.85
  725.60,   348.95,   224.85
  725.12,   349.20,   349.85
  725.78,   473.70,    99.60
  725.30,   473.95,   224.60
  724.82,   474.20,   349.60
  476.24,   224.64,   226.85
  476.68,   227.56,   351.82
  477.12,   230.48,   476.78
  478.33,   349.59,   223.93
  478.77,   352.51,   348.89
  479.21,   355.43,   473.86
  480.42,   474.54,   221.00
  480.85,   477.46,   345.97
  481.29,   480.38,   470.93
  601.23,   222.54,   226.47
  601.66,   225.46,   351.43
  602.10,   228.38,   476.40
  603.31,   347.49,   223.54
  603.75,   350.41,   348.50
  604.19,   353.33,   473.47
  605.40,   472.44,   220.61
  605.84,   475.36,   345.58
  606.27,   478.28,   470.54
  726.21,   220.45,   226.08
  726.64,   223.37,   351.04
  727.08,   226.29,   476.01
  728.29,   345.40,   223.15
  728.73,   348.32,   348.12
  729.17,   351.24,   473.08
  730.38,   470.34,   220.22
  730.82,   473.26,   345.19
  731.26,   476.18,   470.15
  475.47,   226.57,   351.92
  473.74,   223.28,   476.86
  472.02,   219.99,   601.81
  476.14,   351.53,   355.22
  474.41,   348.23,   480.16
  472.69,   344.94,   605.11
  476.81,   476.48,   358.52
  475.08,   473.19,   483.47
  473.35,   469.90,   608.41
  600.46,   225.86,   353.62
  598.73,   222.57,   478.57
  597.00,   219.27,   603.51
  601.12,   350.81,   356.93
  599.40,   347.52,   481.87
  597.67,   344.23,   606.82
  601.79,   475.77,   360.23
  600.07,   472.47,   485.17
  598.34,   469.18,   610.12
  725.44,   225.14,   355.33
  723.72,   221.85,   480.28
  721.99,   218.56,   605.22
  726.11,   350.10,   358.63
  724.38,   346.81,   483.58
  722.66,   343.51,   608.52
  726.78,   475.05,   361.94
  725.05,   471.76,   486.88
  723.33,   468.47,   611.83
  475.09,   224.59,   476.84
  477.39,   223.49,   601.81
  479.68,   222.39,   726.79
  476.90,   349.58,   477.91
  479.19,   348.47,   602.88
  481.48,   347.37,   727.86
  478.70,   474.56,   478.98
  481.00,   473.46,   603.95
  483.29,   472.35,   728.93
  600.06,   222.81,   474.53
  602.35,   221.71,   599.50
  604.65,   220.60,   724.48
  601.86,   347.79,   475.60
  604.16,   346.69,   600.57
  606.45,   345.58,   725.55
  603.67,   472.77,   476.67
  605.96,   471.67,   601.64
  608.26,   470.57,   726.62
  725.02,   221.02,   472.22
  727.32,   219.92,   597.19
  729.61,   218.82,   722.17
  726.83,   346.01,   473.29
  729.12,   344.90,   598.26
  731.42,   343.80,   723.24
  728.63,   470.99,   474.36
  730.93,   469.89,   599.33
  733.22,   468.78,   724.31
  475.89,   224.80,   601.78
  477.23,   228.38,   726.72
  478.57,   231.96,   851.67
  476.27,   349.75,   598.20
  477.61,   353.33,   723.14
  478.95,   356.91,   848.08
  476.65,   474.69,   594.61
  477.99,   478.28,   719.55
  479.33,   481.86,   844.49
  600.88,   224.38,   600.45
  602.22,   227.96,   725.39
  603.57,   231.54,   850.34
  601.26,   349.33,   596.87
  602.60,   352.91,   721.81
  603.95,   356.49,   846.75
  601.64,   474.27,   593.28
  602.98,   477.86,   718.22
  604.33,   481.44,   843.16
  725.87,   223.96,   599.12
  727.22,   227.54,   724.06
  728.56,   231.13,   849.00
  726.25,   348.91,   595.53
  727.60,   352.49,   720.48
  728.94,   356.07,   845.42
  726.63,   473.86,   591.95
  727.98,   477.44,   716.89
  729.32,   481.02,   841.83
  475.52,   349.20,    99.01
  473.37,   351.39,   223.97
  471.22,   353.58,   348.94
  476.35,   474.18,    96.83
  474.20,   476.37,   221.80
  472.05,   478.56,   346.76
  477.18,   599.16,    94.66
  475.03,   601.35,   219.62
  472.87,   603.54,   344.58
  600.50,   348.41,   101.18
  598.35,   350.60,   226.14
  596.20,   352.79,   351.10
  601.33,   473.39,    99.00
  599.18,   475.58,   223.96
  597.03,   477.77,   348.92
  602.16,   598.37,    96.82
  600.00,   600.56,   221.78
  597.85,   602.75,   346.75
  725.48,   347.62,   103.34
  723.33,   349.81,   228.30
  721.18,   352.01,   353.27
  726.31,   472.60,   101.16
  724.16,   474.79,   226.13
  722.01,   476.98,   351.09
  727.13,   597.58,    98.99
  724.98,   599.77,   223.95
  722.83,   601.96,   348.91
  475.21,   348.25,   226.52
  478.54,   349.86,   351.46
  481.88,   351.47,   476.41
  474.76,   473.24,   224.92
  478.09,   474.85,   349.86
  481.42,   476.46,   474.81
  474.30,   598.23,   223.32
  477.64,   599.84,   348.26
  480.97,   601.45,   473.21
  600.16,   348.66,   223.18
  603.50,   350.27,   348.12
  606.83,   351.88,   473.07
  599.71,   473.65,   221.58
  603.04,   475.26,   346.52
  606.38,   476.87,   471.47
  599.26,   598.64,   219.98
  602.59,   600.25,   344.93
  605.93,   601.86,   469.87
  725.12,   349.07,   219.84
  728.45,   350.68,   344.78
  731.79,   352.29,   469.73
  724.67,   474.06,   218.24
  728.00,   475.67,   343.18
  731.33,   477.28,   468.13
  724.21,   599.05,   216.64
  727.55,   600.66,   341.59
  730.88,   602.27,   466.53
  475.17,   350.93,   351.71
  474.81,   349.02,   476.70
  474.44,   347.10,   601.68
  476.58,   475.91,   353.63
  476.22,   473.99,   478.62
  475.85,   472.07,   603.60
  477.99,   600.89,   355.56
  477.62,   598.97,   480.54
  477.26,   597.05,   605.53
  600.17,   349.52,   352.06
  599.80,   347.60,   477.04
  599.43,   345.68,   602.02
  601.57,   474.50,   353.98
  601.21,   472.58,   478.96
  600.84,   470.66,   603.95
  602.98,   599.48,   355.90
  602.61,   597.56,   480.89
  602.25,   595.64,   605.87
  725.16,   348.11,   352.40
  724.79,   346.19,   477.38
  724.43,   344.27,   602.37
  726.56,   473.09,   354.32
  726.20,   471.17,   479.31
  725.83,   469.25,   604.29
  727.97,   598.06,   356.25
  727.61,   596.14,   481.23
  727.24,   594.23,   606.21
  475.83,   351.62,   473.27
  475.84,   349.63,   598.26
  475.84,   347.65,   723.24
  477.56,   476.59,   475.26
  477.56,   474.61,   600.24
  477.57,   472.62,   725.23
  479.28,   601.56,   477.24
  479.29,   599.58,   602.23
  479.29,   597.59,   727.21
  600.82,   349.89,   473.24
  600.82,   347.91,   598.23
  600.83,   345.92,   723.21
  602.55,   474.87,   475.23
  602.55,   472.88,   600.21
  602.55,   470.90,   725.19
  604.27,   599.84,   477.21
  604.28,   597.85,   602.19
  604.28,   595.87,   727.18
  725.81,   348.17,   473.21
  725.81,   346.18,   598.19
  725.82,   344.20,   723.18
  727.53,   473.14,   475.19
  727.54,   471.15,   600.18
  727.54,   469.17,   725.16
  729.26,   598.11,   477.18
  729.26,   596.13,   602.16
  729.27,   594.14,   727.15
  474.75,   350.61,   599.55
  472.71,   347.40,   724.49
  470.67,   344.19,   849.43
  478.24,   475.52,   602.81
  476.20,   472.31,   727.75
  474.16,   469.10,   852.70
  481.73,   600.43,   606.08
  479.69,   597.22,   731.02
  477.65,   594.01,   855.96
  599.68,   347.06,   601.50
  597.64,   343.86,   726.44
  595.60,   340.65,   851.38
  603.17,   471.97,   604.76
  601.13,   468.77,   729.70
  599.09,   465.56,   854.65
  606.66,   596.88,   608.02
  604.62,   593.67,   732.97
  602.58,   590.47,   857.91
  724.61,   343.52,   603.45
  722.57,   340.31,   728.39
  720.53,   337.11,   853.33
  728.11,   468.43,   606.71
  726.07,   465.22,   731.65
  724.03,   462.02,   856.59
  731.60,   593.34,   609.97
  729.56,   590.13,   734.92
  727.52,   586.92,   859.86
  475.95,   474.59,   101.04
  477.31,   472.49,   226.02
  478.68,   470.38,   350.99
  479.30,   599.53,   103.11
  480.67,   597.42,   228.08
  482.04,   595.32,   353.06
  482.65,   724.46,   105.17
  484.02,   722.36,   230.15
  485.39,   720.26,   355.12
  600.89,   471.26,    99.62
  602.26,   469.15,   224.59
  603.63,   467.05,   349.57
  604.25,   596.19,   101.68
  605.62,   594.09,   226.66
  606.99,   591.99,   351.63
  607.60,   721.13,   103.75
  608.97,   719.03,   228.72
  610.34,   716.93,   353.70
  725.84,   467.93,    98.19
  727.21,   465.82,   223.17
  728.58,   463.72,   348.14
  729.19,   592.86,   100.26
  730.56,   590.76,   225.23
  731.93,   588.66,   350.21
  732.55,   717.80,   102.32
  733.92,   715.70,   227.30
  735.29,   713.60,   352.27
  475.91,   475.12,   223.58
  476.98,   477.76,   348.54
  478.05,   480.41,   473.51
  475.33,   600.09,   220.94
  476.40,   602.73,   345.90
  477.47,   605.38,   470.87
  474.75,   725.06,   218.29
  475.82,   727.71,   343.26
  476.89,   730.35,   468.23
  600.90,   475.67,   222.49
  601.97,   478.32,   347.46
  603.04,   480.96,   472.43
  600.32,   600.64,   219.85
  601.39,   603.29,   344.82
  602.47,   605.93,   469.79
  599.75,   725.61,   217.21
  600.82,   728.26,   342.18
  601.89,   730.90,   467.15
  725.89,   476.23,   221.41
  726.96,   478.87,   346.38
  728.04,   481.52,   471.35
  725.32,   601.20,   218.77
  726.39,   603.84,   343.74
  727.46,   606.49,   468.70
  724.74,   726.17,   216.13
  725.81,   728.81,   341.10
  726.88,   731.46,   466.06
  476.72,   473.11,   350.07
  475.77,   470.51,   475.04
  474.83,   467.91,   600.01
  473.22,   598.03,   352.64
  472.27,   595.43,   477.61
  471.33,   592.83,   602.58
  469.72,   722.96,   355.21
  468.77,   720.36,   480.18
  467.83,   717.76,   605.15
  601.67,   476.59,   351.09
  600.72,   473.99,   476.06
  599.77,   471.39,   601.03
  598.17,   601.51,   353.66
  597.22,   598.91,   478.63
  596.27,   596.31,   603.60
  594.67,   726.44,   356.23
  593.72,   723.84,   481.20
  592.77,   721.24,   606.17
  726.62,   480.07,   352.11
  725.67,   477.47,   477.08
  724.72,   474.87,   602.05
  723.12,   604.99,   354.68
  722.17,   602.39,   479.65
  721.22,   599.79,   604.62
  719.62,   729.92,   357.26
  718.67,   727.32,   482.22
  717.72,   724.72,   607.19
  474.04,   474.08,   476.40
  476.34,   472.97,   601.37
  478.65,   471.85,   726.34
  472.67,   599.07,   477.54
  474.98,   597.95,   602.51
  477.29,   596.84,   727.49
  471.31,   724.06,   478.68
  473.62,   722.94,   603.65
  475.93,   721.82,   728.63
  599.01,   475.47,   474.10
  601.31,   474.35,   599.07
  603.62,   473.23,   724.05
  597.65,   600.45,   475.24
  599.95,   599.34,   600.22
  602.26,   598.22,   725.19
  596.28,   725.44,   476.39
  598.59,   724.32,   601.36
  600.90,   723.21,   726.33
  723.98,   476.85,   471.81
  726.29,   475.73,   596.78
  728.59,   474.61,   721.75
  722.62,   601.84,   472.95
  724.92,   600.72,   597.92
  727.23,   599.60,   722.90
  721.26,   726.82,   474.09
  723.56,   725.71,   599.07
  725.87,   724.59,   724.04
  476.62,   476.18,   600.39
  480.33,   473.60,   725.31
  484.04,   471.01,   850.23
  477.61,   601.15,   602.95
  481.33,   598.57,   727.87
  485.04,   595.98,   852.79
  478.61,   726.12,   605.51
  482.32,   723.53,   730.43
  486.04,   720.95,   855.35
  601.56,   475.27,   596.66
  605.27,   472.68,   721.58
  608.98,   470.09,   846.50
  602.55,   600.23,   599.22
  606.27,   597.65,   724.14
  609.98,   595.06,   849.06
  603.55,   725.20,   601.78
  607.26,   722.62,   726.70
  610.98,   720.03,   851.62
  726.50,   474.35,   592.93
  730.21,   471.76,   717.85
  733.93,   469.17,   842.76
  727.50,   599.32,   595.49
  731.21,   596.73,   720.41
  734.92,   594.14,   845.32
  728.49,   724.29,   598.05
  732.20,   721.70,   722.97
  735.92,   719.11,   847.88
  474.19,   598.14,    98.56
  472.16,   601.51,   223.49
  470.13,   604.88,   348.43
  475.18,   723.09,    95.20
  473.15,   726.46,   220.14
  471.12,   729.83,   345.07
  476.17,   848.04,    91.84
  474.14,   851.41,   216.78
  472.11,   854.79,   341.72
  599.17,   597.20,   100.61
  597.14,   600.57,   225.55
  595.11,   603.95,   350.49
  600.16,   722.15,    97.26
  598.13,   725.53,   222.19
  596.10,   728.90,   347.13
  601.15,   847.10,    93.90
  599.12,   850.48,   218.84
  597.09,   853.85,   343.77
  724.15,   596.26,   102.67
  722.12,   599.64,   227.61
  720.09,   603.01,   352.54
  725.14,   721.22,    99.31
  723.11,   724.59,   224.25
  721.08,   727.96,   349.19
  726.13,   846.17,    95.95
  724.10,   849.54,   220.89
  722.07,   852.91,   345.83
  474.74,   598.49,   226.75
  471.10,   596.79,   351.68
  467.47,   595.09,   476.62
  471.33,   723.43,   228.35
  467.69,   721.73,   353.29
  464.05,   720.03,   478.22
  467.92,   848.38,   229.95
  464.28,   846.68,   354.89
  460.64,   844.97,   479.82
  599.64,   601.86,   230.43
  596.00,   600.15,   355.37
  592.37,   598.45,   480.30
  596.23,   726.80,   232.03
  592.59,   725.10,   356.97
  588.95,   723.39,   481.90
  592.82,   851.74,   233.64
  589.18,   850.04,   358.57
  585.54,   848.34,   483.51
  724.54,   605.22,   234.11
  720.90,   603.52,   359.05
  717.27,   601.82,   483.98
  721.13,   730.16,   235.72
  717.49,   728.46,   360.65
  713.85,   726.76,   485.59
  717.72,   855.11,   237.32
  714.08,   853.40,   362.26
  710.44,   851.70,   487.19
  473.58,   599.66,   348.24
  475.75,   602.23,   473.20
  477.93,   604.80,   598.15
  470.30,   724.59,   345.73
  472.48,   727.16,   470.69
  474.65,   729.73,   595.64
  467.03,   849.53,   343.22
  469.20,   852.09,   468.18
  471.37,   854.66,   593.13
  598.52,   602.90,   346.00
  600.69,   605.46,   470.96
  602.86,   608.03,   595.91
  595.24,   727.83,   343.49
  597.41,   730.39,   468.45
  599.59,   732.96,   593.40
  591.96,   852.76,   340.98
  594.14,   855.33,   465.94
  596.31,   857.89,   590.89
  723.46,   606.13,   343.76
  725.63,   608.69,   468.72
  727.80,   611.26,   593.67
  720.18,   731.06,   341.26
  722.35,   733.63,   466.21
  724.53,   736.19,   591.16
  716.90,   855.99,   338.75
  719.08,   858.56,   463.70
  721.25,   861.12,   588.66
  475.64,   599.50,   473.64
  475.37,   600.45,   598.64
  475.09,   601.41,   723.63
  479.27,   724.44,   472.69
  478.99,   725.40,   597.69
  478.71,   726.35,   722.69
  482.89,   849.39,   471.75
  482.61,   850.34,   596.75
  482.34,   851.29,   721.74
  600.59,   595.88,   473.95
  600.31,   596.83,   598.94
  600.04,   597.79,   723.94
  604.22,   720.82,   473.00
  603.94,   721.78,   598.00
  603.66,   722.73,   722.99
  607.84,   845.77,   472.05
  607.56,   846.72,   597.05
  607.28,   847.67,   722.05
  725.54,   592.26,   474.25
  725.26,   593.21,   599.25
  724.98,   594.16,   724.24
  729.16,   717.20,   473.30
  728.89,   718.15,   598.30
  728.61,   719.11,   723.30
  732.79,   842.14,   472.36
  732.51,   843.10,   597.36
  732.23,   844.05,   722.35
  476.90,   599.88,   599.88
  480.19,   599.66,   724.84
  483.48,   599.44,   849.80
  473.32,   724.83,   600.20
  476.61,   724.61,   725.15
  479.90,   724.39,   850.11
  469.74,   849.78,   600.51
  473.03,   849.56,   725.46
  476.32,   849.34,   850.42
  601.81,   603.47,   596.60
  605.09,   603.25,   721.56
  608.38,   603.03,   846.52
  598.23,   728.42,   596.92
  601.51,   728.20,   721.87
  604.80,   727.98,   846.83
  594.65,   853.37,   597.23
  597.93,   853.15,   722.19
  601.22,   852.93,   847.14
  726.71,   607.06,   593.32
  730.00,   606.84,   718.28
  733.29,   606.62,   843.24
  723.13,   732.00,   593.64
  726.42,   731.79,   718.59
  729.71,   731.57,   843.55
  719.55,   856.95,   593.95
  722.84,   856.73,   718.91
  726.13,   856.51,   843.86
  601.84,   100.05,   100.11
  600.40,   102.81,   225.07
  598.96,   105.58,   350.03
  601.86,   225.02,    97.35
  600.42,   227.78,   222.31
  598.99,   230.54,   347.27
  601.89,   349.99,    94.59
  600.45,   352.75,   219.55
  599.01,   355.51,   344.51
  726.83,   100.06,   101.55
  725.39,   102.82,   226.51
  723.95,   105.58,   351.47
  726.85,   225.03,    98.79
  725.42,   227.79,   223.75
  723.98,   230.55,   348.71
  726.88,   350.00,    96.02
  725.44,   352.76,   220.98
  724.00,   355.52,   345.95
  851.82,   100.06,   102.99
  850.38,   102.83,   227.95
  848.95,   105.59,   352.91
  851.84,   225.03,   100.22
  850.41,   227.80,   225.18
  848.97,   230.56,   350.15
  851.87,   350.00,    97.46
  850.43,   352.76,   222.42
  849.00,   355.53,   347.38
  598.81,    99.68,   223.52
  601.33,    98.04,   348.48
  603.85,    96.40,   473.44
  600.70,   224.66,   225.12
  603.23,   223.02,   350.08
  605.75,   221.38,   475.04
  602.60,   349.63,   226.72
  605.12,   347.99,   351.68
  607.64,   346.35,   476.65
  723.77,    97.82,   220.97
  726.29,    96.18,   345.93
  728.81,    94.54,   470.90
  725.66,   222.80,   222.57
  728.19,   221.16,   347.53
  730.71,   219.52,   472.50
  727.56,   347.77,   224.17
  730.08,   346.13,   349.13
  732.60,   344.49,   474.10
  848.73,    95.96,   218.42
  851.25,    94.32,   343.38
  853.77,    92.68,   468.35
  850.62,   220.93,   220.02
  853.15,   219.29,   344.99
  855.67,   217.66,   469.95
  852.52,   345.91,   221.62
  855.04,   344.27,   346.59
  857.56,   342.63,   471.55
  600.57,    98.42,   348.19
  597.56,    97.45,   473.15
  594.55,    96.48,   598.11
  599.05,   223.41,   349.12
  596.04,   222.44,   474.08
  593.02,   221.47,   599.04
  597.52,   348.39,   350.06
  594.51,   347.42,   475.02
  591.50,   346.45,   599.98
  725.53,    99.92,   351.21
  722.52,    98.95,   476.17
  719.50,    97.98,   601.13
  724.00,   224.91,   352.15
  720.99,   223.94,   477.11
  717.98,   222.97,   602.07
  722.48,   349.90,   353.08
  719.47,   348.93,   478.04
  716.45,   347.95,   603.00
  850.48,   101.42,   354.24
  847.47,   100.45,   479.20
  844.46,    99.48,   604.16
  848.96,   226.41,   355.17
  845.94,   225.44,   480.13
  842.93,   224.47,   605.09
  847.43,   351.40,   356.11
  844.42,   350.43,   481.07
  841.41,   349.46,   606.03
  600.44,   101.99,   474.76
  598.49,   105.10,   599.71
  596.54,   108.21,   724.65
  602.96,   226.93,   471.69
  601.01,   230.04,   596.64
  599.06,   233.15,   721.59
  605.48,   351.87,   468.63
  603.53,   354.97,   593.57
  601.58,   358.08,   718.52
  725.40,    99.52,   476.77
  723.45,   102.63,   601.72
  721.50,   105.74,   726.67
  727.92,   224.46,   473.71
  725.97,   227.57,   598.65
  724.02,   230.67,   723.60
  730.44,   349.39,   470.64
  728.49,   352.50,   595.58
  726.54,   355.61,   720.53
  850.36,    97.05,   478.79
  848.41,   100.16,   603.73
  846.46,   103.27,   728.68
  852.88,   221.99,   475.72
  850.93,   225.09,   600.66
  848.98,   228.20,   725.61
  855.40,   346.92,   472.65
  853.45,   350.03,   597.59
  851.50,   353.14,   722.54
  598.31,    98.35,   598.32
  599.95,   102.00,   723.25
  601.59,   105.64,   848.19
  597.07,   223.30,   594.69
  598.71,   226.94,   719.62
  600.35,   230.59,   844.56
  595.84,   348.24,   591.06
  597.48,   351.88,   716.00
  599.12,   355.53,   840.93
  723.29,    99.54,   596.64
  724.93,   103.19,   721.58
  726.57,   106.83,   846.51
  722.05,   224.48,   593.01
  723.69,   228.13,   717.95
  725.33,   231.77,   842.89
  720.82,   349.42,   589.38
  722.46,   353.07,   714.32
  724.10,   356.71,   839.26
  848.27,   100.73,   594.97
  849.91,   104.37,   719.90
  851.55,   108.02,   844.84
  847.04,   225.67,   591.34
  848.68,   229.31,   716.27
  850.32,   232.96,   841.21
  845.80,   350.61,   587.71
  847.44,   354.25,   712.64
  849.08,   357.90,   837.58
  598.89,   225.75,    98.05
  599.52,   227.48,   223.04
  600.15,   229.21,   348.03
  601.94,   350.70,    96.30
  602.57,   352.43,   221.29
  603.20,   354.16,   346.28
  604.99,   475.65,    94.56
  605.62,   477.38,   219.54
  606.25,   479.11,   344.53
  723.85,   222.69,    97.46
  724.48,   224.42,   222.45
  725.11,   226.15,   347.44
  726.90,   347.64,    95.72
  727.53,   349.37,   220.70
  728.16,   351.11,   345.69
  729.95,   472.59,    93.97
  730.58,   474.32,   218.95
  731.21,   476.06,   343.94
  848.81,   219.63,    96.88
  849.44,   221.36,   221.86
  850.07,   223.10,   346.85
  851.86,   344.58,    95.13
  852.49,   346.31,   220.11
  853.12,   348.05,   345.10
  854.91,   469.53,    93.38
  855.54,   471.26,   218.37
  856.17,   473.00,   343.35
  599.22,   224.38,   226.17
  599.76,   225.00,   351.17
  600.30,   225.61,   476.17
  595.52,   349.33,   225.58
  596.05,   349.94,   350.57
  596.59,   350.55,   475.57
  591.81,   474.27,   224.98
  592.35,   474.88,   349.98
  592.88,   475.50,   474.97
  724.17,   228.09,   225.62
  724.71,   228.70,   350.61
  725.25,   229.32,   475.61
  720.46,   353.03,   225.02
  721.00,   353.65,   350.02
  721.54,   354.26,   475.01
  716.75,   477.98,   224.42
  717.29,   478.59,   349.42
  717.83,   479.20,   474.42
  849.11,   231.79,   225.06
  849.65,   232.41,   350.06
  850.19,   233.02,   475.05
  845.40,   356.74,   224.46
  845.94,   357.35,   349.46
  846.48,   357.96,   474.46
  841.69,   481.68,   223.86
  842.23,   482.29,   348.86
  842.77,   482.91,   473.86
  599.15,   225.05,   350.18
  595.66,   228.72,   475.08
  592.17,   232.39,   599.98
  598.89,   350.00,   346.51
  595.40,   353.67,   471.41
  591.91,   357.33,   596.30
  598.63,   474.94,   342.84
  595.14,   478.61,   467.73
  591.65,   482.28,   592.63
  724.10,   225.41,   353.67
  720.61,   229.08,   478.57
  717.12,   232.75,   603.46
  723.84,   350.36,   349.99
  720.35,   354.03,   474.89
  716.86,   357.69,   599.79
  723.59,   475.31,   346.32
  720.09,   478.97,   471.22
  716.60,   482.64,   596.11
  849.05,   225.78,   357.15
  845.56,   229.44,   482.05
  842.07,   233.11,   606.95
  848.79,   350.72,   353.48
  845.30,   354.39,   478.38
  841.81,   358.05,   603.27
  848.54,   475.67,   349.80
  845.04,   479.33,   474.70
  841.55,   483.00,   599.60
  599.52,   226.73,   475.12
  596.24,   223.36,   600.03
  592.96,   219.98,   724.95
  602.67,   351.65,   478.58
  599.39,   348.27,   603.49
  596.10,   344.90,   728.40
  605.81,   476.56,   482.04
  602.53,   473.18,   606.95
  599.25,   469.81,   731.86
  724.44,   223.50,   478.32
  721.16,   220.12,   603.23
  717.87,   216.75,   728.14
  727.59,   348.41,   481.78
  724.30,   345.04,   606.69
  721.02,   341.66,   731.60
  730.73,   473.32,   485.23
  727.45,   469.95,   610.14
  724.17,   466.58,   735.06
  849.36,   220.26,   481.51
  846.07,   216.89,   606.43
  842.79,   213.52,   731.34
  852.50,   345.18,   484.97
  849.22,   341.80,   609.88
  845.94,   338.43,   734.79
  855.65,   470.09,   488.43
  852.37,   466.72,   613.34
  849.08,   463.34,   738.25
  599.80,   224.97,   598.07
  601.43,   225.27,   723.06
  603.06,   225.57,   848.05
  596.88,   349.94,   597.81
  598.51,   350.24,   722.80
  600.14,   350.54,   847.79
  593.96,   474.90,   597.54
  595.59,   475.20,   722.53
  597.23,   475.50,   847.52
  724.75,   227.89,   596.43
  726.39,   228.19,   721.42
  728.02,   228.49,   846.41
  721.83,   352.85,   596.17
  723.47,   353.15,   721.16
  725.10,   353.46,   846.15
  718.91,   477.82,   595.90
  720.55,   478.12,   720.89
  722.18,   478.42,   845.88
  849.71,   230.80,   594.79
  851.34,   231.10,   719.78
  852.97,   231.41,   844.77
  846.79,   355.77,   594.53
  848.42,   356.07,   719.52
  850.05,   356.37,   844.51
  843.87,   480.73,   594.26
  845.50,   481.03,   719.25
  847.14,   481.34,   844.24
  598.94,   349.41,    99.83
  600.20,   352.25,   224.79
  601.47,   355.08,   349.75
  598.41,   474.38,    97.00
  599.68,   477.22,   221.96
  600.94,   480.05,   346.92
  597.89,   599.35,    94.17
  599.15,   602.18,   219.13
  600.42,   605.02,   344.09
  723.93,   349.91,    98.55
  725.19,   352.75,   223.51
  726.46,   355.58,   348.48
  723.40,   474.88,    95.72
  724.67,   477.71,   220.68
  725.93,   480.55,   345.65
  722.88,   599.84,    92.89
  724.14,   602.68,   217.86
  725.41,   605.51,   342.82
  848.92,   350.41,    97.28
  850.19,   353.24,   222.24
  851.45,   356.08,   347.20
  848.40,   475.37,    94.45
  849.66,   478.21,   219.41
  850.93,   481.04,   344.37
  847.87,   600.34,    91.62
  849.14,   603.17,   216.58
  850.40,   606.01,   341.54
  599.01,   350.38,   223.55
  597.01,   348.01,   348.51
  595.01,   345.65,   473.47
  596.16,   475.32,   225.87
  594.16,   472.96,   350.83
  592.15,   470.59,   475.79
  593.31,   600.27,   228.19
  591.30,   597.90,   353.15
  589.30,   595.54,   478.11
  723.97,   353.19,   225.60
  721.96,   350.83,   350.57
  719.96,   348.46,   475.53
  721.11,   478.14,   227.92
  719.11,   475.77,   352.89
  717.11,   473.41,   477.85
  718.26,   603.08,   230.24
  716.26,   600.72,   355.20
  714.25,   598.35,   480.17
  848.92,   356.01,   227.66
  846.91,   353.64,   352.62
  844.91,   351.28,   477.58
  846.06,   480.95,   229.98
  844.06,   478.59,   354.94
  842.06,   476.22,   479.90
  843.21,   605.90,   232.30
  841.21,   603.53,   357.26
  839.20,   601.17,   482.22
  599.92,   349.17,   348.24
  599.46,   346.53,   473.21
  599.00,   343.89,   598.18
  598.72,   474.14,   350.88
  598.27,   471.50,   475.85
  597.81,   468.85,   600.82
  597.53,   599.10,   353.52
  597.07,   596.46,   478.49
  596.62,   593.82,   603.46
  724.91,   350.36,   348.72
  724.45,   347.71,   473.69
  724.00,   345.07,   598.66
  723.72,   475.32,   351.36
  723.26,   472.68,   476.33
  722.80,   470.04,   601.30
  722.52,   600.29,   354.00
  722.07,   597.65,   478.97
  721.61,   595.00,   603.94
  849.91,   351.54,   349.20
  849.45,   348.90,   474.18
  848.99,   346.25,   599.15
  848.71,   476.51,   351.84
  848.25,   473.86,   476.81
  847.80,   471.22,   601.78
  847.52,   601.47,   354.48
  847.06,   598.83,   479.45
  846.60,   596.19,   604.42
  601.76,   348.39,   474.85
  604.09,   346.39,   599.81
  606.42,   344.38,   724.77
  602.18,   473.38,   476.85
  604.51,   471.37,   601.81
  606.84,   469.36,   726.77
  602.60,   598.36,   478.85
  604.93,   596.35,   603.81
  607.26,   594.35,   728.77
  726.73,   348.01,   472.51
  729.06,   346.00,   597.48
  731.40,   344.00,   722.44
  727.16,   472.99,   474.51
  729.49,   470.99,   599.47
  731.82,   468.98,   724.44
  727.58,   597.98,   476.51
  729.91,   595.97,   601.47
  732.24,   593.96,   726.44
  851.71,   347.63,   470.18
  854.04,   345.62,   595.14
  856.37,   343.61,   720.10
  852.13,   472.61,   472.18
  854.46,   470.60,   597.14
  856.79,   468.60,   722.10
  852.55,   597.59,   474.17
  854.88,   595.59,   599.14
  857.21,   593.58,   724.10
  600.27,   348.97,   600.17
  602.38,   350.02,   725.15
  604.49,   351.07,   850.13
  599.48,   473.97,   599.14
  601.59,   475.02,   724.11
  603.70,   476.07,   849.09
  598.70,   598.96,   598.10
  600.81,   600.01,   723.08
  602.92,   601.06,   848.06
  725.25,   349.74,   598.06
  727.36,   350.79,   723.03
  729.47,   351.84,   848.01
  724.46,   474.74,   597.02
  726.57,   475.79,   722.00
  728.68,   476.83,   846.98
  723.68,   599.73,   595.98
  725.79,   600.78,   720.96
  727.90,   601.83,   845.94
  850.23,   350.51,   595.94
  852.34,   351.56,   720.92
  854.45,   352.61,   845.90
  849.44,   475.50,   594.91
  851.55,   476.55,   719.88
  853.66,   477.60,   844.86
  848.66,   600.50,   593.87
  850.77,   601.55,   718.85
  852.88,   602.60,   843.82
  600.43,   475.53,    99.55
  600.78,   472.38,   224.51
  601.14,   469.23,   349.47
  602.74,   600.47,   102.69
  603.10,   597.32,   227.65
  603.45,   594.17,   352.61
  605.05,   725.41,   105.83
  605.41,   722.26,   230.79
  605.76,   719.11,   355.75
  725.41,   473.23,    99.14
  725.76,   470.08,   224.10
  726.11,   466.93,   349.06
  727.72,   598.17,   102.28
  728.07,   595.02,   227.24
  728.42,   591.87,   352.20
  730.03,   723.11,   105.42
  730.38,   719.96,   230.38
  730.73,   716.81,   355.34
  850.39,   470.93,    98.73
  850.74,   467.78,   223.69
  851.09,   464.63,   348.65
  852.70,   595.87,   101.87
  853.05,   592.72,   226.83
  853.40,   589.57,   351.79
  855.01,   720.81,   105.01
  855.36,   717.66,   229.97
  855.71,   714.51,   354.93
  599.72,   474.28,   226.37
  597.45,   474.12,   351.35
  595.17,   473.96,   476.33
  599.39,   599.28,   226.52
  597.12,   599.12,   351.50
  594.85,   598.96,   476.48
  599.07,   724.28,   226.67
  596.79,   724.12,   351.65
  594.52,   723.96,   476.63
  724.70,   474.60,   228.64
  722.42,   474.45,   353.62
  720.15,   474.29,   478.60
  724.37,   599.60,   228.80
  722.10,   599.44,   353.77
  719.82,   599.29,   478.75
  724.05,   724.60,   228.95
  721.77,   724.44,   353.93
  719.50,   724.29,   478.91
  849.68,   474.93,   230.92
  847.40,   474.77,   355.90
  845.13,   474.61,   480.88
  849.35,   599.93,   231.07
  847.08,   599.77,   356.05
  844.80,   599.61,   481.03
  849.03,   724.93,   231.22
  846.75,   724.77,   356.20
  844.48,   724.61,   481.18
  598.13,   473.14,   349.66
  599.26,   474.05,   474.66
  600.40,   474.97,   599.65
  599.55,   598.12,   348.74
  600.68,   599.04,   473.73
  601.82,   599.95,   598.72
  600.97,   723.11,   347.81
  602.10,   724.03,   472.80
  603.24,   724.94,   597.79
  723.11,   471.71,   348.54
  724.25,   472.62,   473.53
  725.38,   473.54,   598.52
  724.53,   596.70,   347.61
  725.67,   597.61,   472.60
  726.80,   598.53,   597.60
  725.95,   721.68,   346.69
  727.09,   722.60,   471.68
  728.22,   723.51,   596.67
  848.10,   470.28,   347.42
  849.24,   471.19,   472.41
  850.37,   472.11,   597.40
  849.52,   595.27,   346.49
  850.66,   596.18,   471.48
  851.79,   597.10,   596.47
  850.94,   720.26,   345.56
  852.08,   721.17,   470.55
  853.21,   722.09,   595.54
  600.31,   476.10,   474.68
  598.58,   477.85,   599.66
  596.86,   479.60,   724.63
  596.69,   601.03,   472.88
  594.97,   602.79,   597.86
  593.25,   604.54,   722.83
  593.08,   725.97,   471.08
  591.36,   727.72,   596.05
  589.64,   729.47,   721.03
  725.24,   479.73,   476.35
  723.52,   481.49,   601.33
  721.79,   483.24,   726.31
  721.63,   604.67,   474.55
  719.91,   606.42,   599.53
  718.18,   608.17,   724.50
  718.02,   729.60,   472.75
  716.30,   731.36,   597.73
  714.57,   733.11,   722.70
  850.18,   483.37,   478.03
  848.45,   485.12,   603.00
  846.73,   486.87,   727.98
  846.57,   608.30,   476.23
  844.84,   610.06,   601.20
  843.12,   611.81,   726.18
  842.96,   733.24,   474.42
  841.23,   734.99,   599.40
  839.51,   736.74,   724.38
  599.99,   473.23,   598.45
  598.81,   471.07,   723.43
  597.63,   468.92,   848.41
  598.29,   598.20,   600.59
  597.10,   596.04,   725.57
  595.92,   593.89,   850.54
  596.58,   723.17,   602.73
  595.40,   721.01,   727.70
  594.21,   718.86,   852.68
  724.98,   474.91,   599.67
  723.79,   472.76,   724.64
  722.61,   470.61,   849.62
  723.27,   599.88,   601.80
  722.09,   597.73,   726.78
  720.90,   595.58,   851.75
  721.56,   724.85,   603.94
  720.38,   722.70,   728.91
  719.20,   720.55,   853.89
  849.96,   476.60,   600.88
  848.78,   474.45,   725.85
  847.59,   472.29,   850.83
  848.25,   601.57,   603.01
  847.07,   599.42,   727.99
  845.89,   597.26,   852.97
  846.54,   726.54,   605.15
  845.36,   724.39,   730.13
  844.18,   722.23,   855.10
  601.39,   600.19,    98.87
  599.26,   598.21,   223.83
  597.14,   596.24,   348.80
  604.71,   725.13,   100.90
  602.58,   723.15,   225.86
  600.46,   721.18,   350.83
  608.03,   850.07,   102.93
  605.90,   848.09,   227.90
  603.78,   846.12,   352.86
  726.33,   596.83,   100.94
  724.20,   594.86,   225.91
  722.08,   592.89,   350.87
  729.65,   721.77,   102.97
  727.52,   719.80,   227.94
  725.40,   717.82,   352.90
  732.97,   846.71,   105.00
  730.84,   844.74,   229.97
  728.72,   842.76,   354.93
  851.26,   593.48,   103.01
  849.14,   591.51,   227.98
  847.01,   589.53,   352.94
  854.59,   718.42,   105.04
  852.46,   716.45,   230.01
  850.33,   714.47,   354.97
  857.91,   843.36,   107.07
  855.78,   841.38,   232.04
  853.65,   839.41,   357.01
  598.56,   598.99,   225.76
  600.37,   595.66,   350.70
  602.17,   592.34,   475.64
  597.48,   723.94,   229.10
  599.29,   720.61,   354.04
  601.09,   717.29,   478.99
  596.40,   848.89,   232.44
  598.20,   845.56,   357.38
  600.01,   842.24,   482.33
  723.55,   600.12,   223.99
  725.35,   596.79,   348.93
  727.15,   593.47,   473.87
  722.47,   725.07,   227.33
  724.27,   721.74,   352.27
  726.07,   718.42,   477.21
  721.38,   850.02,   230.67
  723.19,   846.69,   355.61
  724.99,   843.37,   480.55
  848.53,   601.25,   222.21
  850.33,   597.92,   347.16
  852.13,   594.60,   472.10
  847.45,   726.20,   225.55
  849.25,   722.87,   350.50
  851.05,   719.55,   475.44
  846.37,   851.15,   228.90
  848.17,   847.82,   353.84
  849.97,   844.50,   478.78
  598.27,   601.70,   351.27
  600.05,   599.15,   476.24
  601.83,   596.61,   601.20
  600.38,   726.65,   353.79
  602.15,   724.11,   478.75
  603.93,   721.57,   603.71
  602.48,   851.61,   356.30
  604.25,   849.07,   481.26
  606.03,   846.53,   606.22
  723.24,   599.63,   349.46
  725.02,   597.09,   474.42
  726.80,   594.55,   599.38
  725.34,   724.59,   351.97
  727.12,   722.05,   476.93
  728.90,   719.51,   601.89
  727.45,   849.55,   354.48
  729.22,   847.00,   479.44
  731.00,   844.46,   604.40
  848.21,   597.57,   347.64
  849.99,   595.03,   472.60
  851.77,   592.48,   597.56
  850.31,   722.52,   350.15
  852.09,   719.98,   475.11
  853.87,   717.44,   600.07
  852.42,   847.48,   352.66
  854.19,   844.94,   477.62
  855.97,   842.40,   602.58
  600.95,   601.51,   476.12
  599.73,   600.43,   601.11
  598.50,   599.34,   726.10
  603.18,   726.48,   477.22
  601.95,   725.40,   602.21
  600.73,   724.32,   727.20
  605.40,   851.46,   478.33
  604.18,   850.38,   603.32
  602.95,   849.29,   728.31
  725.93,   599.27,   477.33
  724.70,   598.19,   602.32
  723.47,   597.11,   727.30
  728.15,   724.25,   478.43
  726.93,   723.16,   603.42
  725.70,   722.08,   728.41
  730.38,   849.22,   479.53
  729.15,   848.14,   604.52
  727.93,   847.06,   729.51
  850.90,   597.03,   478.53
  849.67,   595.95,   603.52
  848.45,   594.87,   728.51
  853.13,   722.01,   479.64
  851.90,   720.93,   604.63
  850.67,   719.85,   729.61
  855.35,   846.98,   480.74
  854.13,   845.90,   605.73
  852.90,   844.82,   730.72
  599.37,   598.21,   599.80
  598.61,   599.54,   724.79
  597.85,   600.86,   849.78
  601.86,   723.18,   598.49
  601.10,   724.51,   723.48
  600.34,   725.83,   848.47
  604.35,   848.15,   597.18
  603.59,   849.47,   722.17
  602.83,   850.80,   847.16
  724.34,   595.73,   600.58
  723.58,   597.05,   725.57
  722.83,   598.38,   850.56
  726.83,   720.70,   599.27
  726.07,   722.02,   724.26
  725.32,   723.35,   849.26
  729.32,   845.67,   597.97
  728.56,   846.99,   722.96
  727.81,   848.31,   847.95
  849.31,   593.25,   601.36
  848.56,   594.57,   726.36
  847.80,   595.89,   851.35
  851.80,   718.22,   600.06
  851.05,   719.54,   725.05
  850.29,   720.86,   850.04
  854.29,   843.19,   598.75
  853.54,   844.51,   723.74
  852.78,   845.83,   848.73
