27, 125, pa2-debug-c-output1.txt
  207.38,   199.33,   207.69
  395.46,   395.98,   198.16
  100.38,    98.33,    98.67
  100.20,    95.68,   223.65
  100.09,    93.12,   348.73
  101.51,   223.27,   101.61
  101.26,   220.71,   226.57
  100.94,   218.25,   351.54
  102.44,   348.06,   104.34
  102.16,   345.39,   229.24
  102.03,   342.87,   354.22
  225.32,    97.35,    99.19
  225.16,    94.72,   224.15
  225.15,    92.09,   348.94
  226.43,   222.37,   102.05
  226.22,   219.89,   227.05
  226.00,   217.26,   351.67
  227.46,   347.19,   104.48
  227.17,   344.36,   229.44
  227.00,   341.73,   354.41
  350.38,    96.33,    99.34
  350.15,    93.58,   224.34
  349.82,    90.74,   349.12
  351.44,   221.25,   101.89
  351.37,   218.64,   226.87
  351.11,   215.97,   351.94
  352.62,   346.19,   104.53
  352.34,   343.48,   229.51
  351.89,   340.72,   354.61
  100.54,   100.87,   226.40
  101.28,   104.11,   351.47
  101.89,   107.16,   476.35
   99.01,   225.85,   223.52
   99.56,   229.15,   348.50
  100.17,   232.13,   473.26
   97.31,   350.52,   220.44
   98.06,   353.76,   345.42
   98.85,   356.85,   470.27
  225.50,   102.52,   226.03
  226.35,   105.67,   350.75
  227.10,   108.68,   475.50
  223.95,   227.61,   223.13
  224.60,   230.73,   347.76
  225.29,   233.73,   472.38
  222.30,   352.05,   219.73
  223.03,   355.16,   344.72
  223.78,   358.28,   469.60
  350.51,   103.94,   225.26
  351.12,   106.92,   350.08
  351.78,   109.97,   475.05
  349.10,   228.95,   222.05
  349.70,   232.05,   347.11
  350.22,   235.05,   472.22
  347.48,   353.78,   218.93
  347.90,   356.76,   344.00
  348.34,   359.72,   469.08
   99.53,    98.49,   349.31
  101.98,    95.14,   474.18
  104.29,    91.54,   599.01
   96.59,   223.53,   352.80
   98.95,   220.10,   477.54
  101.46,   216.38,   602.11
   93.87,   348.14,   356.18
   96.41,   344.79,   480.97
   98.88,   341.34,   605.70
  224.55,   101.35,   346.94
  227.08,    97.95,   471.72
  229.54,    94.42,   596.62
  221.59,   226.42,   350.39
  224.06,   223.01,   474.97
  226.62,   219.47,   599.72
  218.80,   350.83,   353.81
  221.33,   347.56,   478.62
  223.81,   344.16,   603.31
  349.26,   103.91,   344.60
  351.67,   100.51,   469.49
  354.13,    97.19,   594.58
  346.64,   229.03,   348.08
  348.96,   225.63,   473.16
  351.29,   222.15,   598.27
  343.62,   353.70,   351.45
  345.86,   350.27,   476.50
  348.21,   346.80,   601.48
  101.27,   101.29,   475.01
  101.88,   103.35,   599.84
  102.29,   105.18,   724.89
   97.87,   226.26,   472.66
   98.69,   228.23,   597.29
   99.65,   230.35,   722.30
   94.92,   350.96,   470.37
   95.70,   353.22,   595.18
   96.41,   355.48,   720.10
  226.42,   104.43,   474.06
  227.19,   106.61,   598.98
  227.83,   108.86,   724.11
  222.98,   229.49,   471.64
  223.85,   231.65,   596.42
  224.75,   233.82,   721.46
  219.85,   354.03,   469.57
  220.65,   356.34,   594.32
  221.25,   358.58,   719.11
  351.06,   107.35,   473.46
  351.83,   109.74,   598.64
  352.55,   112.11,   723.79
  347.89,   232.44,   471.37
  348.52,   234.65,   596.50
  349.19,   236.85,   721.52
  344.38,   357.09,   468.96
  345.04,   359.32,   593.96
  345.79,   361.57,   718.87
   98.68,   100.71,   598.64
   99.60,    98.74,   723.71
  100.75,    97.07,   848.96
   98.74,   225.63,   599.84
  100.27,   223.96,   724.87
  101.65,   222.64,   850.34
   99.00,   350.69,   601.48
  100.26,   349.15,   726.41
  101.31,   347.84,   851.76
  224.03,   100.75,   597.28
  225.20,    99.20,   722.42
  226.21,    97.53,   847.62
  223.94,   225.86,   598.46
  225.41,   224.24,   723.54
  226.64,   222.72,   848.94
  223.95,   350.60,   600.12
  225.15,   349.05,   724.94
  226.34,   347.61,   850.23
  348.71,   100.65,   596.35
  350.02,    99.27,   721.49
  351.11,    97.81,   846.25
  348.66,   225.66,   598.05
  349.89,   224.08,   723.10
  351.08,   222.61,   847.74
  348.40,   350.37,   599.30
  349.72,   348.84,   724.24
  351.19,   347.46,   849.21
   99.58,   225.52,   101.53
  101.46,   222.68,   226.48
  103.25,   219.93,   351.42
   96.32,   350.26,   104.58
   98.16,   347.32,   229.48
  100.15,   344.50,   354.44
   93.16,   475.18,   107.65
   94.97,   472.16,   232.44
   97.03,   469.30,   357.49
  224.45,   228.86,    99.94
  226.36,   226.09,   224.93
  228.27,   223.16,   349.54
  221.27,   353.65,   102.72
  223.11,   350.50,   227.64
  225.07,   347.58,   352.61
  218.07,   478.62,   105.57
  219.91,   475.20,   230.51
  221.97,   472.15,   355.66
  349.41,   231.99,    97.77
  351.46,   229.09,   222.71
  353.32,   226.13,   347.77
  346.39,   356.90,   100.74
  348.22,   353.89,   225.71
  349.90,   350.83,   350.77
  343.23,   481.85,   103.84
  344.96,   478.73,   228.91
  346.58,   475.56,   353.76
   99.05,   226.47,   225.68
  101.97,   223.54,   350.62
  104.94,   220.30,   475.32
   98.14,   351.15,   228.85
  101.27,   348.15,   353.79
  104.43,   344.99,   478.56
   97.35,   476.02,   231.95
  100.55,   472.97,   356.99
  103.80,   469.85,   482.02
  223.96,   227.53,   222.97
  227.00,   224.43,   347.56
  230.07,   221.18,   472.14
  223.11,   351.98,   225.82
  226.20,   348.87,   350.77
  229.31,   345.77,   475.58
  222.31,   476.72,   228.85
  225.48,   473.48,   353.97
  228.61,   470.41,   478.95
  349.08,   228.17,   219.57
  352.07,   225.04,   344.59
  354.99,   221.81,   469.68
  348.25,   353.01,   222.71
  351.05,   349.77,   347.74
  353.87,   346.50,   472.81
  347.38,   477.89,   226.07
  350.12,   474.54,   350.89
  352.92,   471.26,   475.78
   98.92,   223.87,   348.51
   99.29,   222.79,   473.32
   99.81,   221.39,   597.97
   97.30,   348.53,   349.50
   97.87,   347.53,   474.36
   98.35,   346.43,   599.18
   95.68,   473.39,   350.52
   96.33,   472.44,   475.62
   96.87,   471.41,   600.54
  223.96,   225.59,   348.03
  224.44,   224.51,   472.67
  225.01,   223.32,   597.48
  222.27,   350.06,   349.06
  222.81,   349.11,   473.95
  223.31,   348.06,   598.70
  220.67,   474.70,   350.08
  221.23,   473.79,   475.15
  221.51,   472.87,   600.04
  349.06,   227.02,   347.64
  349.38,   225.96,   472.79
  349.73,   224.82,   597.95
  347.15,   351.77,   348.62
  347.39,   350.67,   473.74
  347.75,   349.53,   598.77
  345.33,   476.56,   349.59
  345.57,   475.46,   474.54
  345.92,   474.40,   599.58
   99.37,   224.62,   476.10
   99.45,   224.50,   600.75
   99.67,   224.54,   725.81
  100.91,   349.37,   475.86
  100.96,   349.56,   600.68
  100.90,   349.74,   725.62
  102.35,   474.27,   475.84
  102.43,   474.54,   600.77
  102.24,   474.65,   725.51
  224.52,   223.38,   475.88
  224.65,   223.47,   600.69
  224.82,   223.57,   725.79
  225.85,   348.00,   475.87
  225.90,   348.22,   600.64
  225.79,   348.38,   725.47
  227.21,   472.68,   475.78
  227.05,   473.03,   600.68
  226.68,   473.32,   725.47
  349.48,   221.88,   476.43
  349.38,   222.02,   601.60
  349.31,   222.15,   726.65
  350.43,   346.59,   476.11
  350.35,   346.73,   601.15
  350.38,   346.91,   726.09
  351.55,   471.39,   475.61
  351.47,   471.60,   600.66
  351.50,   471.85,   725.72
  101.72,   226.46,   599.05
  100.30,   229.89,   724.04
   98.73,   233.70,   849.47
   98.56,   351.40,   595.57
   96.87,   354.97,   720.46
   94.98,   358.77,   845.74
   95.37,   476.30,   592.22
   93.63,   479.78,   716.90
   91.55,   483.68,   842.02
  226.86,   230.10,   600.55
  225.38,   233.59,   725.55
  223.67,   237.18,   850.89
  223.46,   354.76,   597.06
  221.70,   358.31,   721.81
  219.92,   361.99,   847.02
  219.99,   479.49,   593.68
  217.97,   483.18,   718.41
  216.27,   486.99,   843.46
  351.51,   233.33,   602.98
  349.81,   236.85,   727.93
  348.10,   240.50,   852.53
  347.84,   357.96,   599.04
  346.23,   361.54,   723.90
  344.77,   365.28,   848.87
  344.34,   482.77,   595.14
  342.70,   486.42,   720.15
  341.30,   490.18,   845.34
  101.10,   349.40,    98.68
  104.54,   346.00,   223.51
  108.16,   342.79,   348.43
  101.16,   474.35,   102.08
  104.58,   470.84,   226.79
  108.30,   467.56,   351.83
  101.31,   599.55,   105.46
  104.75,   596.12,   230.16
  108.35,   592.56,   355.13
  226.07,   349.61,    95.11
  229.51,   346.05,   219.97
  233.08,   342.72,   344.89
  226.11,   474.62,    98.31
  229.54,   470.78,   223.19
  233.18,   467.31,   348.28
  226.06,   599.63,   101.96
  229.61,   596.06,   226.86
  233.24,   592.43,   351.61
  351.16,   349.64,    91.43
  354.65,   346.25,   216.32
  357.95,   342.80,   341.35
  351.27,   474.63,    94.87
  354.63,   471.14,   219.90
  357.83,   467.57,   344.70
  351.16,   599.56,    98.50
  354.61,   596.10,   223.61
  358.02,   592.57,   348.09
   99.46,   350.07,   223.22
  101.29,   347.66,   348.20
  103.15,   345.09,   473.01
   97.88,   474.94,   225.74
   99.77,   472.49,   350.81
  101.72,   469.96,   475.88
   96.43,   600.22,   228.31
   98.20,   597.49,   353.33
  100.15,   594.78,   478.51
  224.45,   351.66,   221.50
  226.24,   349.14,   346.49
  228.06,   346.61,   471.35
  222.86,   476.42,   223.95
  224.73,   473.75,   349.10
  226.57,   471.26,   474.13
  221.30,   601.75,   226.83
  223.14,   598.91,   351.64
  225.00,   596.31,   476.68
  349.61,   353.45,   219.70
  351.12,   350.79,   344.77
  352.64,   348.10,   469.87
  347.95,   478.34,   222.48
  349.39,   475.57,   347.34
  350.90,   472.87,   472.26
  346.31,   603.33,   225.41
  347.96,   600.60,   349.94
  349.59,   597.98,   474.77
   99.40,   350.77,   351.96
   99.00,   351.94,   476.83
   98.52,   353.02,   601.65
   97.23,   475.62,   350.79
   96.92,   476.84,   475.90
   96.50,   477.99,   600.83
   95.02,   600.64,   349.52
   94.70,   601.67,   474.72
   94.30,   602.80,   599.83
  224.35,   352.84,   352.45
  223.94,   354.06,   477.34
  223.46,   355.18,   602.10
  222.20,   477.48,   351.28
  221.81,   478.74,   476.35
  221.12,   479.99,   601.25
  219.97,   602.66,   350.02
  219.59,   603.82,   475.09
  218.89,   605.12,   600.34
  349.20,   355.10,   352.93
  348.48,   356.16,   478.05
  347.88,   357.19,   603.06
  346.85,   479.89,   351.71
  346.14,   480.95,   476.66
  345.53,   482.07,   601.70
  344.80,   604.95,   350.52
  344.21,   606.10,   475.39
  343.50,   607.31,   600.69
  102.13,   348.84,   474.10
  103.88,   351.75,   598.86
  105.50,   354.63,   723.74
   99.40,   473.69,   471.40
  101.19,   476.66,   596.30
  102.70,   479.47,   720.99
   96.53,   598.49,   468.45
   98.34,   601.44,   593.53
   99.89,   604.38,   718.21
  227.02,   351.56,   472.37
  228.76,   354.49,   597.10
  230.31,   357.35,   721.88
  224.25,   476.19,   469.60
  225.78,   479.26,   594.47
  227.08,   482.25,   719.23
  221.39,   601.22,   466.56
  222.92,   604.34,   591.77
  224.28,   607.37,   716.81
  351.56,   354.26,   470.81
  353.15,   357.11,   595.81
  354.85,   359.99,   720.71
  348.57,   479.02,   467.66
  350.15,   481.95,   592.65
  351.85,   484.90,   717.69
  345.99,   604.11,   464.61
  347.50,   607.14,   589.84
  348.98,   610.06,   715.21
   99.42,   348.50,   598.89
   97.13,   345.19,   723.79
   94.65,   342.11,   849.10
   98.40,   473.45,   602.44
   96.00,   470.05,   727.12
   93.28,   467.13,   852.33
   97.21,   598.24,   605.81
   94.83,   594.98,   730.44
   92.33,   592.19,   855.45
  224.36,   349.61,   601.12
  222.02,   346.28,   725.88
  219.66,   343.07,   851.14
  223.01,   474.39,   604.63
  220.40,   471.19,   729.35
  218.13,   468.08,   854.45
  221.75,   599.48,   608.11
  219.20,   596.32,   733.05
  217.06,   593.34,   858.06
  348.79,   350.55,   603.89
  346.57,   347.26,   728.76
  344.49,   344.11,   853.68
  347.41,   475.40,   606.88
  345.19,   472.16,   731.88
  343.22,   469.04,   857.06
  346.35,   600.59,   610.24
  343.93,   597.30,   735.53
  341.86,   594.10,   860.60
  100.35,   474.36,   101.27
   98.21,   471.77,   226.05
   96.34,   469.44,   351.12
  103.09,   599.55,   103.80
  100.99,   597.02,   228.54
   99.01,   594.39,   353.56
  105.85,   724.55,   106.55
  103.75,   722.35,   231.27
  101.73,   719.49,   356.08
  225.29,   471.86,   102.98
  223.17,   468.92,   227.94
  221.29,   466.37,   353.09
  227.85,   596.87,   105.77
  225.85,   594.20,   230.72
  223.93,   591.48,   355.55
  230.48,   721.77,   108.89
  228.55,   719.69,   233.76
  226.67,   716.92,   357.89
  350.46,   469.15,   105.07
  348.24,   466.54,   230.12
  345.91,   463.86,   355.00
  352.97,   594.07,   107.87
  350.84,   591.50,   232.96
  348.69,   588.86,   357.51
  355.39,   719.00,   110.72
  353.54,   716.50,   235.74
  351.73,   714.07,   360.10
   99.08,   472.82,   223.08
  102.45,   472.48,   348.16
  105.87,   472.07,   473.23
  100.29,   598.13,   223.48
  103.53,   597.52,   348.50
  106.94,   596.94,   473.67
  101.47,   723.50,   224.12
  104.67,   722.71,   348.92
  107.79,   722.05,   474.11
  224.04,   471.63,   219.79
  227.36,   471.08,   344.94
  230.66,   470.71,   469.97
  225.14,   596.97,   220.50
  228.43,   596.27,   345.32
  231.74,   595.79,   470.33
  226.26,   722.50,   221.51
  229.59,   721.77,   345.62
  232.95,   721.22,   470.44
  349.14,   470.88,   216.82
  352.03,   470.23,   341.70
  354.98,   469.65,   466.61
  350.14,   595.89,   217.59
  353.23,   595.29,   342.14
  356.31,   594.78,   466.93
  351.21,   720.91,   218.30
  354.66,   720.51,   342.67
  357.95,   720.16,   467.48
   98.90,   473.61,   349.28
   96.51,   477.12,   474.32
   94.03,   480.54,   599.18
  101.36,   598.57,   345.78
   98.97,   601.90,   470.92
   96.49,   605.31,   595.97
  103.87,   723.70,   342.38
  101.19,   726.92,   467.57
   98.42,   730.23,   592.66
  223.84,   470.88,   351.92
  221.38,   474.43,   476.92
  218.63,   477.96,   601.76
  226.26,   596.00,   348.46
  223.81,   599.45,   473.45
  221.05,   603.02,   598.62
  228.78,   721.44,   344.93
  226.36,   724.81,   469.72
  223.62,   728.29,   595.29
  348.46,   468.70,   354.51
  345.68,   472.04,   479.41
  343.01,   475.44,   604.37
  351.04,   593.70,   351.11
  348.36,   597.12,   475.90
  345.60,   600.61,   601.12
  353.85,   718.88,   347.81
  351.35,   722.44,   472.60
  348.52,   725.92,   598.09
   99.41,   474.23,   475.98
  101.66,   473.80,   600.89
  103.64,   473.21,   725.60
   96.72,   599.06,   476.45
   99.00,   598.61,   601.53
  101.00,   598.16,   726.22
   93.78,   724.06,   477.02
   95.83,   723.54,   602.09
   98.27,   723.23,   726.84
  224.25,   476.61,   473.77
  226.25,   476.27,   598.65
  228.04,   475.87,   723.43
  221.57,   601.69,   474.15
  223.54,   601.39,   599.38
  225.37,   601.02,   724.42
  218.96,   727.09,   474.30
  220.97,   726.69,   599.93
  223.05,   726.12,   725.42
  348.56,   479.31,   471.43
  350.63,   478.84,   596.46
  352.80,   478.39,   721.52
  346.15,   604.44,   471.79
  348.12,   604.06,   597.06
  350.09,   603.57,   722.43
  343.99,   729.81,   472.34
  345.90,   729.42,   597.91
  347.54,   728.79,   723.64
  102.13,   475.09,   601.07
   98.88,   477.72,   725.74
   95.33,   480.81,   850.91
  103.94,   599.90,   598.50
  100.70,   602.66,   723.14
   97.43,   605.87,   848.07
  105.26,   724.87,   595.81
  102.42,   727.72,   720.53
   99.53,   731.00,   845.44
  226.69,   473.14,   604.10
  223.24,   475.97,   728.83
  220.13,   478.89,   853.93
  228.46,   598.24,   601.61
  225.07,   601.10,   726.60
  222.10,   604.15,   851.62
  230.42,   723.54,   598.95
  227.22,   726.19,   724.40
  224.40,   729.27,   849.34
  351.08,   471.27,   607.21
  348.02,   474.06,   732.20
  345.21,   476.96,   857.40
  353.02,   596.46,   604.58
  349.77,   599.21,   729.89
  346.83,   602.01,   855.00
  355.28,   721.81,   602.21
  351.68,   724.41,   727.88
  348.36,   727.07,   852.61
   98.38,   601.92,    98.89
   96.41,   602.23,   223.63
   94.56,   602.41,   348.67
   96.84,   726.94,    98.69
   94.87,   727.53,   223.43
   93.00,   727.51,   348.36
   95.41,   851.98,    98.46
   93.34,   852.42,   223.40
   91.49,   852.65,   348.44
  223.12,   603.62,   100.77
  221.27,   603.80,   225.74
  219.51,   603.88,   350.56
  221.44,   728.49,   100.96
  219.67,   729.35,   225.95
  217.92,   729.39,   350.05
  220.27,   853.61,   100.91
  218.20,   854.36,   226.01
  216.27,   854.73,   349.99
  348.23,   605.16,   102.73
  346.28,   605.42,   227.89
  344.33,   605.60,   352.44
  346.35,   730.16,   102.69
  344.66,   730.48,   227.82
  343.03,   730.88,   352.17
  344.74,   855.10,   102.48
  343.06,   855.44,   227.52
  341.42,   856.04,   352.06
  101.93,   598.78,   225.12
  104.78,   597.44,   350.14
  107.80,   596.14,   475.32
   98.43,   724.07,   226.55
  101.22,   722.56,   351.40
  103.93,   721.18,   476.62
   94.94,   848.91,   228.12
   97.73,   847.68,   353.09
  100.02,   846.45,   478.22
  226.75,   602.35,   222.61
  229.64,   600.93,   347.40
  232.55,   599.73,   472.41
  223.18,   727.84,   224.42
  226.11,   726.38,   348.51
  229.06,   725.11,   473.37
  219.73,   852.83,   226.08
  222.50,   851.68,   350.03
  225.19,   850.45,   474.65
  351.71,   605.97,   220.13
  354.43,   604.66,   344.66
  357.11,   603.44,   469.46
  348.10,   730.96,   221.66
  351.16,   729.85,   346.01
  354.05,   728.78,   470.85
  344.53,   855.88,   222.96
  347.60,   854.96,   347.50
  350.45,   853.94,   472.45
  101.57,   600.12,   348.34
  104.50,   598.03,   473.51
  107.28,   596.05,   598.59
  102.81,   725.28,   350.29
  105.42,   723.11,   475.49
  107.99,   721.04,   600.60
  104.08,   850.48,   352.63
  106.30,   848.45,   477.69
  108.65,   846.16,   602.47
  226.49,   598.82,   345.64
  229.32,   596.83,   470.65
  231.82,   594.98,   595.84
  227.74,   724.31,   347.44
  230.60,   722.24,   472.28
  233.16,   720.30,   597.90
  228.92,   849.64,   349.63
  231.55,   847.64,   474.24
  234.10,   845.32,   599.76
  351.31,   597.77,   342.94
  353.89,   595.76,   467.73
  356.41,   593.81,   592.93
  352.83,   723.00,   344.97
  355.61,   721.13,   469.78
  358.04,   719.18,   595.27
  354.10,   848.14,   347.14
  356.88,   846.35,   472.09
  359.39,   844.21,   597.53
  102.13,   601.01,   476.86
   99.76,   602.95,   601.93
   97.16,   604.88,   726.60
   99.79,   726.06,   474.92
   97.18,   727.90,   600.01
   95.01,   729.95,   724.75
   97.47,   851.36,   473.25
   94.59,   853.05,   597.99
   92.35,   855.14,   722.66
  226.95,   603.08,   479.15
  224.30,   605.17,   604.37
  221.54,   607.19,   729.40
  224.98,   728.48,   476.83
  222.35,   730.47,   602.45
  219.83,   732.27,   727.90
  222.62,   853.84,   474.83
  219.98,   855.40,   600.27
  217.88,   856.79,   725.82
  351.54,   605.26,   481.38
  348.89,   607.26,   606.66
  346.24,   609.16,   732.03
  350.01,   730.63,   479.48
  347.27,   732.61,   605.05
  344.30,   734.36,   730.77
  347.93,   855.80,   477.80
  345.28,   857.54,   603.24
  342.40,   859.02,   728.93
  102.23,   601.45,   598.23
  102.07,   601.81,   722.95
  101.88,   602.61,   847.96
  104.39,   726.43,   597.91
  104.65,   726.88,   722.70
  104.88,   727.79,   847.71
  106.56,   851.56,   597.45
  106.93,   851.96,   722.22
  106.90,   852.81,   847.41
  226.79,   598.87,   598.23
  226.46,   599.31,   723.29
  226.55,   599.92,   848.37
  229.59,   724.18,   597.93
  229.46,   724.42,   723.47
  229.68,   725.07,   848.48
  231.99,   849.18,   597.42
  232.25,   849.00,   723.13
  232.60,   849.50,   848.10
  351.37,   596.17,   598.07
  351.20,   596.50,   723.44
  351.32,   596.88,   848.65
  354.49,   721.53,   598.06
  353.96,   721.73,   723.78
  353.70,   721.96,   848.64
  357.31,   846.54,   597.96
  356.78,   846.51,   723.68
  356.36,   846.65,   848.37
  223.37,    98.31,    99.64
  220.11,   100.94,   224.60
  217.00,   103.57,   349.30
  220.17,   223.28,    97.18
  216.84,   226.03,   222.16
  213.50,   228.63,   346.75
  216.89,   348.10,    94.33
  213.46,   350.44,   219.20
  210.22,   353.02,   344.15
  348.35,   101.67,   102.85
  345.05,   104.19,   227.79
  341.69,   106.65,   352.57
  345.10,   226.56,   100.10
  341.91,   229.19,   225.04
  338.52,   231.75,   350.04
  341.94,   351.47,    97.41
  338.55,   353.96,   222.35
  335.01,   356.41,   347.39
  473.38,   105.02,   105.93
  470.01,   107.32,   230.98
  466.52,   109.79,   355.91
  470.07,   229.81,   103.08
  466.93,   232.29,   228.08
  463.48,   234.90,   353.40
  466.98,   354.78,   100.85
  463.62,   357.41,   225.64
  459.87,   359.84,   350.64
  224.80,    99.16,   224.14
  228.30,   101.75,   348.85
  231.69,   104.21,   473.59
  226.89,   224.28,   221.75
  230.19,   226.84,   346.35
  233.51,   229.27,   470.96
  228.87,   348.74,   218.85
  232.22,   351.29,   343.80
  235.58,   353.84,   468.66
  349.75,    96.91,   220.85
  352.97,    99.31,   345.61
  356.27,   101.79,   470.52
  351.98,   221.93,   218.10
  355.24,   224.48,   343.13
  358.40,   226.93,   468.25
  354.01,   346.78,   215.48
  357.07,   349.22,   340.52
  360.12,   351.62,   465.60
  474.73,    94.62,   217.58
  477.82,    96.98,   342.40
  481.02,    99.60,   467.47
  477.01,   219.53,   214.63
  480.24,   222.12,   339.94
  483.27,   224.66,   465.31
  479.11,   344.70,   212.25
  482.04,   347.15,   337.26
  484.92,   349.47,   462.41
  226.09,   101.36,   350.32
  229.27,   101.61,   475.11
  232.39,   101.73,   600.04
  227.26,   226.50,   350.05
  230.39,   226.72,   474.68
  233.59,   226.83,   599.48
  228.59,   350.97,   349.74
  231.76,   351.33,   474.61
  234.88,   351.57,   599.35
  350.78,    99.70,   347.25
  353.87,    99.95,   472.19
  356.99,   100.31,   597.34
  352.33,   224.90,   347.01
  355.29,   225.14,   472.15
  358.25,   225.31,   597.31
  353.44,   349.67,   346.64
  356.30,   349.86,   471.74
  359.28,   350.02,   596.77
  475.64,    98.14,   344.21
  478.62,    98.54,   469.31
  481.62,    98.92,   594.41
  477.34,   223.31,   344.00
  480.16,   223.64,   469.40
  482.93,   223.83,   594.66
  478.41,   348.36,   343.54
  481.09,   348.48,   468.73
  483.99,   348.56,   593.94
  225.41,    99.99,   475.97
  228.11,   102.59,   600.85
  230.66,   105.28,   725.95
  222.93,   225.08,   473.11
  225.72,   227.66,   597.87
  228.54,   230.25,   722.90
  220.74,   349.64,   470.65
  223.45,   352.37,   595.37
  225.99,   355.02,   720.14
  350.02,   101.90,   473.40
  352.73,   104.72,   598.55
  355.38,   107.54,   723.67
  347.84,   227.04,   470.93
  350.39,   229.67,   596.05
  352.97,   232.29,   721.05
  345.28,   351.71,   468.14
  347.85,   354.35,   593.12
  350.52,   357.02,   718.01
  474.78,   104.01,   470.92
  477.35,   106.86,   596.05
  479.87,   109.64,   720.94
  472.69,   229.06,   468.58
  475.04,   231.71,   593.82
  477.41,   234.29,   718.66
  470.03,   353.85,   465.50
  472.50,   356.42,   590.67
  475.28,   359.06,   715.72
  225.42,    99.80,   598.44
  228.80,   103.17,   723.49
  232.06,   106.45,   848.61
  223.05,   224.86,   594.76
  226.71,   228.15,   719.75
  230.13,   231.53,   845.05
  220.81,   349.56,   591.59
  224.18,   352.90,   716.32
  227.53,   356.36,   841.48
  350.03,   101.87,   595.25
  353.52,   105.39,   720.35
  356.77,   108.84,   845.00
  347.72,   226.82,   592.08
  351.13,   230.13,   717.07
  354.51,   233.56,   841.67
  345.19,   351.49,   588.50
  348.69,   354.85,   713.35
  352.32,   358.36,   838.26
  474.62,   103.96,   591.91
  478.00,   107.44,   716.79
  481.29,   110.99,   841.31
  472.35,   228.82,   589.03
  475.55,   232.08,   713.85
  478.88,   235.48,   838.01
  469.82,   353.50,   585.20
  473.41,   356.83,   710.22
  477.21,   360.36,   835.01
  222.98,   224.06,   101.59
  223.05,   224.54,   226.61
  223.12,   224.86,   351.27
  223.02,   348.92,   101.06
  223.00,   349.03,   226.02
  223.13,   349.35,   351.04
  223.03,   473.99,   100.61
  223.01,   473.81,   225.58
  223.21,   474.00,   350.78
  348.00,   223.94,   101.17
  348.21,   224.30,   226.17
  348.22,   224.59,   351.27
  348.17,   348.92,   100.84
  348.18,   349.17,   225.85
  348.01,   349.36,   350.97
  348.24,   473.95,   100.63
  348.12,   474.10,   225.75
  347.89,   474.17,   350.66
  473.05,   223.81,   100.83
  473.31,   224.00,   225.90
  473.27,   224.34,   351.30
  473.28,   348.84,   100.95
  473.33,   349.21,   225.81
  473.00,   349.38,   350.90
  473.42,   473.95,   101.04
  473.32,   474.31,   225.93
  472.86,   474.34,   350.53
  225.07,   224.38,   224.30
  228.45,   226.37,   348.91
  231.85,   228.22,   473.52
  222.17,   348.83,   222.12
  225.60,   350.81,   347.07
  229.05,   352.79,   471.92
  219.31,   473.57,   220.07
  222.82,   475.42,   345.21
  226.30,   477.44,   470.23
  350.15,   226.94,   220.50
  353.48,   228.90,   345.54
  356.71,   230.77,   470.66
  347.27,   351.77,   218.59
  350.41,   353.63,   343.64
  353.55,   355.45,   468.71
  344.37,   476.66,   216.90
  347.45,   478.41,   341.76
  350.59,   480.23,   466.64
  475.18,   229.46,   216.87
  478.45,   231.46,   342.19
  481.54,   233.41,   467.57
  472.36,   354.62,   215.22
  475.34,   356.47,   340.21
  478.29,   358.20,   465.34
  469.51,   479.68,   213.78
  472.37,   481.40,   338.31
  475.33,   483.06,   463.07
  223.84,   227.02,   348.72
  220.66,   226.99,   473.32
  217.57,   226.84,   598.06
  224.42,   351.50,   348.72
  221.31,   351.60,   473.58
  218.16,   351.59,   598.29
  225.07,   476.16,   348.71
  221.99,   476.29,   473.74
  218.63,   476.42,   598.61
  348.90,   226.19,   351.99
  345.58,   226.17,   477.08
  342.28,   226.07,   602.16
  349.26,   350.95,   351.93
  345.85,   350.89,   477.01
  342.57,   350.80,   601.98
  349.71,   475.77,   351.86
  346.30,   475.69,   476.78
  343.00,   475.68,   601.78
  473.90,   225.37,   355.30
  470.42,   225.42,   480.69
  466.89,   225.33,   605.94
  474.19,   350.40,   355.14
  470.59,   350.24,   480.33
  467.21,   350.07,   605.52
  474.62,   475.35,   355.00
  471.02,   475.12,   479.85
  467.77,   475.00,   605.04
  227.13,   224.83,   475.94
  228.80,   227.02,   600.74
  230.50,   229.22,   725.80
  225.96,   349.43,   473.84
  227.56,   351.75,   598.59
  228.97,   354.01,   723.39
  224.84,   474.09,   471.66
  226.23,   476.55,   596.54
  227.39,   478.94,   721.31
  352.06,   225.78,   474.93
  353.49,   228.02,   600.07
  354.95,   230.25,   725.09
  350.53,   350.48,   472.49
  351.98,   352.72,   597.50
  353.55,   355.00,   722.41
  349.18,   475.26,   469.91
  350.63,   477.59,   594.92
  352.19,   479.94,   719.97
  476.95,   226.81,   473.71
  478.17,   229.06,   598.97
  479.42,   231.24,   723.81
  475.33,   351.61,   470.99
  476.69,   353.78,   596.19
  478.36,   356.03,   721.26
  473.96,   476.48,   468.18
  475.45,   478.69,   593.36
  477.28,   481.05,   718.73
  225.72,   225.46,   597.78
  226.28,   223.49,   722.86
  226.62,   221.61,   848.25
  227.27,   350.19,   599.79
  227.57,   348.28,   724.61
  227.87,   346.48,   849.89
  228.71,   474.99,   601.89
  228.75,   473.20,   726.67
  229.15,   471.51,   851.82
  350.44,   223.71,   598.25
  350.77,   221.77,   723.30
  351.05,   219.94,   847.93
  351.71,   348.41,   599.86
  352.14,   346.52,   724.80
  352.71,   344.78,   849.76
  353.13,   473.26,   601.44
  353.57,   471.44,   726.49
  354.26,   469.74,   851.74
  475.12,   221.99,   598.31
  475.21,   220.01,   723.17
  475.42,   218.17,   847.32
  476.42,   346.70,   599.72
  476.93,   344.78,   724.80
  477.58,   343.07,   849.54
  477.97,   471.60,   601.05
  478.68,   469.79,   726.43
  479.48,   468.13,   851.71
  223.62,   350.40,    99.01
  221.45,   347.08,   223.92
  219.42,   344.00,   348.87
  223.52,   475.42,   101.98
  221.35,   471.81,   226.90
  219.42,   468.59,   352.04
  223.35,   600.45,   105.40
  221.29,   597.12,   230.32
  219.33,   593.72,   355.13
  348.75,   350.44,   100.94
  346.60,   347.27,   225.89
  344.31,   344.04,   350.95
  348.72,   475.43,   104.17
  346.44,   472.15,   229.21
  344.07,   468.79,   354.07
  348.47,   600.36,   107.60
  346.31,   597.13,   232.67
  344.12,   593.82,   357.20
  473.85,   350.42,   103.21
  471.74,   347.35,   227.99
  469.27,   344.10,   353.04
  473.89,   475.50,   106.73
  471.61,   472.41,   231.52
  468.99,   469.01,   356.08
  473.64,   600.46,   109.95
  471.48,   597.22,   234.91
  469.16,   593.95,   359.37
  226.29,   348.78,   226.30
  230.09,   352.44,   351.20
  233.90,   356.10,   476.01
  227.34,   473.51,   222.47
  231.19,   477.05,   347.55
  235.01,   480.75,   472.51
  228.41,   598.81,   219.10
  232.24,   602.21,   343.83
  236.10,   605.82,   468.74
  351.41,   347.78,   222.48
  354.91,   351.32,   347.48
  358.41,   354.83,   472.51
  352.41,   472.66,   218.99
  355.83,   476.10,   343.79
  359.32,   479.60,   468.61
  353.41,   597.62,   215.67
  357.05,   601.11,   340.16
  360.69,   604.70,   464.86
  476.51,   346.66,   218.79
  479.87,   350.20,   343.76
  483.19,   353.63,   468.86
  477.57,   471.72,   215.55
  480.80,   475.13,   340.04
  484.12,   478.47,   464.77
  478.56,   596.52,   212.14
  482.11,   600.03,   336.59
  485.63,   603.58,   461.22
  226.56,   349.66,   350.36
  226.21,   346.85,   475.22
  225.83,   343.93,   599.94
  224.56,   474.26,   353.23
  224.23,   471.50,   478.26
  223.63,   468.70,   603.11
  222.49,   599.40,   356.01
  222.17,   596.53,   481.07
  221.52,   593.78,   606.26
  351.42,   351.75,   350.83
  350.78,   348.78,   475.93
  350.27,   345.78,   600.95
  349.21,   476.51,   353.65
  348.56,   473.54,   478.58
  348.04,   470.61,   603.59
  347.30,   601.53,   356.48
  346.76,   598.64,   481.34
  346.12,   595.79,   606.60
  476.39,   353.85,   351.31
  475.56,   350.78,   476.51
  474.96,   347.71,   601.72
  474.16,   478.75,   354.06
  473.33,   475.61,   478.91
  472.85,   472.58,   604.13
  472.37,   603.68,   357.08
  471.67,   600.74,   481.84
  471.05,   597.81,   607.03
  225.66,   349.51,   475.40
  224.35,   347.94,   600.14
  222.88,   346.31,   724.95
  224.49,   474.19,   477.09
  222.96,   472.75,   601.97
  221.22,   471.24,   726.73
  223.23,   599.27,   478.52
  221.66,   597.87,   603.74
  219.97,   596.40,   728.75
  350.23,   350.62,   477.01
  348.79,   348.98,   602.03
  347.44,   347.37,   726.95
  348.82,   475.42,   478.30
  347.37,   473.85,   603.33
  346.01,   472.31,   728.37
  347.83,   600.56,   479.70
  346.27,   599.07,   604.98
  344.72,   597.48,   730.32
  475.01,   351.81,   478.49
  473.48,   350.09,   603.71
  472.22,   348.46,   728.78
  473.59,   476.68,   479.53
  472.19,   475.01,   604.76
  471.12,   473.48,   730.12
  472.75,   601.85,   481.10
  471.19,   600.28,   606.31
  469.80,   598.71,   731.75
  224.77,   348.17,   597.68
  221.82,   347.02,   722.46
  218.83,   345.97,   847.72
  224.43,   472.99,   599.04
  221.21,   471.96,   723.78
  218.31,   471.03,   848.89
  224.19,   598.12,   600.34
  221.02,   597.13,   725.33
  218.26,   596.33,   850.37
  349.19,   348.15,   601.04
  346.36,   347.02,   725.93
  343.66,   346.04,   850.87
  348.82,   473.03,   601.86
  345.98,   471.96,   726.88
  343.39,   471.02,   852.09
  348.77,   598.26,   603.04
  345.74,   597.15,   728.36
  343.03,   596.11,   853.50
  473.87,   348.20,   604.20
  471.12,   347.05,   729.23
  468.52,   346.10,   853.95
  473.62,   473.13,   604.77
  471.07,   472.07,   730.11
  468.59,   471.16,   855.36
  473.68,   598.40,   605.85
  470.81,   597.31,   731.27
  468.08,   596.27,   856.55
  224.48,   475.24,   100.00
  221.15,   472.89,   224.92
  218.06,   470.94,   350.06
  221.44,   600.25,   102.07
  218.23,   598.20,   226.98
  215.12,   596.07,   351.80
  218.48,   725.11,   104.44
  215.35,   723.73,   229.32
  212.24,   721.54,   353.42
  349.61,   478.10,   103.38
  346.18,   476.09,   228.43
  342.66,   474.01,   353.28
  346.50,   603.02,   105.46
  343.19,   601.07,   230.54
  339.87,   599.04,   355.06
  343.33,   727.98,   107.60
  340.29,   726.12,   232.62
  337.28,   724.29,   356.91
  474.72,   481.03,   107.15
  471.29,   479.21,   231.95
  467.51,   477.08,   356.49
  471.60,   605.98,   109.00
  468.29,   604.00,   233.98
  464.85,   602.02,   358.44
  468.35,   730.80,   110.68
  465.34,   728.63,   235.76
  462.44,   727.00,   360.55
  224.93,   472.68,   222.99
  227.81,   471.40,   348.14
  230.67,   470.29,   473.17
  225.25,   598.02,   224.46
  228.11,   596.58,   349.27
  230.98,   595.38,   474.30
  225.60,   723.56,   226.20
  228.50,   722.08,   350.30
  231.42,   720.80,   475.18
  350.02,   472.72,   220.45
  352.48,   471.33,   345.33
  355.00,   470.01,   470.25
  350.26,   597.72,   221.97
  352.92,   596.39,   346.52
  355.56,   595.15,   471.33
  350.58,   722.76,   223.44
  353.59,   721.63,   347.80
  356.43,   720.53,   472.64
  475.21,   472.67,   217.95
  477.45,   471.25,   342.52
  479.79,   469.77,   467.34
  475.44,   597.51,   219.38
  477.99,   596.20,   343.88
  480.49,   594.91,   468.59
  475.66,   722.15,   220.51
  478.77,   721.15,   345.36
  481.55,   720.22,   470.33
  224.03,   475.69,   350.62
  225.26,   477.48,   475.68
  226.20,   479.25,   600.57
  220.47,   600.84,   348.89
  221.72,   602.52,   473.94
  222.64,   604.34,   599.17
  216.98,   726.30,   347.08
  218.25,   727.90,   471.96
  219.21,   729.61,   597.59
  348.66,   479.43,   349.40
  349.56,   481.01,   474.33
  350.57,   482.65,   599.37
  345.27,   604.45,   347.73
  346.30,   606.12,   472.58
  347.23,   607.85,   597.86
  342.06,   729.66,   346.15
  343.28,   731.46,   470.99
  344.15,   733.17,   596.57
  473.58,   483.16,   348.18
  474.30,   484.58,   473.01
  475.37,   486.12,   598.22
  470.31,   608.07,   346.70
  471.21,   609.71,   471.46
  472.12,   611.37,   596.65
  467.23,   732.98,   345.32
  468.40,   734.97,   470.35
  469.05,   736.71,   595.54
  224.17,   474.72,   473.88
  222.94,   473.90,   598.78
  221.50,   473.00,   723.55
  222.20,   599.80,   474.70
  220.94,   599.01,   599.93
  219.55,   598.16,   724.95
  220.33,   725.21,   475.27
  219.09,   724.32,   600.91
  217.94,   723.27,   726.36
  348.50,   476.67,   474.79
  347.34,   475.72,   599.83
  346.28,   474.78,   724.88
  346.81,   601.82,   475.58
  345.54,   600.94,   600.86
  344.28,   599.97,   726.22
  345.37,   727.20,   476.55
  344.03,   726.31,   602.14
  342.45,   725.19,   727.88
  473.27,   478.66,   475.72
  472.15,   477.60,   600.95
  471.37,   476.67,   726.33
  471.73,   603.83,   476.69
  470.46,   602.87,   601.90
  469.34,   601.91,   727.34
  470.50,   729.14,   478.13
  468.94,   728.26,   603.32
  467.14,   727.15,   728.53
  223.44,   476.06,   601.38
  220.51,   472.78,   726.09
  217.90,   469.59,   851.17
  223.15,   601.16,   604.95
  220.27,   597.91,   729.90
  217.80,   594.85,   854.89
  223.02,   726.44,   608.37
  220.38,   722.99,   733.75
  218.07,   720.07,   858.63
  347.84,   476.11,   603.92
  345.29,   472.79,   728.91
  342.99,   469.58,   854.08
  347.74,   601.31,   607.38
  345.00,   597.93,   732.67
  342.59,   594.64,   857.74
  347.92,   726.64,   611.11
  344.84,   723.12,   736.74
  342.11,   719.72,   861.33
  472.66,   476.22,   606.55
  470.39,   472.90,   731.86
  468.19,   469.74,   857.07
  472.66,   601.46,   609.91
  470.07,   598.11,   735.29
  467.64,   594.81,   860.52
  472.80,   726.82,   613.72
  469.52,   723.31,   738.85
  466.73,   719.91,   863.66
  222.88,   601.18,    98.63
  224.86,   603.69,   223.59
  226.92,   606.11,   348.37
  221.53,   725.99,    96.51
  223.60,   729.20,   221.54
  225.68,   731.60,   345.61
  220.70,   851.10,    94.14
  222.47,   854.18,   219.32
  224.38,   856.88,   343.29
  348.00,   602.34,    96.70
  349.88,   604.92,   221.89
  351.76,   607.45,   346.42
  346.45,   727.34,    94.34
  348.58,   729.94,   219.54
  350.80,   732.67,   343.89
  345.19,   852.27,    91.84
  347.31,   854.86,   216.95
  349.54,   857.77,   341.49
  473.15,   603.68,    94.97
  475.06,   606.24,   220.07
  476.85,   608.80,   344.58
  471.56,   728.66,    92.19
  473.65,   730.85,   217.37
  476.00,   733.71,   342.23
  470.03,   853.58,    89.47
  472.33,   855.76,   214.58
  474.85,   858.66,   339.80
  225.51,   598.76,   225.23
  225.08,   598.69,   350.07
  224.68,   598.85,   475.14
  227.57,   724.28,   225.63
  227.18,   724.18,   349.76
  226.80,   724.27,   474.67
  229.75,   849.32,   225.87
  229.21,   849.53,   349.86
  228.58,   849.66,   474.52
  350.53,   596.72,   226.03
  349.90,   596.75,   350.61
  349.26,   596.88,   475.48
  352.57,   721.74,   226.14
  352.28,   721.99,   350.54
  351.83,   722.26,   475.42
  354.64,   846.69,   226.02
  354.41,   847.14,   350.62
  353.93,   847.48,   475.62
  475.71,   594.78,   226.72
  474.96,   594.83,   351.24
  474.17,   594.90,   476.01
  477.67,   719.41,   226.52
  477.47,   719.79,   351.39
  476.94,   720.21,   476.41
  479.70,   844.28,   226.23
  479.75,   844.75,   351.49
  479.27,   845.24,   476.76
  226.87,   600.47,   350.50
  229.21,   599.72,   475.54
  231.24,   599.10,   600.76
  226.89,   725.98,   351.08
  229.28,   725.16,   475.97
  231.35,   724.44,   601.63
  226.84,   851.34,   352.08
  228.97,   850.55,   476.73
  231.04,   849.43,   602.26
  351.70,   600.62,   348.28
  353.82,   599.85,   473.11
  355.85,   599.13,   598.36
  352.00,   725.87,   349.11
  354.31,   725.24,   473.97
  356.26,   724.51,   599.51
  352.03,   851.04,   350.09
  354.31,   850.46,   475.07
  356.36,   849.53,   600.54
  476.78,   600.79,   346.18
  478.76,   599.97,   470.91
  480.80,   599.17,   596.09
  477.19,   725.75,   347.21
  479.45,   725.28,   472.22
  481.21,   724.58,   597.36
  477.35,   850.73,   348.18
  479.66,   850.30,   473.44
  481.41,   849.52,   598.52
  225.89,   598.50,   476.80
  227.04,   599.32,   602.03
  228.06,   600.06,   727.08
  224.98,   723.93,   475.80
  226.17,   724.65,   601.45
  227.40,   725.19,   726.96
  223.71,   849.33,   475.12
  224.88,   849.64,   600.63
  226.54,   849.77,   726.30
  350.50,   599.57,   475.24
  351.66,   600.29,   600.51
  352.82,   600.91,   725.89
  350.02,   724.96,   474.65
  351.10,   725.67,   600.22
  351.92,   726.16,   725.95
  349.05,   850.19,   474.30
  350.22,   850.68,   599.79
  351.08,   850.93,   725.52
  475.44,   600.63,   473.90
  476.60,   601.28,   599.11
  477.91,   601.93,   724.55
  475.17,   725.95,   473.78
  476.04,   726.68,   598.95
  476.67,   727.19,   724.12
  474.41,   850.96,   473.56
  475.29,   851.60,   598.68
  475.78,   852.05,   723.58
  225.75,   599.17,   601.47
  222.94,   602.49,   726.46
  220.56,   605.99,   851.48
  227.72,   724.46,   598.34
  225.12,   727.56,   723.79
  222.90,   731.10,   848.74
  229.29,   849.43,   594.98
  227.06,   852.09,   720.58
  224.94,   855.44,   845.50
  350.33,   597.37,   603.86
  347.66,   600.57,   729.18
  345.29,   603.83,   854.29
  352.61,   722.70,   601.02
  349.60,   725.76,   726.70
  346.86,   728.87,   851.44
  354.60,   847.68,   598.06
  351.60,   850.49,   723.72
  348.76,   853.47,   848.36
  475.23,   595.57,   606.35
  472.72,   598.79,   731.75
  470.33,   602.05,   857.00
  477.49,   720.93,   603.63
  474.30,   724.01,   728.77
  471.46,   727.15,   853.63
  479.62,   845.85,   600.84
  476.24,   848.84,   725.68
  472.94,   852.01,   850.27
  349.63,   101.61,   100.49
  351.66,    99.82,   225.48
  353.59,    97.95,   350.29
  349.87,   226.55,   102.10
  352.03,   224.88,   227.06
  353.99,   223.16,   352.15
  350.21,   351.51,   103.78
  352.16,   349.75,   228.76
  353.94,   347.93,   353.85
  474.73,   101.45,    98.29
  476.69,    99.47,   223.43
  478.49,    97.60,   348.33
  474.90,   226.28,    99.81
  477.11,   224.45,   224.85
  479.03,   222.77,   350.22
  475.30,   351.30,   101.95
  477.30,   349.65,   226.77
  478.92,   347.81,   351.83
  599.89,   101.19,    96.15
  601.72,    99.31,   221.37
  603.69,    97.53,   346.40
  599.94,   226.02,    98.01
  602.03,   224.12,   223.15
  603.95,   222.56,   348.35
  600.20,   351.14,   100.25
  602.31,   349.40,   225.00
  604.06,   347.58,   349.83
  352.00,    99.69,   225.75
  350.88,   102.28,   350.56
  349.83,   104.94,   475.52
  348.60,   224.69,   222.89
  347.48,   227.41,   347.94
  346.29,   230.03,   473.05
  344.97,   349.48,   220.12
  343.68,   352.09,   345.19
  342.41,   354.67,   470.27
  477.00,   103.09,   226.69
  475.76,   105.68,   351.62
  474.58,   108.47,   476.77
  473.64,   228.03,   223.66
  472.47,   230.78,   349.02
  471.12,   233.47,   474.42
  470.07,   353.15,   221.14
  468.60,   355.74,   346.17
  467.12,   358.22,   471.34
  601.97,   106.66,   227.66
  600.88,   109.34,   352.72
  599.85,   112.21,   477.72
  598.53,   231.46,   224.97
  597.36,   234.32,   350.15
  596.11,   237.08,   475.19
  595.05,   356.68,   222.37
  593.69,   359.28,   347.17
  592.29,   361.78,   472.14
  348.78,    98.19,   351.26
  346.61,    99.56,   476.20
  344.47,   101.02,   601.36
  346.61,   223.39,   349.92
  344.30,   224.74,   475.02
  342.01,   226.00,   600.13
  344.01,   348.12,   348.44
  341.62,   349.43,   473.53
  339.35,   350.70,   598.51
  473.66,   100.39,   353.50
  471.35,   101.90,   478.63
  469.06,   103.37,   603.76
  471.61,   225.56,   352.19
  469.14,   226.97,   477.60
  466.62,   228.25,   602.86
  468.94,   350.56,   350.61
  466.34,   351.77,   475.81
  463.97,   352.97,   601.00
  598.82,   102.88,   355.77
  596.66,   104.47,   480.78
  594.22,   105.81,   605.66
  596.52,   227.90,   354.50
  594.15,   229.39,   479.55
  591.71,   230.61,   604.48
  594.04,   352.90,   352.78
  591.52,   354.13,   477.78
  589.19,   355.32,   602.98
  350.23,    99.89,   476.14
  353.03,   103.28,   601.28
  355.77,   106.67,   726.38
  347.48,   225.02,   473.13
  350.12,   228.21,   598.23
  352.78,   231.39,   723.22
  344.34,   349.66,   469.79
  347.00,   352.87,   594.75
  349.75,   356.10,   719.62
  474.97,   102.58,   473.55
  477.63,   105.99,   598.66
  480.25,   109.33,   723.53
  472.31,   227.61,   470.67
  474.74,   230.82,   595.90
  477.20,   233.96,   720.71
  469.07,   352.37,   467.05
  471.63,   355.50,   592.19
  474.50,   358.70,   717.23
  600.27,   105.50,   470.70
  602.82,   108.79,   595.52
  605.25,   111.98,   720.13
  597.30,   230.38,   467.63
  599.85,   233.56,   592.47
  602.31,   236.56,   717.09
  594.24,   355.10,   464.01
  596.87,   358.22,   589.13
  599.74,   361.41,   714.32
  350.61,    99.37,   601.98
  347.29,    96.66,   727.04
  343.73,    93.85,   851.73
  348.35,   224.34,   604.95
  344.96,   221.43,   729.91
  341.51,   218.65,   854.48
  345.88,   349.01,   607.47
  342.58,   346.17,   732.32
  339.39,   343.46,   857.23
  475.19,   101.44,   605.57
  471.80,    98.72,   730.41
  468.34,    96.09,   855.04
  472.94,   226.28,   608.85
  469.32,   223.34,   733.61
  465.82,   220.56,   857.66
  470.51,   350.98,   611.17
  467.30,   348.11,   736.16
  464.22,   345.45,   860.83
  600.35,   103.58,   608.66
  596.74,   100.72,   733.36
  593.30,    97.73,   858.49
  598.04,   228.35,   611.60
  594.33,   225.26,   736.21
  590.76,   222.47,   860.68
  595.74,   353.04,   614.34
  592.49,   350.13,   739.47
  589.23,   347.50,   864.19
  351.41,   224.10,   100.07
  353.14,   221.17,   225.02
  354.68,   218.18,   350.08
  353.80,   349.02,   102.99
  355.32,   346.00,   227.95
  356.67,   342.92,   353.03
  356.08,   473.99,   106.07
  357.47,   470.88,   231.12
  358.72,   467.68,   355.96
  476.42,   221.80,    98.16
  478.20,   218.69,   223.18
  479.70,   215.75,   348.53
  478.86,   346.77,   101.54
  480.44,   343.85,   226.34
  481.65,   340.76,   351.40
  481.22,   471.84,   104.91
  482.64,   468.91,   229.70
  483.69,   465.66,   354.26
  601.45,   219.51,    96.73
  603.10,   216.33,   221.86
  604.61,   213.51,   347.05
  603.75,   344.58,   100.20
  605.43,   341.56,   224.95
  606.77,   338.50,   349.79
  606.06,   469.68,   103.68
  607.75,   466.75,   228.12
  609.02,   463.44,   352.62
  350.79,   225.25,   223.32
  347.14,   227.22,   348.35
  343.42,   229.10,   473.41
  347.01,   350.05,   221.23
  343.18,   351.91,   346.28
  339.39,   353.74,   471.32
  343.20,   474.91,   219.35
  339.32,   476.64,   344.21
  335.55,   478.47,   469.11
  475.78,   228.78,   226.67
  472.07,   230.79,   351.99
  468.19,   232.72,   477.35
  472.05,   353.91,   224.81
  468.04,   355.74,   349.81
  464.03,   357.47,   474.95
  468.28,   478.93,   223.16
  464.16,   480.63,   347.69
  460.16,   482.30,   472.48
  600.62,   232.41,   230.53
  596.91,   234.52,   355.67
  593.13,   236.52,   480.68
  596.97,   357.63,   228.58
  593.07,   359.48,   353.34
  589.14,   361.22,   478.30
  593.33,   482.78,   226.77
  589.37,   484.42,   351.22
  585.44,   486.05,   476.04
  348.32,   226.87,   351.84
  348.71,   229.08,   476.97
  349.11,   231.21,   602.11
  347.87,   351.61,   349.53
  348.17,   353.78,   474.63
  348.59,   355.92,   599.64
  347.52,   476.41,   347.22
  347.81,   478.58,   472.15
  348.22,   480.80,   597.17
  473.37,   226.86,   351.42
  473.60,   229.14,   476.83
  473.78,   231.28,   602.10
  472.86,   351.87,   349.01
  472.96,   353.95,   474.20
  473.30,   356.01,   599.41
  472.49,   476.82,   346.65
  472.60,   478.82,   471.48
  473.05,   480.93,   596.68
  598.32,   227.00,   351.05
  598.66,   229.37,   476.09
  598.95,   231.47,   600.98
  598.01,   352.02,   348.50
  598.21,   354.13,   473.49
  598.60,   356.19,   598.67
  597.83,   477.02,   346.13
  598.04,   478.99,   470.99
  598.51,   481.14,   596.30
  350.15,   226.55,   475.08
  350.99,   225.05,   600.23
  351.85,   223.55,   725.28
  351.10,   351.25,   476.36
  351.95,   349.76,   601.40
  352.92,   348.31,   726.34
  352.22,   476.05,   477.49
  353.07,   474.63,   602.53
  354.04,   473.24,   727.60
  475.04,   225.13,   474.48
  475.67,   223.65,   599.77
  476.30,   222.10,   724.62
  475.90,   349.94,   475.50
  476.67,   348.37,   600.73
  477.71,   346.89,   725.81
  477.01,   474.81,   476.39
  477.91,   473.29,   601.62
  479.16,   471.91,   727.01
  600.10,   223.89,   473.29
  600.84,   222.37,   598.18
  601.43,   220.68,   722.82
  601.14,   348.65,   474.33
  601.97,   347.08,   599.51
  602.99,   345.56,   724.69
  602.46,   473.50,   475.45
  603.37,   472.02,   600.79
  604.53,   470.75,   726.37
  350.48,   223.31,   599.58
  351.93,   226.14,   724.59
  353.35,   229.08,   849.19
  351.13,   348.00,   596.41
  352.68,   350.87,   721.30
  354.38,   353.91,   846.25
  351.93,   472.84,   593.20
  353.49,   475.79,   718.22
  355.28,   478.85,   843.45
  475.16,   222.17,   598.55
  476.39,   224.96,   723.38
  477.75,   227.88,   847.52
  475.84,   346.88,   595.17
  477.47,   349.73,   720.22
  479.29,   352.78,   844.99
  476.75,   471.77,   591.70
  478.58,   474.72,   717.04
  480.51,   477.82,   842.33
  600.32,   221.16,   596.40
  601.52,   223.81,   721.03
  602.81,   226.68,   845.57
  601.13,   345.86,   593.38
  602.75,   348.67,   718.55
  604.41,   351.72,   843.43
  602.20,   470.76,   590.29
  603.96,   473.82,   715.83
  605.75,   476.97,   841.04
  348.96,   348.74,    97.93
  345.68,   351.93,   222.86
  342.24,   355.05,   347.88
  348.37,   473.73,    94.75
  344.97,   476.82,   219.79
  341.47,   479.82,   344.63
  347.56,   598.67,    91.73
  344.27,   601.80,   216.90
  340.98,   604.87,   341.41
  474.02,   349.41,   101.31
  470.79,   352.72,   226.08
  467.16,   355.83,   351.07
  473.49,   474.46,    98.42
  470.12,   477.77,   223.25
  466.38,   480.75,   347.77
  472.69,   599.45,    95.21
  469.42,   602.57,   220.26
  466.02,   605.68,   344.72
  598.91,   350.14,   104.81
  595.78,   353.37,   229.51
  592.26,   356.50,   354.27
  598.35,   475.24,   102.08
  595.23,   478.55,   226.51
  591.65,   481.47,   350.96
  597.70,   600.22,    98.75
  594.60,   603.42,   223.48
  591.29,   606.42,   348.05
  351.72,   348.46,   223.76
  348.24,   351.59,   348.80
  344.80,   354.70,   473.83
  348.46,   473.31,   220.63
  344.93,   476.32,   345.47
  341.49,   479.43,   470.34
  345.21,   598.24,   217.67
  341.88,   601.32,   342.18
  338.57,   604.50,   466.94
  476.79,   351.79,   226.96
  473.13,   354.91,   351.95
  469.48,   357.91,   477.07
  473.57,   476.81,   224.05
  469.80,   479.79,   348.57
  466.16,   482.73,   473.34
  470.31,   601.57,   220.99
  466.88,   604.68,   345.45
  463.42,   607.84,   470.13
  601.73,   354.99,   230.35
  598.20,   358.12,   355.10
  594.63,   361.15,   480.03
  598.64,   480.13,   227.27
  595.05,   483.05,   351.72
  591.49,   485.97,   476.52
  595.45,   604.96,   224.17
  592.13,   607.97,   348.75
  588.71,   611.07,   473.52
  350.95,   348.05,   348.48
  348.28,   346.05,   473.58
  345.74,   344.02,   598.57
  354.18,   472.80,   350.41
  351.49,   470.78,   475.33
  348.94,   468.82,   600.34
  357.72,   597.81,   352.36
  355.13,   595.87,   477.19
  352.47,   593.98,   602.43
  475.88,   344.65,   350.90
  473.02,   342.57,   476.12
  470.36,   340.46,   601.33
  479.08,   469.55,   352.76
  476.21,   467.37,   477.62
  473.70,   465.31,   602.82
  482.74,   594.47,   354.88
  479.99,   592.47,   479.61
  477.35,   590.50,   604.80
  600.94,   341.16,   353.34
  598.17,   339.12,   478.34
  595.57,   337.00,   603.49
  604.35,   466.09,   355.16
  601.58,   463.90,   480.04
  599.07,   461.87,   605.37
  608.01,   591.04,   357.41
  605.34,   588.98,   482.24
  602.71,   587.11,   607.39
  348.44,   349.70,   476.01
  347.68,   349.19,   601.04
  347.02,   348.72,   725.98
  345.65,   474.48,   476.17
  344.88,   474.05,   601.21
  344.20,   473.64,   726.26
  343.26,   599.60,   476.43
  342.39,   599.26,   601.72
  341.52,   598.81,   727.08
  473.20,   352.30,   476.79
  472.35,   351.71,   602.02
  471.79,   351.21,   727.11
  470.39,   477.16,   476.70
  469.67,   476.62,   601.93
  469.28,   476.22,   727.30
  468.15,   602.30,   477.13
  467.29,   601.88,   602.35
  466.56,   601.44,   727.80
  598.41,   354.92,   477.26
  597.62,   354.32,   602.47
  597.04,   353.80,   727.70
  595.79,   479.77,   477.40
  595.08,   479.27,   602.75
  594.62,   478.98,   728.33
  593.52,   604.92,   478.04
  592.67,   604.58,   603.18
  591.89,   604.34,   728.48
  351.64,   349.26,   600.83
  351.27,   351.65,   725.74
  351.05,   354.19,   850.70
  349.00,   474.10,   598.12
  348.63,   476.56,   723.16
  348.50,   479.13,   848.40
  346.69,   599.29,   595.75
  346.12,   601.72,   721.11
  345.84,   604.19,   846.30
  476.33,   351.63,   601.44
  476.06,   353.99,   726.50
  475.97,   356.56,   851.29
  473.81,   476.52,   598.48
  473.72,   478.98,   723.84
  473.71,   481.59,   849.15
  471.61,   601.76,   596.04
  471.18,   604.19,   721.47
  470.88,   606.67,   846.78
  601.62,   354.09,   601.51
  601.34,   356.42,   726.73
  601.08,   359.01,   851.63
  599.25,   479.01,   598.95
  599.08,   481.59,   724.50
  598.94,   484.23,   849.69
  597.01,   604.29,   596.53
  596.52,   606.93,   721.78
  596.09,   609.43,   846.89
  349.48,   474.69,    99.65
  346.74,   477.39,   224.71
  343.91,   480.00,   349.56
  350.07,   599.63,    97.08
  347.44,   602.38,   222.24
  344.82,   605.06,   346.75
  350.57,   724.63,    94.53
  348.19,   727.40,   219.72
  345.91,   730.30,   344.05
  474.63,   474.03,   102.69
  471.91,   476.93,   227.51
  468.83,   479.50,   352.06
  475.22,   599.01,    99.92
  472.60,   601.74,   224.95
  469.87,   604.45,   349.43
  475.68,   723.95,    96.96
  473.28,   726.36,   222.10
  471.11,   729.39,   346.92
  599.50,   473.39,   105.68
  597.03,   476.29,   230.13
  594.13,   478.80,   354.61
  600.24,   598.37,   102.80
  597.80,   601.17,   227.53
  595.16,   603.77,   352.13
  600.78,   723.30,    99.54
  598.36,   725.79,   224.67
  596.17,   728.62,   349.78
  349.01,   475.81,   225.40
  345.04,   478.50,   350.22
  341.17,   481.29,   475.09
  346.70,   600.78,   222.76
  342.94,   603.53,   347.26
  339.19,   606.41,   472.03
  344.45,   725.79,   220.10
  341.02,   728.76,   344.38
  337.45,   731.76,   469.12
  474.12,   478.38,   229.27
  469.91,   481.03,   353.78
  465.84,   483.66,   478.56
  471.81,   603.17,   226.55
  467.95,   605.96,   350.99
  464.04,   608.80,   475.69
  469.49,   727.77,   223.54
  466.18,   730.89,   348.32
  462.53,   734.08,   473.27
  599.20,   480.77,   232.95
  595.17,   483.36,   357.40
  591.19,   485.96,   482.22
  596.97,   605.62,   230.19
  593.20,   608.31,   354.77
  589.34,   611.10,   479.55
  594.52,   730.21,   227.17
  591.22,   733.14,   352.27
  587.61,   736.29,   477.19
  349.50,   474.90,   347.93
  347.80,   471.55,   472.84
  346.22,   468.26,   597.83
  352.88,   599.89,   351.18
  351.27,   596.62,   476.00
  349.59,   593.40,   601.22
  356.50,   725.05,   354.54
  355.06,   721.93,   479.39
  353.27,   718.70,   604.91
  474.42,   471.81,   349.27
  472.52,   468.31,   474.10
  470.98,   464.90,   599.29
  477.91,   596.70,   352.69
  476.14,   593.37,   477.40
  474.47,   590.07,   602.57
  481.65,   721.60,   356.27
  480.13,   718.62,   481.23
  478.14,   715.41,   606.34
  599.69,   468.52,   350.66
  597.90,   464.99,   475.51
  596.36,   461.62,   600.81
  603.19,   593.44,   354.21
  601.50,   590.04,   479.01
  599.86,   586.83,   604.14
  606.69,   718.25,   357.95
  605.23,   715.22,   482.84
  603.34,   712.19,   607.58
  350.76,   473.82,   474.04
  348.08,   470.71,   599.02
  345.49,   467.63,   724.00
  347.71,   598.90,   476.92
  344.91,   595.86,   602.14
  342.13,   592.74,   727.41
  344.92,   724.22,   479.99
  342.04,   721.17,   605.53
  338.95,   717.91,   731.17
  475.48,   477.11,   476.57
  472.84,   473.89,   601.74
  470.52,   470.82,   727.05
  472.58,   602.20,   479.62
  469.78,   599.09,   604.78
  467.15,   595.98,   730.16
  470.00,   727.46,   483.16
  466.88,   724.42,   608.28
  463.58,   721.16,   733.46
  600.87,   480.32,   479.28
  598.22,   477.15,   604.57
  595.83,   474.19,   730.08
  597.92,   605.42,   482.53
  595.13,   602.41,   607.61
  592.44,   599.49,   732.86
  595.09,   730.61,   486.09
  592.03,   727.75,   610.80
  588.74,   724.67,   735.41
  349.80,   475.74,   600.61
  352.13,   478.98,   725.63
  354.72,   482.33,   850.85
  348.23,   600.93,   597.51
  350.35,   604.13,   722.84
  352.77,   607.38,   847.99
  346.95,   726.27,   594.64
  348.75,   729.34,   720.34
  350.76,   732.42,   845.16
  474.61,   477.36,   598.28
  477.22,   480.61,   723.61
  479.92,   484.01,   848.88
  473.14,   602.60,   595.09
  475.41,   605.82,   720.48
  477.80,   609.09,   845.75
  471.88,   727.96,   592.39
  473.47,   731.04,   717.52
  475.35,   734.17,   842.38
  600.04,   479.06,   596.03
  602.57,   482.43,   721.56
  605.13,   485.86,   846.72
  598.54,   604.33,   592.88
  600.75,   607.77,   718.09
  603.01,   611.07,   843.14
  597.08,   729.69,   589.91
  598.71,   733.00,   714.46
  600.55,   736.09,   839.04
  350.34,   600.96,   101.61
  351.15,   599.48,   226.77
  351.94,   597.94,   351.34
  349.91,   725.96,   103.32
  350.98,   724.52,   228.44
  352.12,   723.19,   352.83
  349.73,   850.90,   104.87
  350.85,   849.49,   229.89
  352.03,   848.36,   354.47
  475.52,   601.24,   100.97
  476.35,   599.75,   226.05
  477.03,   598.24,   350.57
  475.02,   726.16,   102.24
  476.10,   724.39,   227.41
  477.33,   723.20,   352.28
  474.62,   851.07,   103.53
  475.93,   849.29,   228.69
  477.38,   848.19,   353.94
  600.56,   601.49,   100.39
  601.58,   600.08,   225.18
  602.37,   598.45,   349.82
  600.15,   726.44,   101.35
  601.19,   724.72,   226.53
  602.43,   723.33,   351.69
  599.74,   851.37,   102.81
  600.89,   849.62,   228.06
  602.33,   848.29,   353.54
  348.55,   601.66,   227.19
  344.85,   601.48,   351.71
  341.15,   601.42,   476.54
  349.13,   726.71,   227.51
  345.76,   726.76,   351.83
  342.22,   726.82,   476.66
  349.73,   851.68,   227.60
  346.38,   851.93,   352.13
  342.79,   852.05,   477.04
  473.69,   601.16,   230.95
  469.87,   601.02,   355.42
  466.00,   600.91,   480.16
  474.20,   725.82,   230.97
  470.93,   726.02,   355.79
  467.29,   726.25,   480.76
  474.78,   850.73,   230.89
  471.70,   851.01,   356.09
  468.11,   851.27,   481.29
  598.87,   600.73,   234.58
  595.14,   600.48,   359.17
  591.32,   600.31,   483.99
  599.25,   725.38,   234.61
  595.98,   725.38,   359.71
  592.39,   725.58,   484.62
  599.71,   850.30,   234.79
  596.65,   850.35,   360.20
  593.05,   850.52,   485.13
  348.48,   597.92,   351.36
  347.78,   595.18,   476.20
  347.00,   592.50,   601.44
  345.26,   723.11,   354.10
  344.73,   720.50,   478.97
  343.86,   717.80,   604.53
  341.75,   848.24,   357.02
  341.21,   845.68,   481.96
  340.42,   842.77,   607.48
  473.52,   601.59,   352.14
  472.67,   598.81,   476.88
  471.90,   596.04,   602.06
  470.43,   726.51,   355.12
  469.82,   724.07,   480.11
  468.74,   721.37,   605.27
  467.06,   851.44,   358.04
  466.50,   849.03,   483.27
  465.43,   846.25,   608.39
  598.81,   605.18,   352.95
  598.04,   602.34,   477.77
  597.28,   599.67,   602.89
  595.49,   729.98,   356.10
  594.94,   727.52,   481.03
  593.93,   725.02,   605.79
  592.02,   854.88,   359.19
  591.45,   852.39,   484.16
  590.27,   849.80,   608.62
  348.65,   600.16,   475.88
  349.47,   599.95,   601.16
  350.29,   599.63,   726.53
  351.23,   725.54,   476.21
  351.96,   725.31,   601.78
  352.44,   724.87,   727.51
  353.33,   850.75,   476.79
  354.15,   850.30,   602.28
  354.64,   849.63,   727.99
  473.56,   598.16,   474.87
  474.39,   597.87,   600.09
  475.37,   597.58,   725.54
  476.35,   723.47,   475.66
  476.88,   723.27,   600.83
  477.19,   722.84,   726.01
  478.68,   848.48,   476.37
  479.20,   848.20,   601.48
  479.31,   847.71,   726.36
  598.94,   596.07,   474.07
  599.79,   595.86,   599.23
  600.74,   595.79,   724.55
  601.47,   721.30,   474.87
  602.11,   721.28,   599.66
  602.47,   721.08,   724.31
  603.62,   846.25,   475.58
  604.08,   846.15,   600.01
  604.20,   845.87,   724.26
  347.72,   599.17,   599.61
  349.05,   596.13,   724.92
  350.71,   593.15,   850.07
  347.38,   724.52,   602.99
  348.38,   721.34,   728.66
  349.68,   718.23,   853.40
  346.72,   849.49,   606.24
  347.76,   846.08,   731.95
  348.93,   842.92,   856.46
  472.65,   599.96,   598.05
  474.14,   596.94,   723.45
  475.80,   593.97,   848.75
  472.31,   725.34,   601.56
  473.13,   722.17,   726.71
  474.35,   719.08,   851.60
  471.79,   850.23,   604.96
  472.42,   847.02,   729.84
  473.16,   843.99,   854.39
  598.06,   600.82,   596.70
  599.51,   598.00,   721.96
  601.04,   595.06,   847.09
  597.54,   726.21,   599.91
  598.40,   723.26,   724.51
  599.55,   720.12,   849.22
  596.68,   851.03,   603.02
  597.31,   848.01,   727.25
  598.27,   844.92,   851.79
  473.73,   101.75,   101.19
  475.95,   105.00,   226.25
  478.06,   108.40,   351.17
  472.79,   226.54,    97.49
  475.25,   229.96,   222.47
  477.41,   233.53,   347.79
  472.07,   351.51,    94.41
  474.36,   355.12,   219.20
  476.22,   358.52,   344.18
  598.87,   102.49,    98.77
  600.95,   105.82,   223.95
  603.19,   109.31,   348.97
  597.82,   227.30,    95.41
  600.17,   230.63,   220.50
  602.34,   234.31,   345.65
  596.96,   352.37,    92.44
  599.36,   355.89,   217.15
  601.36,   359.30,   341.90
  723.78,   103.28,    96.52
  725.81,   106.91,   221.67
  728.29,   110.40,   346.88
  722.85,   228.12,    93.65
  724.89,   231.47,   218.70
  727.09,   235.25,   343.46
  721.75,   353.21,    90.39
  724.24,   356.55,   215.19
  726.48,   360.01,   339.71
  475.07,   101.20,   225.60
  473.54,   104.71,   350.49
  472.08,   108.43,   475.62
  474.19,   226.15,   221.65
  472.73,   229.84,   346.98
  471.09,   233.46,   472.35
  473.09,   351.30,   218.22
  471.33,   354.82,   343.22
  469.56,   358.23,   468.36
  600.09,   102.33,   226.90
  598.70,   105.93,   351.92
  597.39,   109.73,   476.90
  599.11,   227.13,   223.29
  597.67,   230.93,   348.45
  596.13,   234.63,   473.47
  598.10,   352.37,   219.78
  596.47,   355.91,   344.56
  594.78,   359.35,   469.50
  724.98,   103.72,   228.23
  723.88,   107.32,   353.42
  722.87,   111.04,   478.01
  723.83,   228.28,   225.11
  722.43,   232.18,   349.88
  721.19,   235.91,   474.27
  722.99,   353.34,   221.44
  721.60,   356.93,   345.96
  720.19,   360.47,   470.57
  474.88,   101.79,   349.89
  472.20,   100.32,   475.00
  469.57,    98.83,   600.09
  471.43,   226.92,   351.51
  468.61,   225.36,   476.91
  465.76,   223.68,   602.17
  467.36,   351.88,   352.87
  464.43,   350.12,   478.07
  461.72,   348.36,   603.27
  599.99,   105.59,   352.59
  597.49,   104.22,   477.59
  594.70,   102.61,   602.46
  596.29,   230.59,   354.24
  593.58,   229.11,   479.29
  590.80,   227.37,   604.21
  592.42,   355.55,   355.45
  589.55,   353.82,   480.46
  586.88,   352.04,   605.66
  725.08,   109.57,   355.37
  722.93,   108.10,   479.97
  720.16,   106.43,   604.47
  721.00,   234.43,   356.90
  718.58,   232.97,   481.31
  716.19,   231.17,   605.62
  717.51,   359.15,   358.07
  714.91,   357.52,   482.74
  712.41,   355.83,   607.79
  474.61,    98.27,   474.23
  471.41,    94.78,   599.25
  468.28,    91.29,   724.10
  472.35,   223.31,   478.18
  468.91,   219.63,   603.39
  465.49,   215.90,   728.16
  469.47,   348.06,   481.37
  466.18,   344.30,   606.52
  463.15,   340.62,   731.49
  599.94,   100.82,   477.42
  596.57,    97.21,   602.24
  593.21,    93.58,   726.94
  597.34,   225.69,   481.15
  593.99,   221.95,   605.99
  590.48,   218.08,   730.58
  594.62,   350.39,   484.35
  591.38,   346.61,   609.49
  588.32,   342.90,   734.57
  725.44,   103.32,   480.42
  722.06,    99.65,   604.95
  718.35,    95.82,   729.69
  722.36,   228.20,   483.75
  719.41,   224.39,   607.97
  716.13,   220.41,   732.59
  719.99,   352.73,   487.21
  716.93,   349.04,   612.17
  713.82,   345.35,   737.33
  473.37,    99.54,   601.82
  470.69,    97.54,   726.71
  467.95,    95.63,   851.39
  471.83,   224.43,   604.43
  468.91,   222.19,   729.24
  466.11,   220.11,   853.34
  470.08,   349.14,   606.07
  467.56,   346.97,   731.10
  465.19,   345.01,   855.80
  598.55,   101.03,   604.21
  595.66,    98.88,   728.93
  592.94,    96.62,   854.08
  596.94,   225.83,   606.46
  593.95,   223.45,   731.11
  591.08,   221.34,   855.60
  595.33,   350.54,   608.49
  592.78,   348.33,   733.65
  590.24,   346.39,   858.43
  724.06,   102.55,   606.33
  720.86,   100.20,   731.08
  717.85,    97.47,   856.81
  722.39,   227.34,   607.91
  719.64,   224.87,   732.60
  716.73,   222.77,   858.13
  720.91,   352.05,   610.65
  718.30,   349.87,   735.89
  715.48,   347.86,   860.98
  473.32,   223.82,   100.17
  475.79,   226.55,   225.19
  477.97,   229.43,   350.53
  474.84,   348.80,    97.74
  477.12,   351.72,   222.54
  479.00,   354.43,   347.56
  476.28,   473.86,    95.25
  478.43,   476.79,   220.12
  480.19,   479.36,   344.65
  598.35,   222.35,    98.12
  600.70,   225.00,   223.25
  602.89,   228.00,   348.42
  599.73,   347.44,    95.80
  602.12,   350.26,   220.54
  604.14,   352.99,   345.33
  601.10,   472.51,    93.47
  603.55,   475.47,   217.95
  605.52,   477.98,   342.42
  723.36,   220.95,    96.42
  725.40,   223.64,   221.49
  727.62,   226.74,   346.29
  724.52,   346.05,    93.81
  726.99,   348.70,   218.63
  729.23,   351.49,   343.17
  725.75,   471.12,    91.11
  728.46,   473.96,   215.74
  730.85,   476.46,   340.31
  473.62,   225.44,   224.10
  475.38,   227.60,   349.47
  476.95,   229.69,   474.87
  470.36,   350.59,   222.25
  471.82,   352.58,   347.30
  473.27,   354.46,   472.48
  467.07,   475.63,   220.61
  468.40,   477.48,   345.19
  469.86,   479.30,   470.01
  598.50,   228.50,   222.50
  600.27,   230.77,   347.69
  601.96,   232.95,   472.72
  595.34,   353.75,   220.58
  596.92,   355.75,   345.39
  598.47,   357.66,   470.36
  592.17,   478.93,   218.80
  593.68,   480.72,   343.28
  595.24,   482.49,   468.11
  723.19,   231.73,   221.08
  724.99,   234.10,   345.88
  726.96,   236.31,   470.29
  720.19,   356.81,   219.00
  722.01,   358.85,   343.56
  723.83,   360.86,   468.18
  717.08,   482.05,   216.91
  719.02,   483.82,   341.49
  720.83,   485.63,   466.39
  475.96,   224.83,   351.34
  473.30,   223.58,   476.75
  470.59,   222.18,   602.01
  478.38,   349.84,   352.54
  475.60,   348.37,   477.75
  473.04,   346.88,   602.96
  480.94,   474.76,   353.75
  478.15,   473.21,   478.61
  475.72,   471.77,   603.83
  600.85,   222.04,   353.85
  598.31,   220.86,   478.88
  595.69,   219.41,   603.77
  603.48,   347.02,   354.91
  600.79,   345.60,   479.90
  598.28,   344.11,   605.08
  606.24,   471.98,   356.11
  603.56,   470.41,   481.00
  601.12,   469.02,   606.34
  725.57,   219.43,   356.30
  723.35,   218.27,   480.69
  721.12,   216.76,   604.92
  728.54,   344.17,   357.31
  726.13,   342.85,   481.93
  723.83,   341.44,   606.88
  731.58,   469.08,   358.60
  729.12,   467.58,   483.52
  726.72,   466.35,   608.87
  473.09,   224.50,   474.86
  475.24,   225.96,   600.12
  477.41,   227.36,   724.95
  475.49,   349.29,   472.88
  477.77,   350.67,   598.07
  480.35,   352.13,   723.14
  478.13,   474.13,   470.77
  480.55,   475.56,   595.96
  483.32,   477.13,   721.33
  598.11,   221.69,   472.20
  600.37,   223.12,   597.06
  602.50,   224.37,   721.68
  600.68,   346.44,   470.23
  603.04,   347.81,   595.37
  605.60,   349.24,   720.55
  603.53,   471.26,   468.35
  605.97,   472.71,   593.65
  608.66,   474.40,   719.20
  723.11,   219.01,   469.28
  725.78,   220.39,   593.46
  728.19,   221.57,   718.05
  726.00,   343.59,   467.50
  728.58,   345.06,   592.41
  731.12,   346.52,   717.63
  729.09,   468.32,   466.06
  731.56,   469.92,   591.37
  734.07,   471.75,   716.91
  474.78,   223.12,   601.33
  476.32,   219.35,   726.12
  477.97,   215.72,   850.19
  473.70,   347.81,   604.55
  475.66,   344.10,   729.57
  477.75,   340.60,   854.23
  472.86,   472.68,   607.70
  475.02,   469.07,   733.02
  477.26,   465.62,   858.24
  599.94,   223.97,   598.87
  601.45,   220.05,   723.45
  603.04,   216.37,   847.95
  598.98,   348.64,   602.46
  600.92,   344.89,   727.58
  602.84,   341.39,   852.35
  598.29,   473.54,   606.00
  600.38,   470.04,   731.52
  602.46,   466.60,   856.59
  725.39,   224.93,   595.88
  727.18,   220.93,   720.44
  728.76,   217.22,   845.92
  724.57,   349.58,   600.12
  726.48,   345.87,   725.29
  728.14,   342.30,   850.40
  723.93,   474.47,   604.35
  725.81,   471.11,   729.84
  727.55,   467.48,   854.74
  474.40,   350.53,   101.29
  474.58,   351.36,   226.14
  474.37,   351.98,   351.22
  475.06,   475.64,   100.92
  475.10,   476.45,   225.80
  474.76,   476.94,   350.40
  475.44,   600.66,   100.23
  475.58,   601.29,   225.32
  475.58,   601.91,   349.85
  599.33,   349.99,   101.41
  599.61,   350.73,   226.19
  599.52,   351.38,   351.04
  599.94,   475.13,   101.18
  600.25,   475.96,   225.68
  600.10,   476.39,   350.21
  600.49,   600.16,   100.35
  600.80,   600.88,   225.15
  600.91,   601.38,   349.80
  724.14,   349.42,   101.48
  724.51,   350.00,   226.33
  724.66,   350.71,   350.91
  724.63,   474.56,   100.87
  725.22,   475.29,   225.54
  725.49,   475.69,   350.15
  725.42,   599.67,   100.02
  725.87,   600.51,   224.77
  726.17,   600.79,   349.66
  476.18,   349.62,   224.82
  472.56,   352.82,   349.82
  468.94,   355.90,   474.94
  478.21,   474.67,   221.98
  474.46,   477.73,   346.50
  470.84,   480.74,   471.26
  480.19,   599.46,   218.99
  476.78,   602.64,   343.45
  473.33,   605.87,   468.11
  601.14,   347.57,   228.32
  597.65,   350.80,   353.09
  594.12,   353.92,   478.03
  603.28,   472.76,   225.30
  599.73,   475.76,   349.75
  596.21,   478.74,   474.56
  605.35,   597.64,   222.26
  602.05,   600.70,   346.83
  598.66,   603.85,   471.60
  725.99,   345.43,   231.91
  722.72,   348.72,   356.40
  719.48,   351.95,   480.99
  728.20,   470.65,   228.61
  725.06,   473.64,   353.14
  721.79,   476.69,   478.00
  730.35,   595.85,   225.32
  727.25,   598.68,   350.14
  724.02,   601.73,   475.11
  473.37,   350.85,   350.77
  469.33,   351.67,   475.94
  465.52,   352.47,   601.11
  471.30,   475.79,   349.61
  467.26,   476.54,   474.42
  463.57,   477.39,   599.58
  469.66,   600.75,   348.70
  465.77,   601.69,   473.41
  461.94,   602.66,   598.57
  598.44,   352.73,   354.40
  594.49,   353.57,   479.36
  590.72,   354.36,   604.54
  596.56,   477.72,   353.22
  592.61,   478.43,   478.06
  588.92,   479.32,   603.35
  594.92,   602.70,   352.46
  591.09,   603.59,   477.26
  587.26,   604.64,   602.34
  723.53,   354.54,   358.05
  719.85,   355.48,   482.68
  716.27,   356.37,   607.71
  721.91,   479.50,   356.97
  718.19,   480.27,   481.87
  714.52,   481.33,   607.20
  720.13,   604.57,   356.15
  716.47,   605.37,   481.14
  712.70,   606.63,   606.17
  475.86,   350.99,   477.08
  472.63,   347.26,   602.24
  469.66,   343.61,   727.23
  473.09,   475.80,   480.09
  469.99,   472.11,   605.25
  467.21,   468.56,   730.52
  470.90,   600.90,   483.61
  467.64,   597.31,   608.76
  464.56,   593.72,   734.13
  601.04,   353.47,   479.99
  597.86,   349.74,   605.13
  594.86,   346.05,   730.24
  598.47,   478.27,   483.25
  595.37,   474.62,   608.53
  592.52,   471.18,   734.01
  596.24,   603.37,   486.98
  592.99,   599.88,   612.05
  589.85,   596.49,   737.29
  726.40,   355.96,   482.83
  723.41,   352.32,   607.78
  720.37,   348.68,   732.96
  724.05,   480.69,   486.58
  720.96,   477.22,   611.88
  717.91,   473.92,   737.34
  721.62,   605.74,   490.37
  718.43,   602.48,   615.39
  715.20,   599.39,   740.42
  475.11,   349.04,   599.43
  473.45,   345.73,   724.47
  471.95,   342.62,   849.18
  474.70,   473.92,   602.16
  473.23,   470.71,   727.49
  471.86,   467.65,   852.73
  474.59,   599.16,   605.40
  472.81,   595.92,   730.79
  471.20,   592.73,   856.06
  600.40,   349.34,   600.94
  598.72,   345.99,   726.09
  597.04,   342.89,   850.88
  600.14,   474.26,   604.06
  598.60,   471.15,   729.58
  597.09,   468.11,   854.69
  600.00,   599.55,   607.32
  598.17,   596.51,   732.58
  596.42,   593.30,   857.68
  726.00,   349.75,   602.20
  724.28,   346.44,   727.40
  722.33,   343.28,   852.51
  725.78,   474.66,   606.02
  724.05,   471.70,   731.52
  722.19,   468.47,   856.42
  725.48,   599.93,   609.29
  723.58,   597.21,   734.36
  721.75,   593.93,   859.17
  475.36,   473.44,    99.38
  472.94,   472.11,   224.24
  470.14,   470.44,   348.82
  476.05,   598.46,   100.87
  473.72,   596.95,   225.92
  471.23,   595.41,   350.41
  476.59,   723.38,   102.18
  474.50,   721.59,   227.33
  472.57,   720.38,   352.16
  600.22,   472.62,   102.08
  598.06,   471.29,   226.55
  595.44,   469.56,   351.06
  601.08,   597.64,   103.44
  598.93,   596.20,   228.19
  596.54,   594.55,   352.79
  601.70,   722.57,   104.44
  599.59,   720.85,   229.60
  597.66,   719.43,   354.70
  724.89,   471.73,   104.22
  723.02,   470.28,   228.85
  720.81,   468.54,   353.43
  725.99,   596.86,   105.53
  723.98,   595.49,   230.27
  721.81,   593.61,   355.11
  726.80,   721.76,   106.79
  724.59,   720.47,   231.94
  722.52,   718.68,   357.12
  474.41,   476.26,   225.29
  472.46,   478.86,   349.84
  470.64,   481.43,   474.66
  475.77,   601.07,   222.70
  474.16,   603.80,   347.20
  472.51,   606.58,   471.93
  477.10,   725.68,   219.82
  476.05,   728.72,   344.68
  474.68,   731.85,   469.68
  599.54,   474.93,   226.80
  597.77,   477.47,   351.29
  596.06,   480.01,   476.15
  600.98,   599.81,   224.17
  599.47,   602.43,   348.78
  597.87,   605.14,   473.61
  602.18,   724.43,   221.28
  601.12,   727.27,   346.42
  599.79,   730.33,   471.38
  724.51,   473.41,   228.29
  723.16,   475.93,   352.87
  721.67,   478.53,   477.78
  726.03,   598.60,   225.43
  724.72,   601.00,   350.29
  723.28,   603.59,   475.30
  727.20,   723.56,   222.83
  725.96,   726.05,   348.04
  724.65,   728.81,   472.84
  474.87,   474.49,   347.85
  473.90,   472.37,   472.71
  473.28,   470.36,   597.93
  476.36,   599.44,   349.87
  475.54,   597.51,   474.61
  474.79,   595.61,   599.81
  478.09,   724.39,   352.02
  477.52,   722.82,   477.02
  476.46,   721.00,   602.18
  600.20,   473.24,   348.39
  599.34,   471.09,   473.27
  598.72,   469.11,   598.60
  601.69,   598.21,   350.54
  600.94,   596.22,   475.38
  600.21,   594.40,   600.52
  603.17,   723.08,   352.85
  602.66,   721.45,   477.80
  601.70,   719.82,   602.57
  725.58,   471.84,   349.07
  724.95,   469.76,   473.97
  724.38,   467.93,   599.31
  726.96,   596.91,   351.14
  726.38,   594.81,   476.17
  725.71,   593.19,   601.30
  728.03,   721.99,   353.56
  727.58,   720.07,   478.35
  726.92,   718.63,   602.70
  472.92,   473.29,   473.82
  475.30,   470.86,   599.02
  478.03,   468.57,   724.36
  470.55,   598.40,   476.19
  472.80,   596.08,   601.36
  475.22,   593.77,   726.77
  468.52,   723.68,   479.04
  470.46,   721.44,   604.19
  472.21,   718.99,   729.35
  598.32,   476.07,   471.45
  600.71,   473.68,   596.75
  603.36,   471.50,   722.29
  595.91,   601.18,   474.03
  598.18,   598.94,   599.14
  600.54,   596.84,   724.41
  593.64,   726.37,   476.93
  595.66,   724.32,   601.67
  597.44,   722.08,   726.28
  723.90,   478.79,   469.25
  726.32,   476.55,   594.55
  728.78,   474.52,   720.07
  721.30,   603.83,   471.91
  723.63,   601.79,   596.97
  725.91,   600.01,   722.04
  718.49,   729.05,   474.58
  720.83,   727.19,   598.86
  722.86,   725.39,   723.14
  473.62,   474.23,   601.45
  477.21,   472.81,   726.79
  480.89,   471.54,   852.06
  474.85,   599.50,   602.88
  478.12,   598.06,   728.28
  481.55,   596.66,   853.55
  476.24,   724.90,   604.78
  478.83,   723.31,   729.89
  481.82,   721.80,   854.74
  599.02,   473.31,   598.27
  602.54,   471.99,   723.81
  606.08,   470.75,   848.95
  600.24,   598.62,   599.72
  603.46,   597.39,   724.99
  606.75,   596.01,   850.08
  601.45,   724.04,   601.31
  604.10,   722.68,   725.88
  607.01,   721.09,   850.56
  724.63,   472.44,   595.14
  727.96,   471.27,   720.66
  731.15,   469.88,   845.65
  725.69,   597.71,   596.64
  728.84,   596.80,   721.72
  732.06,   595.44,   846.57
  726.62,   723.16,   597.59
  729.53,   722.25,   721.86
  732.45,   720.68,   846.70
  476.07,   598.60,    99.49
  478.46,   595.37,   224.52
  480.66,   592.09,   348.98
  474.74,   723.48,   102.55
  477.36,   719.97,   227.66
  480.12,   717.01,   352.46
  473.49,   848.34,   105.60
  476.36,   844.81,   230.71
  479.36,   841.96,   355.91
  601.09,   599.73,    97.40
  603.65,   596.59,   222.14
  605.99,   593.20,   346.71
  599.85,   724.66,   100.13
  602.42,   721.20,   225.26
  605.19,   718.04,   350.34
  598.59,   849.54,   103.35
  601.28,   846.03,   228.55
  604.27,   842.95,   353.98
  725.98,   600.86,    94.86
  728.68,   597.86,   219.55
  731.23,   594.24,   344.36
  724.95,   725.71,    97.84
  727.41,   722.80,   222.94
  730.03,   719.29,   348.10
  724.02,   850.13,   101.25
  726.05,   847.53,   226.76
  728.76,   844.32,   351.94
  474.95,   600.50,   225.63
  477.31,   602.48,   350.12
  479.62,   604.49,   474.86
  472.77,   725.12,   223.54
  475.69,   727.41,   348.38
  478.27,   729.78,   473.39
  470.68,   850.00,   221.35
  473.78,   852.36,   346.56
  476.40,   854.74,   471.80
  600.13,   602.69,   223.08
  602.61,   604.56,   347.69
  605.00,   606.51,   472.52
  597.82,   727.30,   220.95
  600.73,   729.39,   346.10
  603.36,   731.70,   471.07
  595.59,   852.18,   218.99
  598.71,   854.33,   344.46
  601.33,   856.59,   469.47
  725.16,   604.95,   220.31
  727.81,   606.59,   345.18
  730.36,   608.40,   470.19
  722.79,   729.87,   218.49
  725.52,   731.64,   343.72
  728.18,   733.64,   468.52
  720.37,   854.60,   217.05
  723.23,   856.68,   342.28
  725.70,   858.60,   466.90
  474.82,   599.11,   350.32
  473.59,   597.52,   475.07
  472.42,   595.97,   600.27
  476.92,   724.07,   352.14
  475.94,   722.83,   477.14
  474.47,   721.36,   602.31
  478.76,   849.03,   353.90
  477.83,   847.85,   479.15
  476.35,   846.30,   604.25
  600.14,   597.51,   351.41
  598.97,   595.86,   476.25
  597.83,   594.39,   601.39
  602.00,   722.38,   353.38
  601.07,   721.09,   478.33
  599.70,   719.80,   603.11
  603.71,   847.32,   355.35
  602.78,   846.04,   480.32
  601.24,   844.68,   604.74
  725.41,   595.83,   352.42
  724.41,   594.08,   477.46
  723.33,   592.80,   602.59
  726.86,   720.90,   354.50
  725.99,   719.33,   479.30
  724.91,   718.25,   603.66
  728.22,   845.97,   356.66
  727.22,   844.37,   481.16
  726.17,   843.15,   604.72
  473.12,   600.51,   476.07
  473.83,   599.53,   601.28
  474.71,   598.56,   726.73
  475.42,   725.83,   477.55
  475.83,   724.93,   602.72
  476.02,   723.81,   727.89
  477.24,   850.83,   478.94
  477.65,   849.85,   604.05
  477.66,   848.68,   728.93
  598.51,   598.91,   475.37
  599.25,   598.02,   600.52
  600.08,   597.26,   725.83
  600.55,   724.15,   476.86
  601.06,   723.44,   601.64
  601.31,   722.55,   726.27
  602.20,   849.09,   478.24
  602.54,   848.30,   602.67
  602.55,   847.33,   726.93
  723.94,   597.20,   474.70
  724.74,   596.50,   599.83
  725.49,   596.06,   724.96
  725.45,   722.46,   475.96
  726.27,   721.94,   600.30
  726.77,   721.50,   724.64
  726.63,   847.49,   477.25
  727.46,   846.82,   600.81
  727.99,   846.18,   724.71
  474.26,   600.80,   598.42
  474.30,   597.41,   723.82
  474.51,   594.07,   849.12
  477.59,   726.13,   602.29
  476.96,   722.60,   727.41
  476.73,   719.14,   852.31
  480.73,   850.98,   606.03
  479.90,   847.41,   730.86
  479.21,   844.02,   855.42
  599.65,   597.94,   598.42
  599.65,   594.76,   723.70
  599.74,   591.44,   848.83
  602.80,   723.30,   601.96
  602.23,   719.99,   726.56
  601.94,   716.47,   851.30
  605.59,   848.10,   605.38
  604.78,   844.72,   729.60
  604.33,   841.24,   854.17
  725.11,   595.07,   598.49
  725.05,   592.20,   723.61
  725.06,   588.87,   848.48
  727.98,   720.46,   601.38
  727.67,   717.60,   725.72
  727.40,   714.05,   850.59
  730.51,   845.29,   604.25
  730.22,   842.26,   728.14
  729.55,   838.51,   853.73
  602.24,    98.85,    98.29
  601.49,    98.04,   223.54
  600.91,    97.32,   348.58
  602.38,   223.68,    99.08
  601.91,   222.85,   224.25
  601.29,   222.36,   349.47
  602.74,   348.81,   100.25
  602.30,   348.14,   225.03
  601.49,   347.40,   349.89
  727.18,    98.53,    98.80
  726.42,    97.99,   224.01
  726.18,    97.25,   349.29
  727.41,   223.34,   100.16
  726.63,   222.58,   225.27
  726.05,   222.20,   350.11
  727.56,   348.49,   101.05
  727.20,   347.67,   225.90
  726.61,   346.98,   350.48
  852.08,    98.20,    99.30
  851.35,    97.86,   224.60
  851.20,    96.97,   350.02
  852.30,   223.10,   100.62
  851.24,   222.54,   225.80
  850.83,   221.89,   350.50
  852.54,   348.17,   101.51
  852.02,   347.46,   226.49
  851.37,   346.66,   351.04
  599.01,   101.50,   225.12
  598.56,   102.70,   350.18
  598.20,   104.12,   475.21
  597.73,   226.33,   223.90
  597.23,   227.74,   349.13
  596.64,   229.06,   474.19
  596.42,   351.62,   222.78
  595.72,   352.77,   347.63
  594.99,   353.83,   472.64
  723.91,   103.15,   225.51
  723.75,   104.36,   350.76
  723.73,   105.68,   475.43
  722.46,   227.75,   224.79
  721.99,   229.27,   349.63
  721.71,   230.62,   474.07
  721.31,   352.86,   223.51
  720.85,   354.06,   348.09
  720.39,   355.22,   472.75
  848.79,   104.75,   225.99
  848.77,   105.79,   351.34
  848.68,   106.87,   476.03
  847.07,   229.41,   225.21
  846.75,   230.69,   349.88
  846.63,   231.92,   474.38
  846.14,   354.33,   224.00
  845.65,   355.44,   348.53
  845.28,   356.56,   473.15
  599.89,   101.50,   350.26
  602.69,   104.81,   475.23
  605.18,   107.87,   600.04
  602.86,   226.48,   347.27
  605.42,   229.69,   472.24
  607.95,   232.63,   597.04
  605.68,   351.44,   343.84
  608.11,   354.40,   468.73
  610.72,   357.29,   593.85
  725.07,    98.78,   347.77
  728.19,   101.99,   472.42
  730.69,   105.02,   596.86
  727.55,   223.64,   344.74
  730.42,   226.89,   469.10
  733.35,   229.79,   593.27
  730.72,   348.36,   341.28
  733.43,   351.42,   465.83
  736.26,   354.42,   590.74
  850.05,    95.85,   345.30
  853.08,    98.79,   470.07
  855.63,   101.79,   594.37
  852.26,   220.69,   341.96
  855.28,   223.78,   466.45
  858.31,   226.85,   590.88
  855.40,   345.40,   338.66
  858.14,   348.38,   463.22
  861.12,   351.50,   588.18
  598.40,    99.39,   476.07
  599.06,    99.40,   600.97
  599.67,    99.36,   725.72
  595.20,   224.30,   476.27
  595.86,   224.19,   601.18
  596.38,   223.93,   725.84
  591.86,   349.05,   475.92
  592.62,   348.89,   601.12
  593.59,   348.79,   726.31
  723.93,   102.59,   475.02
  724.58,   102.56,   599.58
  724.89,   102.33,   724.30
  720.22,   227.52,   474.85
  721.28,   227.35,   599.13
  722.08,   227.00,   723.80
  717.24,   352.09,   474.72
  718.19,   352.03,   599.74
  719.13,   351.97,   725.02
  848.83,   105.44,   474.35
  849.58,   105.40,   598.71
  849.80,   105.32,   723.39
  845.11,   230.47,   473.87
  846.34,   230.47,   598.29
  847.46,   230.41,   723.19
  842.12,   355.08,   473.82
  843.27,   355.16,   598.84
  844.35,   355.31,   724.22
  598.23,   100.54,   599.39
  596.38,    97.08,   724.10
  594.72,    93.52,   849.26
  597.67,   225.31,   602.97
  595.71,   221.62,   727.59
  593.86,   218.18,   852.08
  597.09,   350.00,   606.33
  595.57,   346.48,   731.47
  594.05,   343.21,   856.23
  723.79,   101.02,   600.49
  721.61,    97.37,   725.24
  719.61,    93.34,   850.93
  723.14,   225.79,   603.39
  721.43,   222.01,   728.02
  719.54,   218.56,   853.53
  722.70,   350.46,   607.44
  721.13,   346.97,   732.63
  719.33,   343.64,   857.72
  848.81,   101.17,   602.12
  846.47,    97.64,   726.82
  844.34,    93.89,   852.25
  848.23,   226.24,   605.05
  846.85,   222.73,   729.88
  844.93,   219.27,   855.58
  847.78,   350.94,   609.05
  846.39,   347.65,   734.34
  844.54,   344.21,   859.52
  599.63,   224.26,   100.21
  597.37,   220.96,   225.31
  594.95,   217.99,   350.48
  599.87,   349.36,   103.86
  597.62,   346.21,   228.56
  595.01,   342.99,   353.39
  600.13,   474.48,   107.50
  597.86,   471.40,   231.92
  595.16,   467.95,   356.40
  724.62,   223.99,   103.08
  722.07,   220.76,   228.12
  719.70,   217.91,   352.92
  724.67,   349.09,   106.44
  722.50,   345.81,   231.22
  720.10,   342.66,   355.75
  724.80,   474.23,   109.71
  722.84,   471.04,   234.30
  720.55,   467.57,   358.85
  849.47,   223.83,   105.38
  846.65,   220.79,   230.47
  844.47,   217.70,   355.11
  849.61,   348.86,   108.73
  847.29,   345.66,   233.61
  844.86,   342.40,   358.09
  849.62,   474.04,   111.62
  847.74,   470.77,   236.82
  845.42,   467.25,   361.33
  601.14,   222.81,   224.07
  603.77,   225.19,   349.25
  606.35,   227.47,   474.23
  600.71,   348.08,   222.00
  603.18,   350.20,   346.81
  605.61,   352.22,   471.74
  600.29,   473.31,   220.07
  602.70,   475.21,   344.54
  605.15,   477.08,   469.37
  725.83,   223.29,   221.82
  728.50,   225.77,   346.62
  731.37,   228.09,   470.99
  725.58,   348.38,   219.61
  728.27,   350.55,   344.15
  730.97,   352.68,   468.73
  725.22,   473.66,   217.38
  728.05,   475.53,   341.94
  730.73,   477.45,   466.81
  850.42,   224.02,   219.09
  853.24,   226.24,   343.74
  856.26,   228.40,   468.25
  850.38,   348.93,   216.94
  853.00,   351.00,   341.45
  855.74,   353.05,   466.03
  850.08,   474.11,   214.80
  852.87,   475.95,   339.40
  855.40,   477.80,   464.12
  598.26,   225.18,   349.50
  595.75,   227.08,   474.54
  593.17,   228.70,   599.46
  595.26,   350.18,   347.38
  592.59,   351.82,   472.37
  590.10,   353.40,   597.55
  592.37,   475.16,   345.43
  589.70,   476.65,   470.27
  587.29,   478.31,   595.55
  722.97,   228.24,   351.90
  720.76,   230.16,   476.30
  718.58,   231.72,   600.59
  720.34,   352.99,   349.74
  717.95,   354.73,   474.38
  715.66,   356.39,   599.40
  717.71,   477.95,   347.85
  715.29,   479.49,   472.75
  712.92,   481.31,   598.08
  847.69,   231.18,   354.04
  845.64,   232.98,   478.51
  843.66,   234.72,   602.88
  845.09,   355.89,   352.07
  842.81,   357.58,   476.67
  840.75,   359.40,   601.68
  842.58,   480.78,   350.33
  840.12,   482.30,   475.14
  837.87,   484.24,   600.47
  599.37,   225.06,   476.84
  597.47,   221.36,   601.69
  595.41,   217.51,   726.30
  602.28,   349.74,   480.09
  600.48,   346.00,   605.24
  598.85,   342.31,   730.36
  605.48,   474.51,   483.46
  603.76,   470.87,   608.77
  602.29,   467.42,   734.28
  724.40,   222.02,   477.89
  722.89,   218.27,   602.08
  721.08,   214.31,   726.68
  727.63,   346.54,   481.37
  726.03,   342.89,   606.29
  724.37,   339.22,   731.45
  731.05,   471.23,   485.21
  729.35,   467.75,   610.54
  727.68,   464.43,   736.03
  849.30,   218.70,   479.43
  847.95,   215.12,   603.73
  846.44,   211.44,   728.49
  852.42,   343.28,   482.97
  851.05,   339.78,   607.91
  849.60,   336.33,   733.17
  855.69,   467.92,   486.84
  854.18,   464.56,   612.14
  852.67,   461.28,   737.45
  599.65,   224.00,   598.66
  595.70,   223.50,   723.32
  591.85,   223.23,   847.82
  599.59,   348.74,   598.82
  596.07,   348.39,   723.99
  592.59,   348.30,   848.82
  599.79,   473.69,   598.92
  596.41,   473.59,   724.44
  593.07,   473.56,   849.59
  725.06,   224.00,   601.05
  721.38,   223.40,   725.70
  717.49,   223.13,   851.20
  725.14,   348.72,   601.90
  721.59,   348.41,   727.13
  717.82,   348.26,   852.26
  725.39,   473.66,   602.70
  721.83,   473.71,   728.22
  718.15,   473.53,   853.15
  850.11,   223.95,   604.72
  846.75,   223.63,   729.53
  842.86,   223.38,   855.24
  850.16,   348.70,   605.50
  846.81,   348.60,   730.81
  842.98,   348.33,   856.01
  850.25,   473.57,   606.32
  846.86,   473.68,   731.67
  842.94,   473.10,   856.61
  600.63,   351.03,    98.87
  600.55,   352.85,   223.63
  600.09,   354.57,   348.45
  603.24,   476.11,    97.56
  603.19,   478.04,   222.06
  602.68,   479.55,   346.57
  605.80,   601.11,    95.64
  605.75,   602.93,   220.44
  605.50,   604.51,   345.09
  725.42,   348.45,    99.33
  725.42,   350.12,   224.18
  725.19,   351.90,   348.74
  727.90,   473.55,    97.65
  728.13,   475.37,   222.32
  728.04,   476.86,   346.92
  730.70,   598.62,    95.71
  730.78,   600.58,   220.46
  730.71,   601.93,   345.35
  850.38,   345.89,    99.48
  850.21,   347.65,   224.46
  849.93,   349.34,   349.00
  852.71,   471.05,    97.40
  853.01,   472.80,   222.72
  852.85,   474.24,   347.31
  855.60,   596.33,    95.30
  855.68,   598.12,   220.51
  855.48,   599.31,   345.63
  601.60,   349.20,   223.66
  602.48,   350.03,   348.50
  603.33,   350.77,   473.49
  599.25,   474.41,   223.00
  600.07,   475.02,   347.52
  600.92,   475.61,   472.40
  596.82,   599.31,   222.31
  597.88,   599.99,   346.95
  598.85,   600.75,   471.79
  726.47,   351.45,   222.82
  727.58,   352.33,   347.40
  728.70,   353.17,   472.03
  724.19,   476.72,   221.88
  725.43,   477.30,   346.49
  726.53,   477.95,   471.41
  721.86,   601.92,   220.97
  723.12,   602.38,   345.84
  724.26,   603.02,   470.88
  851.28,   353.97,   221.73
  852.32,   354.74,   346.27
  853.50,   355.51,   470.89
  849.07,   479.13,   220.88
  850.27,   479.66,   345.50
  851.25,   480.25,   470.30
  846.77,   604.48,   219.59
  847.92,   604.76,   344.74
  848.91,   605.28,   469.78
  601.74,   351.79,   350.06
  602.78,   348.38,   475.02
  603.99,   344.91,   600.16
  599.63,   476.73,   353.22
  600.67,   473.17,   478.08
  601.97,   469.79,   603.39
  597.76,   601.67,   356.80
  598.89,   598.27,   481.61
  600.06,   595.05,   606.73
  726.86,   353.83,   348.85
  728.15,   350.52,   473.45
  729.57,   347.15,   598.37
  725.01,   478.75,   352.09
  726.28,   475.25,   476.98
  727.59,   472.03,   602.30
  723.01,   603.78,   355.61
  724.32,   600.28,   480.60
  725.54,   597.26,   605.68
  851.61,   355.97,   347.62
  852.95,   352.60,   472.20
  854.56,   349.37,   597.17
  849.86,   480.84,   350.99
  851.01,   477.29,   475.76
  852.44,   474.17,   601.05
  847.80,   605.88,   354.40
  848.97,   602.27,   479.40
  850.27,   599.30,   604.48
  599.93,   350.91,   474.12
  597.59,   347.56,   599.27
  595.43,   344.26,   724.40
  597.52,   475.71,   476.99
  595.25,   472.45,   602.28
  593.25,   469.38,   727.79
  595.44,   600.82,   480.34
  593.04,   597.71,   605.44
  590.76,   594.70,   730.72
  725.30,   353.27,   476.09
  723.15,   350.01,   601.05
  720.97,   346.75,   726.24
  723.11,   478.00,   479.44
  720.87,   474.90,   604.76
  718.67,   471.98,   730.26
  720.85,   603.05,   482.88
  718.52,   600.15,   607.93
  716.14,   597.46,   733.01
  850.12,   355.56,   478.38
  848.19,   352.46,   603.35
  846.19,   349.41,   728.63
  847.86,   480.26,   481.79
  845.78,   477.29,   607.09
  843.73,   474.45,   732.42
  845.51,   605.25,   485.24
  843.30,   602.44,   610.30
  841.26,   599.92,   735.37
  600.20,   348.52,   601.28
  600.80,   345.49,   726.44
  601.40,   342.70,   851.25
  603.75,   473.40,   604.08
  604.49,   470.62,   729.63
  605.24,   467.89,   854.74
  607.41,   598.65,   607.01
  607.86,   595.95,   732.28
  608.38,   593.07,   857.37
  725.75,   345.20,   600.14
  726.33,   342.20,   725.33
  726.66,   339.35,   850.49
  729.34,   470.06,   603.65
  729.89,   467.41,   729.17
  730.29,   464.50,   854.10
  732.85,   595.28,   606.62
  733.24,   592.89,   731.73
  733.70,   589.96,   856.56
  850.76,   341.88,   599.55
  851.53,   339.10,   724.85
  851.87,   336.20,   850.12
  854.16,   466.65,   603.04
  854.87,   464.05,   728.39
  855.06,   460.77,   853.39
  857.49,   591.72,   606.08
  858.28,   589.41,   731.21
  858.85,   586.47,   856.15
  599.61,   476.09,    99.90
  600.02,   476.01,   224.41
  599.99,   475.52,   348.93
  603.04,   601.08,    99.97
  603.47,   600.89,   224.77
  603.68,   600.47,   349.42
  606.25,   726.00,    99.71
  606.69,   725.51,   224.90
  607.34,   725.31,   350.07
  724.24,   472.64,    99.47
  724.95,   472.45,   224.14
  725.33,   471.95,   348.75
  727.91,   597.71,    99.52
  728.48,   597.64,   224.27
  728.90,   596.99,   349.16
  731.34,   722.55,    99.51
  731.67,   722.61,   224.68
  732.15,   722.05,   349.91
  849.03,   469.25,    98.70
  849.81,   468.99,   224.02
  850.14,   468.45,   348.61
  852.79,   594.54,    98.58
  853.36,   594.30,   223.81
  853.65,   593.50,   348.91
  856.48,   719.14,    98.91
  856.71,   719.47,   224.10
  856.94,   718.74,   349.53
  600.10,   477.21,   226.28
  601.93,   479.83,   350.76
  603.81,   482.44,   475.61
  597.82,   602.07,   223.60
  599.90,   604.78,   348.20
  601.90,   607.56,   473.02
  595.31,   726.66,   220.63
  597.83,   729.59,   345.77
  600.08,   732.74,   470.73
  725.04,   479.33,   224.12
  727.29,   481.93,   348.70
  729.40,   484.59,   473.60
  722.85,   604.51,   221.21
  725.11,   606.99,   346.06
  727.26,   609.65,   471.06
  720.29,   729.41,   218.54
  722.63,   732.02,   343.77
  724.90,   734.86,   468.56
  849.91,   481.56,   222.08
  852.11,   484.11,   346.67
  854.07,   486.71,   471.44
  847.74,   606.89,   218.79
  849.89,   609.19,   343.91
  851.88,   611.72,   468.92
  845.33,   732.01,   216.15
  847.42,   734.46,   341.52
  849.61,   737.09,   466.26
  598.88,   476.07,   349.35
  600.70,   473.35,   474.20
  602.78,   470.81,   599.51
  602.52,   601.00,   352.01
  604.46,   598.44,   476.83
  606.42,   596.06,   601.95
  606.15,   725.82,   354.84
  608.31,   723.62,   479.75
  610.04,   721.43,   604.46
  724.20,   472.59,   347.30
  726.26,   469.92,   472.18
  728.36,   467.53,   597.49
  727.73,   597.61,   349.88
  729.83,   594.93,   474.89
  731.85,   592.73,   599.99
  730.94,   722.63,   352.81
  733.16,   720.13,   477.57
  735.19,   718.13,   601.87
  849.01,   469.18,   345.31
  850.95,   466.47,   470.04
  853.16,   464.17,   595.32
  852.47,   594.20,   347.76
  854.38,   591.41,   472.76
  856.47,   589.23,   597.89
  855.71,   719.42,   350.55
  857.81,   716.71,   475.32
  859.84,   714.60,   599.68
  600.73,   476.37,   476.11
  598.45,   475.46,   601.43
  596.44,   474.77,   726.99
  599.68,   601.53,   477.14
  597.29,   600.78,   602.26
  594.97,   600.14,   727.55
  598.76,   726.77,   478.47
  596.13,   726.19,   603.24
  593.22,   725.41,   727.88
  726.33,   477.67,   478.52
  724.09,   476.93,   603.87
  721.88,   476.38,   729.41
  725.09,   602.76,   479.62
  722.76,   602.23,   604.71
  720.36,   601.91,   729.78
  723.64,   728.03,   480.71
  721.31,   727.67,   605.00
  718.66,   727.32,   729.32
  851.05,   478.95,   480.81
  848.97,   478.32,   606.15
  846.93,   477.84,   731.51
  849.73,   603.99,   481.92
  847.51,   603.51,   607.02
  845.48,   603.36,   732.11
  848.35,   729.39,   482.82
  846.08,   728.99,   607.02
  843.68,   728.80,   731.55
  598.42,   475.32,   600.61
  596.75,   476.96,   726.16
  595.11,   478.66,   851.33
  599.22,   600.63,   599.14
  597.24,   602.34,   724.41
  595.32,   603.90,   849.53
  600.05,   726.05,   597.82
  597.48,   727.62,   722.44
  595.17,   728.98,   847.15
  724.06,   474.86,   602.70
  722.20,   476.65,   728.24
  720.23,   478.20,   853.20
  724.70,   600.14,   601.24
  722.65,   602.18,   726.31
  720.67,   603.72,   851.14
  725.23,   725.57,   599.26
  722.93,   727.59,   723.55
  720.61,   728.90,   848.39
  848.96,   474.33,   604.62
  847.26,   476.18,   730.00
  845.05,   477.34,   854.98
  849.45,   599.49,   603.21
  847.77,   601.67,   728.31
  845.97,   603.26,   853.20
  849.98,   724.94,   601.00
  847.93,   727.10,   725.51
  846.03,   728.71,   850.86
  601.51,   599.89,    98.56
  600.85,   603.15,   223.32
  599.99,   606.19,   347.94
  597.70,   724.78,    94.82
  597.01,   727.70,   219.95
  596.60,   730.96,   345.10
  593.87,   849.67,    91.58
  593.27,   852.52,   216.73
  593.07,   855.84,   342.19
  726.40,   603.59,    99.09
  725.87,   606.98,   223.82
  725.19,   609.79,   348.69
  722.76,   728.34,    95.62
  721.97,   731.84,   220.77
  721.38,   734.78,   346.01
  719.33,   852.69,    92.53
  718.05,   856.51,   218.07
  717.60,   859.76,   343.30
  851.30,   607.49,    99.16
  850.75,   610.74,   224.30
  849.95,   613.38,   349.44
  847.88,   731.88,    96.10
  847.00,   735.82,   221.30
  846.14,   738.61,   346.67
  844.24,   855.89,    93.08
  843.03,   860.24,   218.65
  842.18,   863.60,   343.79
  599.93,   602.07,   223.41
  597.71,   603.34,   348.03
  595.41,   604.68,   472.86
  599.83,   726.71,   221.85
  598.07,   728.20,   347.01
  596.03,   729.91,   471.98
  599.82,   851.62,   220.48
  598.27,   853.16,   345.94
  596.22,   854.83,   470.96
  724.98,   602.17,   225.34
  722.96,   603.20,   350.22
  720.82,   604.43,   475.23
  724.83,   727.14,   224.10
  722.90,   728.28,   349.32
  720.89,   729.69,   474.12
  724.62,   851.91,   223.24
  722.81,   853.35,   348.46
  720.64,   854.69,   473.05
  849.90,   602.18,   227.29
  847.77,   603.04,   352.40
  845.51,   604.17,   477.43
  849.90,   727.37,   226.02
  847.71,   728.34,   351.40
  845.62,   729.57,   476.14
  849.65,   851.94,   225.23
  847.45,   853.46,   350.35
  845.34,   854.87,   474.74
  599.13,   598.62,   349.32
  596.96,   595.95,   474.12
  594.81,   593.46,   599.23
  598.10,   723.47,   352.27
  596.17,   721.17,   477.19
  593.79,   718.86,   601.96
  596.93,   848.40,   355.19
  595.01,   846.11,   480.16
  592.46,   843.74,   604.61
  724.39,   599.81,   351.39
  722.39,   597.04,   476.38
  720.31,   594.75,   601.48
  722.94,   724.85,   354.45
  721.08,   722.29,   479.21
  719.00,   720.18,   603.55
  721.45,   849.90,   357.58
  719.44,   847.29,   482.06
  717.36,   845.04,   605.64
  849.18,   600.97,   353.45
  847.06,   598.12,   478.46
  845.08,   595.89,   603.57
  847.73,   726.24,   356.42
  845.80,   723.48,   481.12
  843.78,   721.34,   605.36
  846.07,   851.35,   359.33
  844.15,   848.80,   483.64
  842.36,   846.56,   607.12
  598.85,   601.48,   473.71
  596.80,   603.57,   598.83
  594.82,   605.77,   724.08
  602.52,   726.65,   472.30
  600.26,   728.93,   597.05
  597.69,   731.00,   721.65
  605.76,   851.53,   470.77
  603.35,   853.70,   595.19
  600.61,   855.70,   719.45
  724.23,   598.17,   475.88
  722.24,   600.45,   600.97
  720.20,   602.99,   726.03
  727.36,   723.38,   474.23
  725.39,   725.84,   598.53
  723.11,   728.36,   722.80
  730.14,   848.37,   472.62
  728.18,   850.63,   596.19
  725.94,   852.94,   720.04
  848.84,   594.85,   477.86
  846.97,   597.19,   602.99
  845.29,   599.87,   728.08
  852.04,   720.17,   476.06
  850.11,   722.58,   600.32
  848.07,   725.25,   724.84
  854.89,   845.52,   474.11
  853.16,   847.84,   597.73
  851.21,   849.94,   721.65
  601.62,   601.49,   598.48
  602.76,   599.09,   723.75
  603.99,   596.56,   848.87
  602.13,   726.89,   601.24
  602.70,   724.37,   725.83
  603.56,   721.62,   850.55
  602.29,   851.71,   603.90
  602.65,   849.11,   728.13
  603.33,   846.43,   852.71
  727.10,   601.27,   597.45
  728.18,   599.20,   722.54
  729.34,   596.67,   847.41
  727.33,   726.70,   599.55
  728.17,   724.62,   723.85
  729.02,   721.86,   848.73
  727.20,   851.53,   601.72
  728.08,   849.26,   725.59
  728.55,   846.32,   851.20
  851.82,   600.88,   596.28
  853.26,   598.92,   721.40
  854.59,   596.42,   846.35
  852.09,   726.34,   598.19
  853.15,   724.37,   722.77
  854.44,   721.92,   848.13
  852.23,   851.62,   600.13
  853.38,   849.12,   724.10
  853.76,   846.05,   850.64
