15 PA3-E-Debug-Answer.txt 0
   17.64    10.83    54.13        21.13    12.04    54.31     3.697
  -32.66   -30.13   -39.43       -30.96   -27.18   -37.64     3.848
  -17.77   -19.37   -49.06       -18.09   -18.81   -47.17     1.997
  -31.03     6.14   -36.13       -31.27     6.59   -36.34     0.558
  -27.79     4.92   -41.21       -27.73     4.81   -41.09     0.177
    6.28    10.05   -13.41         6.32     9.64   -13.16     0.481
   14.30     1.42   -24.56        15.46     1.23   -21.52     3.258
  -19.88     5.50   -40.41       -20.03     6.14   -40.92     0.829
   23.74     3.83    24.54        27.51     3.47    25.80     3.991
   14.14    -7.97    23.20        13.98    -6.79    23.08     1.199
  -18.07    -7.06     0.07       -17.23    -6.90    -0.43     0.994
   -2.28    -5.07   -27.62        -0.78    -4.34   -28.67     1.976
  -41.51   -13.61   -42.49       -38.68   -13.28   -40.84     3.296
   30.09    15.21    -6.45        33.02    17.65    -6.30     3.816
   14.26    -9.30    11.87        14.19    -9.09    11.78     0.240
