15 PA3-B-Debug-Answer.txt 0
   11.16    19.12   -26.09        11.24    19.10   -26.08     0.083
  -29.93   -33.23   -31.16       -28.97   -30.94   -30.73     2.520
   -8.33     2.92    31.07        -7.64     3.03    30.92     0.719
    1.15    11.01    -8.30         1.18    10.95    -8.27     0.082
  -31.62    -5.26   -12.85       -32.46    -3.97    -9.86     3.366
  -24.44    -0.76   -14.42       -25.34     0.98   -12.44     2.784
  -16.63    15.47    17.48       -14.83    16.06    18.89     2.355
   12.63    22.04    16.64        12.70    24.55    16.99     2.538
   30.57     4.13   -29.96        29.80     3.90   -28.74     1.460
   17.56    24.28   -10.29        17.57    25.92   -10.54     1.662
  -22.81     3.90   -44.38       -22.83     3.48   -43.79     0.721
  -16.49   -33.90   -28.17       -16.72   -32.37   -28.04     1.554
   27.77    17.56   -24.54        27.67    17.47   -24.45     0.157
   31.59    -2.09    11.52        32.61    -3.00    12.40     1.630
   27.25     5.83   -32.89        27.02     6.17   -30.05     2.869
