200 PA4-C-Debug-Output.txt 0
    3.15    -7.02    52.60         3.15    -7.02    52.60     0.000
   30.05    12.94    16.46        30.05    12.94    16.46     0.000
  -33.86   -23.66   -13.48       -33.86   -23.66   -13.48     0.000
    2.23   -12.96     1.39         2.23   -12.96     1.39     0.000
   -9.40     1.90    22.72        -9.40     1.90    22.72     0.000
    7.83    21.66    -5.44         7.83    21.66    -5.44     0.000
   -6.26    24.39    30.96        -6.26    24.39    30.96     0.000
   -7.05     7.54   -21.57        -7.05     7.54   -21.57     0.000
   38.14    -0.49    -4.97        38.14    -0.49    -4.97     0.000
   -5.21    -8.19   -42.35        -5.21    -8.19   -42.35     0.000
   -0.16    -6.31    57.69        -0.16    -6.31    57.69     0.000
   11.75    -5.03    63.32        11.75    -5.03    63.32     0.000
  -23.82    10.27   -35.05       -23.82    10.27   -35.05     0.000
    2.26     0.49    63.44         2.26     0.49    63.44     0.000
    7.08     2.10   -20.17         7.08     2.10   -20.17     0.000
  -10.31    -0.99    16.05       -10.31    -0.99    16.05     0.000
  -40.90   -15.63   -30.97       -40.90   -15.63   -30.97     0.000
  -38.39   -23.03   -19.60       -38.39   -23.03   -19.60     0.000
  -40.74    -2.28   -17.47       -40.74    -2.28   -17.47     0.000
  -42.43   -14.06   -19.75       -42.43   -14.06   -19.75     0.000
   -3.53    10.75    -3.11        -3.53    10.75    -3.11     0.000
   25.88    11.68    28.56        25.88    11.68    28.56     0.000
  -22.08     7.12   -15.97       -22.08     7.12   -15.97     0.000
   -6.52     1.90    48.42        -6.52     1.90    48.42     0.000
   -0.16   -18.67   -11.00        -0.16   -18.67   -11.00     0.000
  -11.59     4.06   -40.81       -11.59     4.06   -40.81     0.000
    9.84    -5.36    63.38         9.84    -5.36    63.38     0.000
  -40.06   -12.02   -32.21       -40.06   -12.02   -32.21     0.000
    4.49    -9.29    18.69         4.49    -9.29    18.69     0.000
   22.80    14.47    36.33        22.80    14.47    36.33     0.000
   14.50    23.58   -22.54        14.50    23.58   -22.54     0.000
   12.40   -10.74     8.82        12.40   -10.74     8.82     0.000
   38.34     3.03     8.38        38.34     3.03     8.38     0.000
  -27.93   -26.18   -40.91       -27.93   -26.18   -40.91     0.000
   -0.03    19.96    42.78        -0.03    19.96    42.78     0.000
   22.45    12.95    43.72        22.45    12.95    43.72     0.000
  -14.90    12.35    23.08       -14.90    12.35    23.08     0.000
  -29.21   -14.60    -6.61       -29.21   -14.60    -6.61     0.000
    7.20    -8.10   -23.04         7.20    -8.10   -23.04     0.000
  -32.48   -13.23    -7.09       -32.48   -13.23    -7.09     0.000
   32.05     1.29    15.61        32.05     1.29    15.61     0.000
   18.10    -1.67    60.33        18.10    -1.67    60.33     0.000
   18.30    -3.63   -23.02        18.30    -3.63   -23.02     0.000
    8.48    17.85    -8.82         8.48    17.85    -8.82     0.000
   -6.45     9.48    59.83        -6.45     9.48    59.83     0.000
   -7.75   -26.10   -17.52        -7.75   -26.10   -17.52     0.000
  -17.83    -0.09    -3.26       -17.83    -0.09    -3.26     0.000
  -34.56    -1.20   -42.42       -34.56    -1.20   -42.42     0.000
    0.28    23.84    18.72         0.28    23.84    18.72     0.000
  -12.68   -21.72    -9.47       -12.68   -21.72    -9.47     0.000
   10.72    -6.68    53.09        10.72    -6.68    53.09     0.000
   -7.00     7.20    59.17        -7.00     7.20    59.17     0.000
   -3.51    11.29    -1.77        -3.51    11.29    -1.77     0.000
  -23.71   -16.06    -6.12       -23.71   -16.06    -6.12     0.000
  -31.95     6.68   -35.38       -31.95     6.68   -35.38     0.000
  -34.29   -10.35   -45.84       -34.29   -10.35   -45.84     0.000
  -39.34   -13.76   -39.44       -39.34   -13.76   -39.44     0.000
    5.07    21.30     0.28         5.07    21.30     0.28     0.000
  -22.00     6.51   -40.81       -22.00     6.51   -40.81     0.000
   12.00    20.28   -19.20        12.00    20.28   -19.20     0.000
  -16.90     6.13   -13.17       -16.90     6.13   -13.17     0.000
   30.43    20.67    -9.18        30.43    20.67    -9.18     0.000
  -36.01   -21.04   -12.88       -36.01   -21.04   -12.88     0.000
   -7.48   -20.23    -9.85        -7.48   -20.23    -9.85     0.000
   -4.95   -11.12   -42.23        -4.95   -11.12   -42.23     0.000
   -6.31    -9.70     9.50        -6.31    -9.70     9.50     0.000
   17.35    26.76     3.55        17.35    26.76     3.55     0.000
   -6.68     1.47    36.89        -6.68     1.47    36.89     0.000
  -11.92   -30.63   -25.36       -11.92   -30.63   -25.36     0.000
   -1.49    -6.85   -31.10        -1.49    -6.85   -31.10     0.000
   21.45    12.46    51.21        21.45    12.46    51.21     0.000
    1.25    14.05    -2.24         1.25    14.05    -2.24     0.000
  -40.07     1.50   -22.96       -40.07     1.50   -22.96     0.000
    6.60    16.84    -5.99         6.60    16.84    -5.99     0.000
   33.20     6.04    14.30        33.20     6.04    14.30     0.000
   18.31     3.19    63.00        18.31     3.19    63.00     0.000
    3.20    18.22    62.01         3.20    18.22    62.01     0.000
   22.71     1.98    43.92        22.71     1.98    43.92     0.000
    7.02    -7.63    23.92         7.02    -7.63    23.92     0.000
  -10.23    15.75    14.76       -10.23    15.75    14.76     0.000
  -41.73    -9.20   -31.17       -41.73    -9.20   -31.17     0.000
  -13.85    19.27    18.91       -13.85    19.27    18.91     0.000
  -15.33    20.83    23.92       -15.33    20.83    23.92     0.000
   -6.13     0.52    57.62        -6.13     0.52    57.62     0.000
  -43.52   -13.39   -23.77       -43.52   -13.39   -23.77     0.000
   11.07     0.41   -20.87        11.07     0.41   -20.87     0.000
    8.18   -13.39   -19.58         8.18   -13.39   -19.58     0.000
   34.75     1.17    12.36        34.75     1.17    12.36     0.000
  -24.06   -15.16    -6.09       -24.06   -15.16    -6.09     0.000
  -30.64   -29.60   -19.58       -30.64   -29.60   -19.58     0.000
   -6.32     9.91    60.00        -6.32     9.91    60.00     0.000
   16.73    -3.39    59.57        16.73    -3.39    59.57     0.000
  -14.68   -23.72    -9.99       -14.68   -23.72    -9.99     0.000
   38.24    11.25    -3.06        38.24    11.25    -3.06     0.000
  -22.56    12.24   -26.47       -22.56    12.24   -26.47     0.000
   -2.93    -4.72    55.39        -2.93    -4.72    55.39     0.000
  -10.24   -24.40   -12.63       -10.24   -24.40   -12.63     0.000
   -5.34    21.79    15.68        -5.34    21.79    15.68     0.000
  -25.74    10.06   -34.09       -25.74    10.06   -34.09     0.000
   16.68     8.35   -23.34        16.68     8.35   -23.34     0.000
  -18.13     5.71   -13.27       -18.13     5.71   -13.27     0.000
   23.29    12.71    38.98        23.29    12.71    38.98     0.000
  -35.07    -4.47   -10.62       -35.07    -4.47   -10.62     0.000
   27.90    -4.23    15.08        27.90    -4.23    15.08     0.000
   18.39    25.40   -18.93        18.39    25.40   -18.93     0.000
  -34.80   -24.86   -16.22       -34.80   -24.86   -16.22     0.000
  -37.50     1.59   -16.81       -37.50     1.59   -16.81     0.000
  -30.31   -20.24    -8.19       -30.31   -20.24    -8.19     0.000
    1.81     0.61   -23.68         1.81     0.61   -23.68     0.000
   -6.77     4.24    44.92        -6.77     4.24    44.92     0.000
    8.32    19.29    60.75         8.32    19.29    60.75     0.000
   33.89    -6.74   -13.77        33.89    -6.74   -13.77     0.000
    8.84    23.81    22.59         8.84    23.81    22.59     0.000
  -26.86   -31.64   -21.44       -26.86   -31.64   -21.44     0.000
   -8.22   -20.64    -9.81        -8.22   -20.64    -9.81     0.000
  -21.70   -10.67   -49.49       -21.70   -10.67   -49.49     0.000
  -27.16   -30.57   -18.09       -27.16   -30.57   -18.09     0.000
  -11.42   -25.15   -40.75       -11.42   -25.15   -40.75     0.000
   -8.94     7.94    31.66        -8.94     7.94    31.66     0.000
    4.88   -12.28     7.66         4.88   -12.28     7.66     0.000
    7.31    21.26    40.05         7.31    21.26    40.05     0.000
   35.42    -4.55   -11.03        35.42    -4.55   -11.03     0.000
   19.15   -16.64   -13.87        19.15   -16.64   -13.87     0.000
   23.18    13.16    38.31        23.18    13.16    38.31     0.000
   21.50    12.58    50.59        21.50    12.58    50.59     0.000
   11.67    -6.86    24.99        11.67    -6.86    24.99     0.000
   19.90   -11.27     2.04        19.90   -11.27     2.04     0.000
   35.97     7.76    10.24        35.97     7.76    10.24     0.000
  -36.41   -25.87   -30.68       -36.41   -25.87   -30.68     0.000
  -35.97     2.70   -15.41       -35.97     2.70   -15.41     0.000
  -27.98     8.75   -17.85       -27.98     8.75   -17.85     0.000
   -6.42    11.54    45.96        -6.42    11.54    45.96     0.000
    6.12    20.03    -3.63         6.12    20.03    -3.63     0.000
   22.36    -9.01   -23.77        22.36    -9.01   -23.77     0.000
   20.73    11.14    60.71        20.73    11.14    60.71     0.000
  -39.73   -12.22   -34.93       -39.73   -12.22   -34.93     0.000
   22.50    -0.59    37.78        22.50    -0.59    37.78     0.000
  -18.77   -11.04   -49.17       -18.77   -11.04   -49.17     0.000
   -9.48     1.05    21.42        -9.48     1.05    21.42     0.000
  -36.68   -20.84   -38.82       -36.68   -20.84   -38.82     0.000
   23.83    19.08    21.98        23.83    19.08    21.98     0.000
  -19.48   -32.24   -22.77       -19.48   -32.24   -22.77     0.000
   18.32    23.99    15.28        18.32    23.99    15.28     0.000
   30.33    16.65    12.57        30.33    16.65    12.57     0.000
   21.41    -0.49    44.74        21.41    -0.49    44.74     0.000
   16.60    -6.19    25.63        16.60    -6.19    25.63     0.000
    6.54    -6.87    38.28         6.54    -6.87    38.28     0.000
    0.72   -18.89   -13.48         0.72   -18.89   -13.48     0.000
   25.97    -7.60     8.11        25.97    -7.59     8.11     0.000
   24.39    24.67    -0.29        24.39    24.67    -0.29     0.000
   -6.03    -8.00    17.45        -6.03    -8.00    17.45     0.000
  -26.52   -23.03   -44.20       -26.52   -23.03   -44.20     0.000
   10.89     5.43    62.92        10.89     5.43    62.92     0.000
   11.93    20.54   -15.33        11.93    20.54   -15.33     0.000
   22.21    14.75    39.02        22.21    14.75    39.02     0.000
   31.03    14.40    13.56        31.03    14.40    13.56     0.000
  -17.47     1.21   -45.57       -17.47     1.21   -45.57     0.000
   12.00    17.69   -27.54        12.00    17.69   -27.54     0.000
   12.84    16.43   -29.01        12.84    16.43   -29.01     0.000
  -33.39   -24.48   -14.06       -33.39   -24.48   -14.06     0.000
   10.08    25.49    12.12        10.08    25.49    12.12     0.000
   24.91    13.05   -29.71        24.91    13.05   -29.71     0.000
   17.24    -5.77    27.91        17.24    -5.77    27.91     0.000
   21.21    -5.77    20.56        21.21    -5.77    20.56     0.000
   -2.25    16.10     6.50        -2.25    16.10     6.50     0.000
   23.54     8.29   -30.36        23.54     8.29   -30.36     0.000
   34.74    -3.88    -2.06        34.74    -3.88    -2.06     0.000
   -2.57    18.26    45.19        -2.57    18.26    45.19     0.000
  -33.23    -6.42   -45.32       -33.23    -6.42   -45.32     0.000
   -8.92   -28.32   -31.67        -8.92   -28.32   -31.67     0.000
   13.89     4.32    63.07        13.89     4.32    63.07     0.000
   22.65   -15.78    -9.78        22.65   -15.78    -9.78     0.000
   14.92    11.12   -17.17        14.92    11.12   -17.17     0.000
   25.50   -10.82    -0.85        25.50   -10.82    -0.85     0.000
   -7.69     7.39    36.78        -7.69     7.39    36.78     0.000
   10.76    23.89    -7.22        10.76    23.89    -7.22     0.000
    8.00    21.67    -5.71         8.00    21.67    -5.71     0.000
   30.64    -8.70    -1.36        30.64    -8.70    -1.36     0.000
  -12.01     5.46     7.62       -12.01     5.46     7.62     0.000
   23.12     2.11    41.98        23.12     2.11    41.98     0.000
   21.17    24.86   -19.99        21.17    24.86   -19.99     0.000
   26.38    -2.30    22.05        26.38    -2.30    22.05     0.000
   -5.68    11.02    56.80        -5.68    11.02    56.80     0.000
    3.73     0.91   -22.44         3.73     0.91   -22.44     0.000
  -29.56     7.26   -15.88       -29.56     7.26   -15.88     0.000
   15.45   -17.69    -8.15        15.45   -17.69    -8.15     0.000
   -3.73    -3.99    50.59        -3.73    -3.99    50.59     0.000
   13.24    23.65    22.52        13.24    23.65    22.52     0.000
  -34.51     1.74   -13.13       -34.51     1.74   -13.13     0.000
   18.18   -11.65     3.18        18.18   -11.65     3.18     0.000
  -22.56    11.28   -32.68       -22.56    11.28   -32.68     0.000
   29.39    20.99   -17.52        29.39    20.99   -17.52     0.000
   -5.21     4.94   -26.28        -5.21     4.94   -26.28     0.000
   18.39    -6.48    19.62        18.39    -6.48    19.62     0.000
   11.65    -7.17    22.36        11.65    -7.17    22.36     0.000
  -25.33     6.08   -40.80       -25.33     6.08   -40.80     0.000
   10.50    14.54   -10.60        10.50    14.54   -10.60     0.000
    7.38    11.64    63.25         7.38    11.64    63.25     0.000
  -24.37     3.19   -43.80       -24.37     3.19   -43.80     0.000
  -35.87     3.36   -15.96       -35.87     3.36   -15.96     0.000
