75 PA4-B-Demo-Slow-Output.txt 0
   26.07    23.90    -2.76        26.07    23.90    -2.76     0.000
    7.26    -7.24    56.03         7.26    -7.24    56.03     0.000
    6.85     0.55    63.37         6.85     0.55    63.37     0.000
  -39.92   -20.14   -18.33       -39.92   -20.14   -18.33     0.000
  -19.13   -30.89   -35.79       -19.13   -30.89   -35.79     0.000
   35.71    -2.64   -17.64        35.71    -2.64   -17.64     0.000
   22.47    13.57    42.02        22.47    13.57    42.02     0.000
  -10.43     7.68    25.70       -10.43     7.68    25.70     0.000
  -17.14    -8.65   -48.46       -17.14    -8.65   -48.46     0.000
   28.80    -3.06    16.17        28.80    -3.06    16.17     0.000
  -34.65     3.57   -15.39       -34.65     3.57   -15.39     0.000
  -28.80   -27.14   -13.39       -28.80   -27.14   -13.39     0.000
  -36.30     1.55   -14.79       -36.30     1.55   -14.79     0.000
  -20.63   -31.01   -35.95       -20.63   -31.01   -35.95     0.000
   -2.61    -7.47    29.17        -2.61    -7.47    29.17     0.000
   23.14    10.93    43.99        23.14    10.93    43.99     0.000
    0.73    -9.39    21.40         0.73    -9.39    21.40     0.000
    7.85    22.46    -4.25         7.85    22.46    -4.25     0.000
   -6.44   -17.50    -6.53        -6.44   -17.50    -6.53     0.000
    8.77   -15.51    -2.40         8.77   -15.51    -2.40     0.000
  -25.94   -26.30   -11.06       -25.94   -26.30   -11.06     0.000
  -24.72     2.74   -44.06       -24.72     2.74   -44.06     0.000
   14.91    24.25    17.34        14.91    24.25    17.34     0.000
   10.14    20.90    53.95        10.14    20.90    53.95     0.000
    8.93     9.02   -13.90         8.93     9.02   -13.90     0.000
   38.32    10.76     4.78        38.32    10.76     4.78     0.000
    3.00    22.51     8.08         3.00    22.51     8.08     0.000
  -37.55   -23.20   -17.96       -37.55   -23.20   -17.96     0.000
    8.46    20.68    46.48         8.46    20.68    46.48     0.000
  -10.88   -26.49   -15.19       -10.88   -26.49   -15.19     0.000
    0.77   -17.91    -9.62         0.77   -17.91    -9.62     0.000
  -11.13     6.45     1.24       -11.13     6.45     1.24     0.000
    6.93    21.97    33.35         6.93    21.97    33.35     0.000
  -43.43   -11.83   -22.32       -43.43   -11.83   -22.32     0.000
   19.15    -6.31   -23.57        19.15    -6.31   -23.57     0.000
   -4.86    11.35     1.47        -4.86    11.35     1.47     0.000
   12.90    20.86    54.22        12.90    20.86    54.22     0.000
  -14.75   -20.92    -8.55       -14.75   -20.92    -8.55     0.000
    1.12    -7.31    33.62         1.12    -7.31    33.62     0.000
    6.70    21.45    36.80         6.70    21.45    36.80     0.000
   -3.14   -22.15   -16.74        -3.14   -22.15   -16.74     0.000
  -12.21     3.47    12.86       -12.21     3.47    12.86     0.000
  -18.10    -0.98   -46.91       -18.10    -0.98   -46.91     0.000
   -8.11     5.63    31.19        -8.11     5.63    31.19     0.000
  -37.98    -3.26   -40.01       -37.98    -3.26   -40.01     0.000
   -3.80   -16.43    -5.44        -3.80   -16.43    -5.44     0.000
    6.87    -6.80    41.01         6.87    -6.80    41.01     0.000
   -7.70    21.18    36.76        -7.70    21.18    36.76     0.000
   31.84     2.10   -25.85        31.84     2.10   -25.85     0.000
   31.81    13.72   -22.76        31.81    13.72   -22.76     0.000
  -18.55    11.91   -22.92       -18.55    11.91   -22.92     0.000
  -22.77   -20.35    -6.83       -22.77   -20.35    -6.83     0.000
   -6.69    -7.32    17.66        -6.69    -7.32    17.66     0.000
  -18.64   -14.38    -5.01       -18.64   -14.38    -5.01     0.000
  -23.79   -30.16   -36.81       -23.79   -30.16   -36.81     0.000
   33.02     9.70   -23.90        33.02     9.70   -23.90     0.000
   22.02    15.15    38.43        22.02    15.15    38.43     0.000
   32.88    -8.01   -15.02        32.88    -8.01   -15.02     0.000
  -27.51     7.17   -15.81       -27.51     7.17   -15.81     0.000
   17.90    -4.76    36.54        17.90    -4.76    36.54     0.000
  -19.71   -13.33    -4.84       -19.71   -13.33    -4.84     0.000
   20.13     0.95    57.82        20.13     0.95    57.82     0.000
   -4.92   -26.40   -26.81        -4.92   -26.40   -26.81     0.000
    0.01    -9.62    19.68         0.01    -9.62    19.68     0.000
   -0.36    24.05    23.40        -0.36    24.05    23.40     0.000
  -22.60    -9.43    -4.47       -22.60    -9.43    -4.47     0.000
  -32.51   -19.31    -9.05       -32.51   -19.31    -9.05     0.000
   14.78   -17.13    -5.14        14.78   -17.13    -5.14     0.000
   21.63    -2.64    34.53        21.63    -2.64    34.53     0.000
   12.16    26.27    -3.70        12.16    26.27    -3.70     0.000
  -24.29     7.82   -38.92       -24.29     7.82   -38.92     0.000
    7.07   -10.23   -22.76         7.07   -10.23   -22.76     0.000
    8.10    21.36    37.62         8.10    21.36    37.62     0.000
   20.15   -12.14   -20.54        20.15   -12.14   -20.54     0.000
   -3.92    14.82    50.79        -3.92    14.82    50.79     0.000
