200 PA4-E-Debug-Output.txt 0
   -1.55    23.95    21.67        -1.54    24.11    21.67     0.158
  -16.94     6.21   -13.17       -16.92     6.16   -13.21     0.064
    6.56    16.61    -5.95         6.52    16.65    -5.98     0.060
   11.10    -6.59    56.98        11.09    -6.58    56.99     0.009
    5.08     7.47    63.37         5.07     7.47    63.34     0.035
   32.23    13.86    12.49        32.20    13.84    12.46     0.048
    5.10    15.54    63.15         5.09    15.54    63.14     0.015
    4.23    -7.13    39.32         4.23    -7.02    39.33     0.109
   31.02    16.72    11.59        30.99    16.70    11.57     0.043
   11.66    21.94    36.23        11.66    21.94    36.23     0.005
  -14.74    13.51    19.93       -14.75    13.50    19.92     0.011
   -4.54    13.32     5.67        -4.49    13.26     5.70     0.088
  -31.40   -29.64   -31.79       -31.36   -29.58   -31.78     0.073
  -10.91    23.09    20.01       -10.93    23.15    19.97     0.074
   -2.88    15.03    57.44        -2.94    15.08    57.45     0.077
   16.87    -3.78    52.31        16.96    -3.89    52.33     0.143
   -8.81   -22.84   -11.96        -8.78   -22.88   -11.93     0.062
  -34.53   -27.53   -21.47       -34.50   -27.49   -21.48     0.054
  -28.81   -17.60    -7.39       -28.82   -17.60    -7.37     0.021
    7.63    22.64    -3.75         7.71    22.58    -3.72     0.109
   -0.19    -8.17    26.29        -0.20    -8.31    26.33     0.141
   17.65    18.93    46.19        17.70    18.98    46.22     0.080
  -38.24   -17.02   -13.23       -38.27   -17.03   -13.21     0.042
   -2.57   -20.05   -35.88        -2.63   -20.01   -35.84     0.080
  -33.68   -27.34   -34.41       -33.64   -27.27   -34.39     0.091
   26.72    -1.40   -28.45        26.73    -1.39   -28.41     0.037
   14.13    22.57    32.47        14.13    22.55    32.47     0.023
   20.17    23.50    14.65        20.19    23.56    14.67     0.072
   30.43    19.62   -17.53        30.51    19.67   -17.55     0.086
    3.43   -16.96    -8.58         3.43   -16.94    -8.59     0.019
   -0.81   -19.89   -31.56        -0.82   -19.89   -31.56     0.012
   29.62    21.25    -5.12        29.57    21.19    -5.12     0.076
   37.05    10.59     8.14        36.95    10.57     8.06     0.132
   -1.94    -7.85    28.94        -1.91    -7.64    28.90     0.214
   34.79    15.74    -8.81        34.82    15.77    -8.80     0.044
   13.03    -5.92    56.21        13.05    -5.96    56.22     0.045
   15.27    25.62    11.42        15.27    25.60    11.42     0.027
   -7.65    -7.82    12.77        -7.62    -7.78    12.77     0.053
   -6.17   -21.15   -11.53        -6.16   -21.16   -11.52     0.009
   39.66     1.90    -4.27        39.71     1.86    -4.25     0.070
  -39.94   -20.03   -18.17       -39.91   -20.01   -18.19     0.036
   -3.21   -20.65   -13.22        -3.23   -20.61   -13.24     0.046
   31.15    -5.12    11.67        31.15    -5.14    11.68     0.029
   -3.48   -22.42   -34.61        -3.42   -22.45   -34.65     0.080
   30.25    12.03    16.62        30.23    12.02    16.62     0.022
    2.74     8.66   -14.98         2.74     8.63   -14.96     0.040
  -17.55   -13.35   -48.76       -17.56   -13.34   -48.69     0.076
  -28.11   -12.23   -47.96       -28.09   -12.23   -47.92     0.047
  -10.47    -9.60     4.09       -10.49    -9.65     4.11     0.061
   18.19   -15.87   -15.33        18.20   -15.84   -15.31     0.036
    2.00    -6.96    53.02         2.00    -6.91    53.03     0.045
  -44.19    -6.66   -24.98       -43.97    -6.71   -24.93     0.231
   12.02   -13.45   -17.37        12.01   -13.42   -17.34     0.049
   -1.35    18.46    46.96        -1.29    18.32    46.94     0.150
  -11.36    -9.88     2.92       -11.36    -9.89     2.93     0.012
   15.96    24.64   -18.65        15.97    24.64   -18.65     0.006
   -7.57    21.84    35.88        -7.57    21.84    35.88     0.004
   15.28     7.65    63.19        15.28     7.65    63.15     0.042
   -6.44   -21.30   -39.95        -6.49   -21.26   -39.91     0.074
   -7.69    17.90    13.71        -7.69    17.90    13.71     0.003
   17.29    17.17    59.61        17.25    17.12    59.61     0.057
  -10.84   -10.68   -47.07       -10.83   -10.67   -47.08     0.008
   29.66     3.67    20.36        29.58     3.67    20.33     0.087
   18.53   -12.42     1.01        18.55   -12.46     1.03     0.049
  -31.01     6.07   -38.33       -30.92     5.89   -38.25     0.219
  -36.16   -25.25   -18.77       -36.16   -25.25   -18.76     0.002
   21.56    25.49    -6.87        21.57    25.52    -6.86     0.029
   21.01     1.41    52.16        21.11     1.37    52.18     0.108
   22.34    23.51    11.87        22.30    23.40    11.85     0.113
   -5.90    -4.69    28.10        -5.98    -4.77    28.11     0.115
   -0.44    17.44    53.43        -0.49    17.51    53.44     0.082
    1.44    -6.86    52.95         1.44    -6.84    52.96     0.020
   19.81   -16.34    -5.54        19.81   -16.34    -5.54     0.005
    1.01   -11.66     7.87         1.00   -11.67     7.87     0.016
   -0.47    -6.09    44.97        -0.49    -6.14    44.97     0.047
    7.92    19.62    60.64         7.90    19.52    60.56     0.136
   11.82    -7.82    18.01        11.82    -7.82    18.01     0.004
    7.87    -7.54    21.51         7.92    -7.75    21.54     0.214
  -38.70     2.76   -31.69       -38.61     2.67   -31.65     0.137
  -39.28   -18.42   -35.74       -39.31   -18.43   -35.74     0.029
    0.11    -6.68    60.35         0.14    -6.60    60.36     0.083
  -22.80     9.73   -18.29       -22.80     9.73   -18.29     0.003
   34.59    -4.81     5.12        34.64    -4.86     5.12     0.073
   19.19   -10.66   -20.91        19.20   -10.65   -20.89     0.023
  -40.95    -3.24   -17.20       -40.96    -3.23   -17.20     0.011
   12.63    22.14   -18.19        12.63    22.14   -18.19     0.005
  -21.37    -4.80   -48.16       -21.35    -4.82   -48.10     0.070
   18.99    16.50    51.70        18.97    16.49    51.71     0.025
  -37.10    -6.65   -42.28       -37.10    -6.65   -42.28     0.006
   -6.06   -10.69     6.29        -6.08   -10.72     6.30     0.040
    3.75   -13.07   -24.40         3.72   -13.06   -24.38     0.038
  -15.51    -1.09     3.52       -15.51    -1.09     3.52     0.003
   38.76     6.12     7.43        38.74     6.11     7.42     0.024
  -28.64     7.70   -36.48       -28.65     7.75   -36.49     0.056
  -27.81   -18.57   -46.67       -27.80   -18.56   -46.65     0.016
  -19.73   -22.43    -8.14       -19.74   -22.41    -8.18     0.040
   36.94    13.20     2.89        37.00    13.24     2.90     0.071
    7.45   -15.25   -17.17         7.48   -15.32   -17.21     0.084
   -7.11    -6.36    20.16        -7.13    -6.38    20.16     0.022
   17.81    17.48   -30.54        17.81    17.50   -30.58     0.044
   30.34    13.74   -25.02        30.31    13.71   -24.99     0.045
   26.69    23.03   -10.34        26.81    23.19   -10.35     0.201
  -29.59     9.74   -21.42       -29.60     9.77   -21.41     0.031
   -5.45     8.72    62.31        -5.45     8.71    62.31     0.008
   33.97     8.89    11.96        34.09     8.92    12.05     0.158
   33.85    -6.65   -14.15        33.92    -6.70   -14.15     0.088
  -12.46   -27.60   -15.93       -12.46   -27.64   -15.91     0.039
   -7.60   -26.43   -18.57        -7.50   -26.52   -18.51     0.157
   -5.31    24.67    22.78        -5.32    24.63    22.79     0.045
  -16.14     0.87   -45.67       -16.12     0.89   -45.70     0.041
  -18.13    -2.55    -0.82       -18.08    -2.56    -0.84     0.056
   -1.46    -4.38   -29.74        -1.49    -4.39   -29.71     0.040
   -2.90    -4.61    60.96        -3.00    -4.71    60.96     0.142
   -7.46    -5.79    19.33        -7.60    -5.89    19.35     0.168
  -27.34   -31.55   -21.57       -27.33   -31.53   -21.58     0.018
  -19.66   -29.27   -38.68       -19.65   -29.32   -38.71     0.059
    7.84    20.55    45.13         7.81    20.66    45.14     0.110
   34.88    15.65   -10.71        34.90    15.66   -10.71     0.028
  -31.35    -8.39    -7.29       -31.34    -8.39    -7.29     0.005
  -41.76    -3.24   -18.32       -41.79    -3.23   -18.30     0.042
   -1.82   -17.29    -7.62        -1.82   -17.32    -7.61     0.025
    1.15    -7.17    56.41         1.22    -6.94    56.41     0.245
  -12.28     5.74    -2.89       -12.27     5.73    -2.89     0.021
  -16.04   -31.76   -22.98       -16.03   -31.77   -22.97     0.013
   22.89    17.28    28.88        23.00    17.36    28.91     0.139
   -0.13    -6.61    39.61        -0.10    -6.53    39.61     0.080
    9.66    -6.81    28.10         9.66    -6.84    28.11     0.033
   35.86    14.23    -3.31        35.89    14.26    -3.30     0.039
   21.01    10.78    59.74        21.01    10.78    59.75     0.009
   -6.41    10.55    46.89        -6.50    10.56    46.90     0.096
  -11.97    23.08    30.43       -12.01    23.13    30.46     0.075
  -17.51   -30.64   -35.51       -17.51   -30.65   -35.52     0.021
   -0.31   -14.96   -34.57        -0.38   -14.97   -34.55     0.077
  -30.48     6.85   -36.74       -30.50     6.89   -36.75     0.043
   14.23    19.46    58.57        14.24    19.48    58.58     0.026
  -25.92    -4.08   -47.37       -25.91    -4.07   -47.38     0.021
   -5.92     0.59    50.24        -6.11     0.53    50.24     0.192
   -8.52    15.81    13.43        -8.53    15.83    13.42     0.025
   20.51   -16.62    -6.48        20.43   -16.44    -6.54     0.199
   36.20    13.14   -10.13        36.27    13.18   -10.15     0.083
   -1.91   -17.88   -36.48        -1.92   -17.87   -36.47     0.017
   30.74     4.58   -27.97        30.77     4.59   -28.00     0.048
   11.18    -6.56    52.48        11.17    -6.52    52.48     0.040
   18.13    14.17    62.39        18.13    14.16    62.39     0.008
   28.16     0.31    21.47        28.18     0.30    21.48     0.031
   25.52    23.64     3.79        25.55    23.71     3.80     0.080
    3.99    -2.56    63.43         3.99    -2.57    63.36     0.072
   -1.03   -16.46   -35.83        -1.07   -16.44   -35.80     0.055
    6.23    -4.36   -23.12         6.24    -4.36   -23.13     0.013
  -13.03    -6.65   -47.73       -13.03    -6.65   -47.73     0.009
    6.45     6.59    63.16         6.45     6.59    63.16     0.006
   10.58    24.79    14.95        10.58    24.89    14.97     0.105
  -22.82   -11.40   -48.78       -22.80   -11.42   -48.81     0.043
   16.74    -4.66    49.21        16.55    -4.46    49.21     0.279
  -11.25    22.71    19.28       -11.21    22.61    19.36     0.131
    3.04    -7.27    56.02         3.04    -7.26    56.02     0.008
  -14.53   -23.72   -43.42       -14.52   -23.73   -43.43     0.025
   -6.39    15.52    43.24        -6.52    15.55    43.28     0.137
  -23.39     6.62   -40.90       -23.39     6.59   -40.86     0.057
   -7.82   -11.34   -45.03        -7.81   -11.34   -45.04     0.015
  -14.13     8.72   -36.99       -14.16     8.66   -36.97     0.068
   25.96   -12.13    -3.84        25.96   -12.13    -3.84     0.005
  -15.29     3.23    -4.47       -15.29     3.24    -4.47     0.012
   16.80    19.36    48.42        16.70    19.26    48.41     0.139
  -20.16    10.95   -34.97       -20.16    10.90   -34.93     0.064
   -2.88   -22.05   -16.94        -2.89   -22.04   -16.94     0.006
  -10.39    24.80    25.06       -10.39    24.79    25.07     0.008
   10.24    -6.72    54.95        10.25    -6.80    54.96     0.075
  -25.47     5.61   -41.16       -25.47     5.63   -41.18     0.034
   37.30    11.33    -8.36        37.33    11.34    -8.36     0.028
   14.04    22.38    33.94        14.03    22.41    33.95     0.037
    0.42   -14.45   -29.51         0.43   -14.45   -29.51     0.011
   12.19     3.03   -19.34        12.20     2.98   -19.26     0.093
   -0.37    23.73    26.21        -0.36    23.81    26.22     0.083
   35.87     6.70   -18.48        35.93     6.71   -18.50     0.059
   -2.33   -23.53   -28.58        -2.43   -23.43   -28.55     0.141
   -5.81   -19.23    -9.62        -5.83   -19.19    -9.66     0.055
   26.11    23.53    -8.02        26.14    23.61    -8.01     0.083
   14.77    27.05    -0.11        14.77    27.02    -0.10     0.025
    5.91   -14.37   -21.27         5.84   -14.30   -21.22     0.114
   28.03   -10.92    -8.77        27.99   -10.88    -8.78     0.053
  -10.53     9.75    32.17       -10.45     9.83    32.14     0.112
   -1.60    22.50    33.87        -1.62    22.39    33.84     0.120
    9.67    13.49   -10.18         9.65    13.51   -10.22     0.049
   -7.11   -23.84   -14.83        -7.11   -23.84   -14.82     0.005
   -6.24   -27.30   -25.10        -6.26   -27.27   -25.10     0.042
   34.83    14.15   -14.46        34.84    14.15   -14.46     0.007
    0.20    -4.76    63.46         0.19    -4.76    63.47     0.009
   12.32   -11.01   -19.72        12.35   -11.10   -19.80     0.124
    4.07    24.23    12.05         4.07    24.23    12.05     0.004
   -6.86     7.66    57.29        -6.88     7.67    57.29     0.023
   31.77    14.78    12.22        31.80    14.79    12.25     0.038
   -8.26    10.91     7.86        -8.18    10.83     7.89     0.118
   -3.75    10.38    -3.60        -3.78    10.44    -3.62     0.072
   19.54    17.44   -30.47        19.54    17.43   -30.45     0.024
   21.04   -13.12   -19.42        21.06   -13.10   -19.42     0.028
   -6.95   -21.67   -11.38        -7.01   -21.55   -11.45     0.156
  -35.80   -22.10   -14.01       -35.84   -22.14   -13.98     0.061
   25.68    -6.77    11.18        25.68    -6.70    11.16     0.073
   16.90    -3.64    56.74        16.80    -3.55    56.74     0.139
