400 PA5-E-Debug-Answer.txt 6
  -69.7610 -160.9929   75.4306  107.6799   48.1930  -20.8846
    9.90   -13.02   -18.73        10.01   -13.11   -18.78     0.148
   32.72    -2.21    26.79        32.77    -2.26    26.82     0.070
  -33.35    -0.56    -8.80       -33.39    -0.65    -8.93     0.161
   24.47    15.50    30.82        24.40    15.44    30.81     0.088
   12.75   -14.20     4.43        12.69   -14.26     4.49     0.105
  -43.05    -6.89   -17.90       -43.14    -6.91   -17.92     0.097
    0.30    18.77    50.58         0.26    18.86    50.58     0.105
   -3.16   -21.96   -28.57        -3.19   -21.94   -28.57     0.030
   29.72   -13.72   -11.63        29.72   -13.72   -11.63     0.007
  -14.58     7.74    -3.81       -14.67     7.93    -3.83     0.205
   20.59   -10.15   -15.50        20.58   -10.11   -15.47     0.045
  -25.07   -16.98    -5.16       -25.07   -16.98    -5.15     0.013
  -14.62    11.86    30.62       -14.64    11.86    30.63     0.029
  -30.69   -28.55   -18.56       -30.71   -28.62   -18.53     0.082
    6.93    23.57    -7.02         6.94    23.56    -7.01     0.008
    2.14    23.57    24.54         2.14    23.52    24.54     0.047
  -36.89   -13.45    -7.62       -36.83   -13.45    -7.66     0.070
   23.46    -9.30    14.10        23.47    -9.36    14.12     0.066
    9.14   -10.00    18.29         9.09    -9.88    18.26     0.127
   22.55    -0.12    56.62        22.55    -0.12    56.62     0.000
   -4.71   -24.15   -24.15        -4.71   -24.14   -24.15     0.015
   31.06    15.86   -26.07        31.14    15.91   -26.15     0.115
   18.66    -8.08    20.52        18.66    -8.11    20.53     0.029
  -37.29     4.97   -16.03       -37.28     4.97   -16.04     0.012
  -37.65     5.25   -27.90       -37.74     5.30   -27.93     0.112
  -17.54    -0.91   -43.79       -17.54    -0.91   -43.82     0.029
   -6.57     7.92   -19.16        -6.57     7.87   -19.15     0.053
  -11.82    23.70    22.98       -11.81    23.58    22.93     0.130
  -15.90   -29.37   -19.05       -15.93   -29.29   -19.07     0.089
  -10.08    -5.89   -42.14       -10.07    -5.89   -42.16     0.026
   30.15     6.47    34.90        30.10     6.46    34.88     0.055
    0.92     1.64    56.44         0.92     1.65    56.48     0.046
   30.26    -5.70    20.24        30.27    -5.73    20.25     0.024
   23.23    24.69    11.60        23.23    24.73    11.61     0.035
   44.70     3.88    11.63        44.65     3.89    11.62     0.054
   34.93    -2.65    21.11        34.82    -2.51    21.08     0.177
  -13.60   -23.29   -37.85       -13.60   -23.26   -37.82     0.040
   -8.04    16.05     6.27        -8.06    16.07     6.24     0.040
    9.14   -16.25   -14.84         9.10   -16.19   -14.83     0.077
   17.79     4.67   -19.53        17.82     4.66   -19.48     0.065
   24.95    -9.57    12.95        24.91    -9.42    12.92     0.152
  -32.93     4.82   -36.65       -32.94     4.86   -36.67     0.042
    6.47    20.33    50.53         6.47    20.32    50.53     0.015
  -32.88   -17.34   -42.91       -32.87   -17.32   -42.87     0.042
   -2.19    -7.78    55.09        -2.16    -7.71    55.09     0.073
   22.23    -6.31    42.60        22.29    -6.41    42.62     0.122
    5.38   -16.91   -21.51         5.48   -17.01   -21.54     0.140
   -4.20    -9.24   -39.74        -4.18    -9.25   -39.79     0.050
  -18.33    11.45   -18.88       -18.35    11.21   -18.85     0.239
   11.80   -15.12     2.29        11.75   -15.17     2.33     0.082
   33.98     0.74    28.25        34.01     0.73    28.26     0.033
   41.40    10.82    13.43        41.40    10.82    13.42     0.003
   -7.48     1.42   -36.85        -7.48     1.42   -36.86     0.017
   10.25    -8.57    38.90        10.26    -8.65    38.89     0.080
  -14.88     3.81    24.21       -14.94     3.80    24.22     0.056
  -11.88    10.48     0.52       -11.78    10.31     0.56     0.199
   -8.94   -23.50   -12.80        -8.93   -23.54   -12.79     0.043
   23.30    25.62   -17.31        23.28    25.55   -17.30     0.075
   21.55    14.39    47.33        21.44    14.23    47.26     0.205
   22.43    -5.64    48.21        22.34    -5.49    48.19     0.172
   -0.26    23.48    10.15        -0.27    23.50    10.15     0.019
   -8.96   -24.54   -31.00        -8.95   -24.58   -31.02     0.040
  -11.90     9.59    -1.80       -11.90     9.60    -1.80     0.008
  -16.24    10.98     6.62       -16.23    10.96     6.63     0.026
   28.15    24.11   -18.31        28.10    23.99   -18.30     0.125
    7.92   -10.91   -21.57         7.95   -10.92   -21.58     0.030
   26.84     7.76    45.55        26.71     7.73    45.51     0.149
   36.06    -7.86     2.72        36.03    -7.83     2.71     0.040
   37.91     1.71   -15.53        38.00     1.74   -15.58     0.108
  -18.17     6.98   -11.05       -18.20     7.04   -11.03     0.069
   25.06   -13.09   -14.46        25.01   -13.06   -14.50     0.068
   -0.31   -13.15     7.62        -0.31   -13.17     7.62     0.024
   -5.12    -6.46    49.22        -5.07    -6.38    49.21     0.096
   32.08   -10.51     0.21        32.13   -10.60     0.23     0.107
  -40.64    -8.63   -36.51       -40.61    -8.64   -36.50     0.033
   26.78    25.35    -4.53        26.76    25.28    -4.53     0.072
   -1.06    18.60    53.00        -1.04    18.56    53.00     0.045
  -21.59     5.99   -11.64       -21.60     6.00   -11.63     0.013
   -9.20   -26.85   -23.83        -9.14   -26.90   -23.81     0.079
   19.23    -7.01    48.39        19.29    -7.11    48.39     0.114
  -10.75    18.54     9.89       -10.76    18.55     9.87     0.024
  -19.89   -17.38    -4.94       -19.89   -17.41    -4.87     0.070
  -21.44    20.61    15.19       -21.45    20.63    15.18     0.022
  -24.68    11.79   -20.89       -24.69    11.82   -20.88     0.022
   -7.98    -7.84    26.23        -7.93    -7.75    26.22     0.096
  -17.87    -9.14   -45.82       -17.85    -9.12   -45.87     0.058
   38.91    15.53    15.23        38.90    15.52    15.23     0.007
   13.14   -16.42    -1.15        13.11   -16.48    -1.14     0.068
   11.46    24.05   -12.61        11.53    23.98   -12.56     0.100
  -21.82     2.31    -3.53       -21.85     2.34    -3.52     0.038
  -34.99   -21.26   -10.69       -35.06   -21.35   -10.59     0.149
   23.27   -11.23   -13.73        23.27   -11.23   -13.73     0.004
  -15.95   -15.37   -43.81       -15.93   -15.40   -43.86     0.062
  -38.15    -0.20   -36.60       -38.24    -0.14   -36.64     0.116
   44.00    10.19     6.92        44.11    10.23     6.93     0.111
  -18.84   -21.57    -7.32       -18.83   -21.59    -7.30     0.032
   -1.55   -19.77   -32.62        -1.66   -19.88   -32.66     0.161
   -8.74   -23.98   -32.63        -8.76   -23.92   -32.62     0.067
   15.93    -8.10    36.65        15.93    -8.10    36.65     0.002
    2.61    -9.13    35.42         2.61    -9.30    35.43     0.170
   -7.24    11.80    -2.69        -7.22    11.75    -2.68     0.048
    0.22    -6.59   -34.58         0.18    -6.62   -34.56     0.051
  -22.34   -15.98    -4.45       -22.33   -15.97    -4.53     0.078
  -36.75     6.34   -29.44       -36.66     6.27   -29.41     0.116
   -0.69   -13.36   -33.94        -0.68   -13.34   -33.98     0.047
   -2.72    -8.64    38.49        -2.77    -8.81    38.50     0.178
  -33.54   -27.23   -19.32       -33.64   -27.38   -19.30     0.181
   -0.61   -17.54    -4.59        -0.58   -17.61    -4.56     0.083
  -22.30    17.68    12.17       -22.28    17.65    12.20     0.047
   22.19    26.51     2.91        22.18    26.44     2.91     0.067
  -12.35     6.06    36.20       -12.34     6.06    36.19     0.011
  -32.79   -21.01   -40.76       -32.78   -21.00   -40.75     0.007
   21.18    24.03   -27.46        21.17    23.95   -27.40     0.100
   33.48    22.25     0.93        33.49    22.27     0.93     0.020
   -5.35   -15.64   -37.76        -5.34   -15.64   -37.76     0.008
  -24.64    10.85   -15.96       -24.65    10.94   -15.93     0.092
   43.07     8.94    12.71        43.13     8.96    12.75     0.074
   27.58   -14.47   -16.77        27.58   -14.44   -16.77     0.029
   20.44    20.47   -31.30        20.44    20.47   -31.32     0.020
   35.35    21.04     5.03        35.35    21.04     5.03     0.002
    1.47    21.93    31.22         1.47    21.95    31.23     0.017
  -17.24   -12.18   -45.14       -17.23   -12.18   -45.17     0.034
  -17.01     5.20    19.16       -16.94     5.19    19.13     0.073
    8.65    -9.04    21.52         8.63    -8.97    21.52     0.072
   -5.73   -22.92   -11.80        -5.72   -23.02   -11.78     0.102
   31.71    18.07   -24.15        31.73    18.09   -24.17     0.034
   34.35    17.28   -19.32        34.36    17.28   -19.32     0.015
   24.85   -14.92     0.44        24.87   -14.99     0.47     0.081
   40.83    12.39    14.52        40.82    12.39    14.52     0.006
   38.56    -5.12   -15.44        38.56    -5.12   -15.45     0.007
   27.15     4.49   -30.33        27.16     4.49   -30.35     0.018
   10.52    28.04     2.32        10.55    27.96     2.31     0.087
   40.10     2.17    17.85        40.17     2.15    17.90     0.089
   30.32    10.82    29.09        30.13    10.66    29.02     0.260
   27.13    10.46    38.08        27.17    10.48    38.08     0.039
   36.78     4.50   -18.97        36.87     4.48   -19.01     0.099
  -27.75   -25.74   -38.10       -27.74   -25.66   -38.02     0.114
  -16.30     6.50   -37.48       -16.30     6.55   -37.54     0.082
   10.96   -14.94     1.95        10.97   -14.91     1.94     0.034
  -41.48    -4.91   -14.71       -41.54    -4.89   -14.68     0.072
   -5.32   -21.06   -32.35        -5.24   -21.12   -32.41     0.113
  -26.43   -28.77   -15.69       -26.45   -28.87   -15.67     0.101
   30.23    -5.07    23.29        30.24    -5.08    23.29     0.024
   27.96    -3.07   -22.50        27.90    -3.14   -22.56     0.110
   11.77    12.30    56.95        11.76    12.29    56.96     0.022
    7.38    -8.77    31.19         7.40    -8.88    31.19     0.112
   30.92    23.55    -8.52        30.90    23.51    -8.52     0.046
  -13.99    -4.11    17.72       -13.93    -4.05    17.70     0.089
    0.98    20.02    39.74         0.97    20.08    39.75     0.060
   29.44    -7.40    15.48        29.38    -7.27    15.46     0.150
   36.63    -7.20     4.04        36.64    -7.21     4.04     0.018
   37.20    -6.84     5.33        37.14    -6.77     5.33     0.097
  -25.42    11.94   -23.47       -25.42    11.94   -23.47     0.009
  -23.08    -8.19   -47.30       -23.08    -8.18   -47.31     0.016
  -16.67    -0.80    18.70       -16.60    -0.74    18.68     0.089
  -12.57    -7.09    15.05       -12.57    -7.09    15.05     0.001
  -31.54     9.16   -14.70       -31.53     9.15   -14.71     0.016
    6.35    24.53    20.10         6.36    24.42    20.08     0.110
   28.49    -2.58    36.88        28.52    -2.60    36.89     0.037
   29.24    -0.97   -26.20        29.25    -0.95   -26.19     0.028
  -26.81   -11.76   -45.45       -26.81   -11.76   -45.44     0.008
   29.44    24.60     0.28        29.43    24.56     0.27     0.042
   23.02    19.96   -30.35        23.01    19.95   -30.34     0.019
   -9.48    -4.02   -41.79        -9.46    -4.01   -41.83     0.050
  -15.91    -6.00    11.57       -15.92    -6.00    11.57     0.007
  -31.21     2.77   -39.48       -31.23     2.83   -39.55     0.096
   -2.68    10.93    -9.67        -2.74    11.05    -9.71     0.142
  -11.12   -27.75   -24.89       -11.13   -27.72   -24.88     0.036
  -24.62    10.61   -32.09       -24.64    10.66   -32.11     0.056
  -40.18   -16.20   -13.45       -40.19   -16.20   -13.42     0.029
   28.04     0.92    42.56        28.18     0.91    42.62     0.149
   -2.36   -18.95   -32.55        -2.41   -18.96   -32.57     0.050
    4.31    -9.03    35.89         4.32    -9.21    35.89     0.173
   -1.72    18.12    50.92        -1.74    18.18    50.92     0.068
  -24.66    11.18   -17.30       -24.66    11.15   -17.31     0.027
   22.80     9.17    56.13        22.84     9.20    56.17     0.064
   -1.28   -13.44   -34.43        -1.32   -13.44   -34.38     0.064
  -41.62   -15.99   -20.98       -41.60   -15.98   -20.97     0.026
  -14.10   -27.39   -32.87       -14.13   -27.32   -32.85     0.074
   14.28    -4.52   -19.48        14.28    -4.53   -19.50     0.021
   26.33    -1.05   -23.38        26.33    -1.05   -23.38     0.004
  -21.22     6.01   -11.36       -21.24     6.02   -11.34     0.024
  -25.60     8.36   -36.54       -25.58     8.32   -36.51     0.047
  -14.77     8.65     0.91       -14.75     8.62     0.91     0.037
  -22.18     8.84   -13.04       -22.19     8.86   -13.03     0.024
   18.31    26.33    11.21        18.29    26.27    11.20     0.063
  -22.22   -21.52   -41.61       -22.21   -21.52   -41.60     0.005
  -20.36    12.95     9.06       -20.36    12.96     9.03     0.025
   25.02     4.46    53.15        24.98     4.46    53.13     0.050
  -40.61   -18.19   -27.49       -40.51   -18.14   -27.48     0.111
   -0.38     8.73   -14.83        -0.37     8.84   -14.88     0.121
   23.15    10.54    53.77        23.09    10.52    53.75     0.064
  -12.65    16.58     9.24       -12.64    16.57     9.28     0.042
   17.27   -10.61    13.21        17.27   -10.56    13.18     0.054
   33.32     9.03    25.04        33.29     9.02    25.04     0.025
   -8.52    -9.26    17.84        -8.51    -9.25    17.83     0.018
   17.64    -8.52    42.53        17.63    -8.45    42.54     0.071
  -26.84   -30.04   -18.24       -26.83   -30.00   -18.24     0.051
  -20.34    -9.84   -46.66       -20.31    -9.89   -46.59     0.093
   24.91     8.42    50.46        25.08     8.51    50.51     0.198
   14.05    27.72     5.39        14.05    27.71     5.39     0.014
   37.49     1.43    21.34        37.37     1.47    21.24     0.163
    8.46   -16.38    -9.03         8.46   -16.35    -9.04     0.024
    1.44    -2.85   -24.50         1.38    -2.90   -24.44     0.103
    3.15    15.01    57.22         3.15    15.01    57.24     0.022
  -19.05     2.65   -41.27       -19.04     2.70   -41.33     0.078
   -7.42   -22.22    -7.76        -7.42   -22.26    -7.72     0.055
  -36.47     6.88   -28.34       -36.54     6.93   -28.36     0.090
   10.89    21.99    37.46        10.88    22.06    37.50     0.080
  -11.68     9.46    35.91       -11.81     9.46    35.95     0.136
  -13.84    13.15     7.31       -13.84    13.16     7.29     0.023
    5.59    16.32    -9.38         5.61    16.33    -9.34     0.050
   -2.35   -14.81     2.55        -2.36   -14.94     2.61     0.141
  -16.12     8.51   -35.47       -16.12     8.50   -35.47     0.013
  -40.82   -17.51   -14.33       -40.84   -17.51   -14.30     0.040
   26.93     2.01    46.85        26.90     2.01    46.84     0.034
  -12.71   -28.63   -23.62       -12.74   -28.54   -23.64     0.096
  -38.67   -23.41   -19.90       -38.54   -23.33   -19.90     0.149
   14.16    -8.10    34.19        14.16    -8.10    34.19     0.003
  -23.81    -6.16    -1.31       -23.79    -6.16    -1.32     0.017
   -7.84    -4.36    50.18        -7.82    -4.34    50.18     0.018
  -40.38   -19.35   -21.70       -40.37   -19.35   -21.70     0.004
   11.88   -12.29   -17.46        11.82   -12.27   -17.41     0.085
  -27.54   -27.44   -12.88       -27.56   -27.61   -12.81     0.182
   21.63    13.89    49.27        21.63    13.90    49.27     0.014
   -9.79   -25.15   -16.68        -9.80   -25.13   -16.70     0.027
   18.09    25.80   -16.46        18.10    25.72   -16.45     0.086
    8.11    27.16     5.54         8.13    27.10     5.53     0.061
   -7.93   -10.34    15.57        -7.85   -10.24    15.55     0.128
  -10.40     8.85    42.14       -10.49     8.88    42.15     0.093
   -5.41     7.13   -20.52        -5.41     7.13   -20.52     0.001
   -3.49    -8.47    38.53        -3.53    -8.62    38.53     0.155
  -41.97   -11.94   -14.75       -41.95   -11.94   -14.75     0.018
  -14.82    10.55   -16.05       -14.84    10.51   -16.06     0.042
  -17.02    10.49   -28.63       -17.00    10.52   -28.63     0.034
  -41.24   -15.85   -24.81       -41.16   -15.84   -24.81     0.075
   -0.24    22.35    28.79        -0.25    22.43    28.82     0.083
   13.58    19.46    51.24        13.57    19.45    51.24     0.015
  -22.39     0.54   -44.03       -22.38     0.57   -44.08     0.060
   19.11     1.83    57.04        19.12     1.82    57.08     0.042
   36.80    -7.31     6.10        36.73    -7.25     6.11     0.086
   27.77     8.00    41.87        27.60     7.95    41.83     0.183
   29.46    -6.59    18.47        29.48    -6.62    18.47     0.030
  -37.68   -24.13   -24.88       -37.66   -24.12   -24.87     0.022
  -40.25   -19.77   -20.33       -40.33   -19.80   -20.34     0.080
   21.67     1.83    56.60        21.67     1.84    56.56     0.044
  -22.02    14.45    17.06       -22.35    14.46    17.12     0.331
  -16.29     8.82     4.05       -16.24     8.77     4.07     0.070
  -20.47    21.81    15.72       -20.48    21.83    15.70     0.026
  -22.72     8.50   -12.82       -22.71     8.49   -12.86     0.038
   26.59   -11.28     6.48        26.59   -11.29     6.48     0.008
   -8.53    12.15    45.57        -8.53    12.15    45.57     0.003
    7.26    -4.01    57.33         7.26    -4.01    57.31     0.024
    3.85    -9.15    40.46         3.85    -9.24    40.46     0.092
   -4.28    -8.44    38.85        -4.28    -8.46    38.85     0.017
  -22.25    12.52    15.61       -22.21    12.53    15.61     0.049
   -9.54   -24.48   -32.18        -9.64   -24.37   -32.15     0.154
   -6.55   -22.77   -32.23        -6.56   -22.75   -32.20     0.039
   -9.98    -2.71    36.23        -9.96    -2.70    36.23     0.022
   26.59    -6.18    29.22        26.52    -5.99    29.19     0.206
   20.59    26.55     5.04        20.59    26.56     5.04     0.011
   25.62     2.79   -29.20        25.61     2.78   -29.20     0.014
   27.33     0.50    44.75        27.34     0.50    44.75     0.010
   34.05    11.63    20.27        33.93    11.51    20.18     0.195
   15.70    24.63    24.42        15.69    24.83    24.43     0.207
   -8.01     4.13   -30.28        -8.00     4.15   -30.28     0.021
   31.87     6.74    30.39        31.95     6.78    30.43     0.092
    0.65    23.76    15.66         0.65    23.69    15.65     0.071
   20.75    15.48    44.89        20.76    15.49    44.89     0.020
   -8.36    -4.76    46.24        -8.30    -4.70    46.22     0.085
  -21.59    -2.40     2.85       -21.60    -2.40     2.85     0.003
    2.48    -0.37    56.92         2.48    -0.37    56.88     0.038
  -41.72    -8.29   -14.57       -41.72    -8.29   -14.57     0.001
  -32.04     5.41   -36.28       -32.06     5.43   -36.29     0.029
  -21.90   -11.50    -2.05       -21.93   -11.53    -1.99     0.066
   -4.27   -12.05   -38.56        -4.29   -12.05   -38.55     0.016
  -35.50     3.02   -12.18       -35.48     2.98   -12.22     0.058
   12.76    17.13   -25.70        12.77    17.14   -25.70     0.014
  -30.28   -25.32   -11.95       -30.30   -25.34   -11.94     0.028
  -26.76     9.33   -33.99       -26.78     9.37   -34.01     0.050
  -10.08    12.97     3.74       -10.06    12.95     3.75     0.025
   33.74     9.99   -26.48        33.83    10.00   -26.53     0.106
   15.71    -8.18    32.03        15.70    -8.10    32.03     0.085
   24.16   -14.92   -11.56        24.15   -14.96   -11.54     0.047
   28.70    -5.29    26.66        28.69    -5.28    26.66     0.020
   -0.26   -16.82   -35.05        -0.24   -16.84   -35.07     0.032
   16.98    17.21    49.75        16.90    17.09    49.74     0.146
   14.48    26.65    -9.12        14.48    26.64    -9.12     0.005
   41.95    -0.98     9.01        41.96    -0.99     9.01     0.015
  -13.22     4.52   -38.37       -13.25     4.50   -38.35     0.036
   28.07    24.10   -18.14        28.04    24.03   -18.14     0.078
   12.95    -9.21    47.70        12.93    -8.92    47.70     0.283
  -13.51     9.92     2.75       -13.57    10.03     2.71     0.133
   13.84   -13.72     6.55        13.82   -13.81     6.58     0.104
   32.82    22.88     3.82        32.84    22.91     3.82     0.037
    4.25    20.37    43.96         4.24    20.46    43.97     0.096
   36.34     5.41   -20.92        36.34     5.41   -20.92     0.001
   35.21     5.13    25.23        35.05     5.09    25.15     0.186
   38.30    -4.51     3.49        38.25    -4.47     3.51     0.065
   24.66    -1.24    52.50        24.63    -1.24    52.50     0.036
    5.81    21.87    35.10         5.83    21.83    35.10     0.043
  -39.92   -19.39   -27.69       -39.85   -19.35   -27.69     0.082
   15.72   -17.09    -0.61        15.71   -17.12    -0.61     0.023
   -3.30   -22.30   -28.18        -3.33   -22.28   -28.18     0.040
  -19.61    17.29    24.81       -19.56    17.28    24.78     0.056
  -13.47   -25.50   -35.90       -13.45   -25.55   -35.93     0.064
  -23.18    10.42   -32.91       -23.18    10.38   -32.89     0.042
   -8.29    -4.17    49.51        -8.20    -4.07    49.50     0.131
   36.00    18.31    12.68        36.03    18.31    12.67     0.030
   21.83    27.02    -3.81        21.80    26.91    -3.80     0.113
   -7.37   -24.04   -16.56        -7.37   -24.06   -16.55     0.029
  -14.94     8.39     0.05       -14.88     8.29     0.08     0.122
   -3.65   -18.19   -34.90        -3.69   -18.14   -34.86     0.075
   37.00    18.15    -7.71        36.97    18.12    -7.70     0.041
  -39.53     4.40   -21.17       -39.49     4.37   -21.16     0.047
   12.18    19.15   -25.15        12.18    19.15   -25.15     0.001
   -1.57   -21.45   -25.92        -1.69   -21.37   -25.94     0.149
  -23.19    14.70    11.44       -23.12    14.70    11.44     0.073
   38.00     5.21    20.05        38.02     5.21    20.06     0.023
   -3.22   -21.95   -28.30        -3.17   -21.99   -28.31     0.059
   16.07   -17.44    -3.40        16.10   -17.32    -3.40     0.130
   15.65    16.92   -33.22        15.65    16.92   -33.22     0.004
  -38.07    -9.74    -9.14       -38.08    -9.74    -9.14     0.004
   24.80   -17.38    -6.17        24.82   -17.40    -6.16     0.027
   -2.98   -13.59     6.70        -2.98   -13.61     6.70     0.019
  -32.73    -6.76    -5.02       -32.72    -6.76    -5.03     0.008
   14.29    -8.22    40.69        14.31    -8.50    40.68     0.278
  -14.12   -28.53   -28.48       -14.10   -28.58   -28.49     0.044
   10.37    -8.52   -20.21        10.38    -8.52   -20.23     0.024
   10.72    -7.05    56.73        10.72    -7.06    56.75     0.022
   25.30    -9.63   -17.41        25.31    -9.59   -17.38     0.053
    1.62    16.08    56.85         1.62    16.08    56.85     0.001
  -36.01     5.08   -32.82       -36.06     5.14   -32.84     0.085
    3.03    23.93     2.62         3.04    23.92     2.62     0.017
  -34.11     9.85   -23.97       -34.12     9.87   -23.97     0.021
  -11.14     0.80    51.09       -10.99     0.82    51.10     0.152
  -27.99   -28.95   -32.35       -27.98   -28.92   -32.34     0.029
   -9.11    -6.92   -41.79        -9.13    -6.92   -41.72     0.068
  -19.67   -23.19    -8.20       -19.67   -23.19    -8.20     0.004
   27.21     8.82    42.48        27.14     8.78    42.47     0.082
   40.89    14.26    -3.10        40.90    14.27    -3.11     0.018
  -37.86     6.48   -23.69       -37.82     6.46   -23.69     0.045
  -36.36   -12.42   -42.97       -36.35   -12.42   -42.97     0.010
   -3.53     1.61   -25.47        -3.53     1.61   -25.47     0.003
    4.97    23.09    -4.56         4.99    23.08    -4.55     0.025
   -0.13   -18.51   -33.07        -0.13   -18.51   -33.07     0.001
  -37.59    -4.32    -8.66       -37.58    -4.33    -8.67     0.013
  -19.62    10.78   -31.61       -19.62    10.79   -31.61     0.004
   -8.74     8.93   -14.10        -8.74     8.99   -14.10     0.059
  -35.52   -25.38   -16.60       -35.52   -25.38   -16.60     0.003
  -31.73   -24.30   -11.40       -31.69   -24.23   -11.45     0.098
   -8.08     5.83   -26.06        -8.12     5.80   -26.04     0.054
   -9.32    11.18    52.50        -9.42    11.25    52.49     0.122
  -11.11    16.34    33.68       -11.19    16.43    33.82     0.189
  -21.04     7.93    12.00       -20.88     8.00    12.05     0.180
    5.89    23.13    -5.98         5.80    23.17    -6.03     0.110
   39.90    14.93    -6.71        39.89    14.92    -6.71     0.019
    9.05    -6.10    57.09         9.05    -6.10    57.09     0.004
   17.44     2.67   -19.62        17.43     2.67   -19.63     0.007
   -8.12   -25.22   -19.05        -8.14   -25.16   -19.07     0.060
   15.51    12.34   -25.27        15.47    12.31   -25.29     0.053
   23.36   -14.83     1.90        23.39   -14.90     1.93     0.081
  -11.22     1.13    41.62       -11.32     1.10    41.63     0.104
  -17.39    -9.39   -45.72       -17.36    -9.35   -45.80     0.097
  -39.10   -21.61   -16.27       -39.10   -21.61   -16.27     0.000
  -33.46    10.03   -26.40       -33.41     9.95   -26.39     0.097
   27.00    -8.94   -19.96        27.00    -8.94   -19.96     0.008
   24.56    -0.80    52.54        24.70    -0.83    52.57     0.146
  -13.47    -6.55    15.16       -13.39    -6.45    15.09     0.147
  -42.48    -8.24   -15.30       -42.48    -8.24   -15.30     0.000
  -39.06     4.25   -25.26       -39.07     4.26   -25.26     0.013
   16.12    25.41    18.58        16.12    25.30    18.57     0.104
    7.42    -9.08    41.38         7.42    -9.08    41.38     0.007
  -11.88   -26.64   -31.13       -11.90   -26.62   -31.12     0.025
   -8.47   -25.37   -19.30        -8.45   -25.40   -19.29     0.039
   -1.38   -12.89    10.29        -1.38   -12.94    10.30     0.053
   -4.20   -23.61   -23.77        -4.16   -23.66   -23.76     0.066
   -8.39   -22.64    -8.25        -8.38   -22.55    -8.27     0.094
  -27.87   -18.60    -5.64       -27.87   -18.61    -5.71     0.069
  -22.88    10.73   -32.11       -22.88    10.70   -32.10     0.035
   29.40    -6.73    18.00        29.41    -6.76    18.01     0.033
  -31.05   -28.07   -31.01       -31.07   -28.13   -31.03     0.069
    2.11    19.83    -2.48         2.22    19.78    -2.40     0.138
   20.93   -16.37   -10.28        20.96   -16.37   -10.22     0.058
   40.15     3.41    18.26        40.17     3.42    18.28     0.032
   15.23    -8.33    53.90        15.27    -8.44    53.90     0.113
   32.25    11.55    22.89        32.36    11.63    22.95     0.146
  -14.75     3.30    24.81       -14.74     3.30    24.81     0.009
  -14.19    22.95    23.82       -14.18    22.90    23.79     0.062
  -37.88   -20.83   -35.47       -37.90   -20.84   -35.48     0.020
   35.91    -8.01     3.06        35.87    -7.97     3.06     0.045
    3.68   -18.72   -10.75         3.68   -18.73   -10.75     0.013
  -38.29   -15.81   -11.11       -38.31   -15.82   -11.10     0.027
  -30.22     8.63   -33.81       -30.16     8.55   -33.78     0.109
  -20.26    12.45    22.96       -20.33    12.44    22.98     0.073
    7.78    26.87     5.78         7.75    26.99     5.79     0.114
  -17.81    -6.80   -45.21       -17.79    -6.81   -45.24     0.037
   -4.61    22.78    26.39        -4.61    22.81    26.40     0.024
   10.98    -9.35    56.05        10.94    -9.06    55.96     0.308
  -22.33    20.08    16.89       -22.18    20.03    16.87     0.165
