150 PA5-D-Debug-Output.txt 6
  -51.8790  158.7245   32.7718   86.9914 -115.2780   32.8219
  -37.46   -23.44   -37.35       -37.46   -23.44   -37.35     0.000
   23.62    14.41   -19.90        23.62    14.41   -19.90     0.000
    1.16    23.46    10.50         1.16    23.46    10.50     0.000
   22.55     0.52   -28.64        22.55     0.52   -28.64     0.000
    3.60    12.26   -15.32         3.60    12.26   -15.32     0.000
  -36.01     3.59   -29.49       -36.01     3.59   -29.49     0.000
   -9.50    20.35    37.47        -9.50    20.35    37.47     0.000
    0.70    27.28    35.15         0.70    27.28    35.15     0.000
  -22.63     1.43   -48.41       -22.63     1.43   -48.41     0.000
   32.77    -3.24    -0.90        32.77    -3.24    -0.90     0.000
   31.38    -7.51    -6.49        31.38    -7.51    -6.49     0.000
  -13.03    23.46    37.12       -13.03    23.46    37.12     0.000
  -14.47     5.96   -14.20       -14.47     5.96   -14.20     0.000
   -3.29   -22.53   -35.32        -3.29   -22.53   -35.32     0.000
   23.04    -3.16    62.61        23.04    -3.16    62.61     0.000
   11.42    24.15    39.37        11.42    24.15    39.37     0.000
   17.37    -4.73    38.98        17.37    -4.73    38.98     0.000
   32.43    -4.69     5.60        32.43    -4.69     5.60     0.000
   14.43    -6.58     9.36        14.43    -6.58     9.36     0.000
   -9.86   -29.29   -37.36        -9.86   -29.29   -37.36     0.000
  -17.36    -3.41   -51.45       -17.36    -3.41   -51.45     0.000
  -27.83     9.16   -30.30       -27.83     9.16   -30.30     0.000
   -4.28     4.62    38.13        -4.28     4.62    38.13     0.000
  -35.63   -24.99   -27.26       -35.63   -24.99   -27.26     0.000
  -22.93     8.57   -23.13       -22.93     8.57   -23.13     0.000
   28.74    -3.19    26.17        28.74    -3.19    26.17     0.000
  -26.25    -4.78   -49.74       -26.25    -4.78   -49.74     0.000
  -36.85    -0.17   -24.84       -36.85    -0.17   -24.84     0.000
  -13.12   -26.27   -17.90       -13.12   -26.27   -17.90     0.000
   31.00     9.31    -8.21        31.00     9.31    -8.21     0.000
  -28.37   -26.46   -18.90       -28.37   -26.46   -18.90     0.000
   20.46    18.69    34.30        20.46    18.69    34.30     0.000
   -3.24   -12.39   -44.09        -3.24   -12.39   -44.09     0.000
   -1.39   -15.10   -40.07        -1.39   -15.10   -40.07     0.000
   25.56     4.32   -25.13        25.56     4.32   -25.13     0.000
  -17.06     8.91   -24.90       -17.06     8.91   -24.90     0.000
   22.42   -12.26    -7.76        22.42   -12.26    -7.76     0.000
    2.88   -12.06     9.21         2.88   -12.06     9.21     0.000
  -16.82   -12.77   -52.27       -16.82   -12.77   -52.27     0.000
  -15.63    -7.39    -0.24       -15.63    -7.39    -0.24     0.000
   16.98    -4.81    30.15        16.98    -4.81    30.15     0.000
   29.78    -0.07    29.49        29.78    -0.07    29.49     0.000
   32.28     7.22    -7.85        32.28     7.22    -7.85     0.000
  -38.58   -15.96   -48.25       -38.58   -15.96   -48.25     0.000
   -7.74    -0.10    23.23        -7.74    -0.10    23.23     0.000
   -8.18   -27.44   -38.76        -8.18   -27.44   -38.76     0.000
   23.67    16.99    21.16        23.67    16.99    21.16     0.000
  -13.49   -26.12   -17.65       -13.49   -26.12   -17.65     0.000
  -26.36   -13.51   -11.34       -26.36   -13.51   -11.34     0.000
   12.95    10.91    61.36        12.95    10.91    61.36     0.000
    9.50    -3.09   -18.97         9.50    -3.09   -18.97     0.000
   -9.22    18.14    35.34        -9.22    18.14    35.34     0.000
  -26.44   -26.94   -17.86       -26.44   -26.94   -17.86     0.000
   28.21   -10.15     3.42        28.21   -10.15     3.42     0.000
   31.08    11.28    -5.22        31.08    11.28    -5.22     0.000
   -9.60    -1.67    15.10        -9.60    -1.67    15.10     0.000
   13.29    -2.07   -20.13        13.29    -2.07   -20.13     0.000
  -36.44   -13.70   -47.06       -36.44   -13.70   -47.06     0.000
    4.13    18.97    -6.75         4.13    18.97    -6.75     0.000
  -29.93     8.58   -26.54       -29.93     8.58   -26.54     0.000
  -42.88    -4.96   -35.65       -42.88    -4.96   -35.65     0.000
  -36.60    -4.25   -20.15       -36.60    -4.25   -20.15     0.000
   -2.16     0.20   -24.38        -2.16     0.20   -24.38     0.000
  -14.31    -4.33     4.75       -14.31    -4.33     4.75     0.000
   33.80    -4.55    11.12        33.80    -4.55    11.12     0.000
   15.25    23.73    28.66        15.25    23.73    28.66     0.000
    3.99    26.70    17.37         3.99    26.70    17.37     0.000
  -31.52     3.71   -41.50       -31.52     3.71   -41.50     0.000
    3.96    27.70    23.49         3.96    27.70    23.49     0.000
   18.63    20.72    30.69        18.63    20.72    30.68     0.000
  -14.62     4.94     0.59       -14.62     4.94     0.59     0.000
   -1.50    -3.23   -32.98        -1.50    -3.23   -32.98     0.000
   25.28    -8.20    10.88        25.28    -8.20    10.88     0.000
  -23.75   -10.57   -52.21       -23.75   -10.57   -52.21     0.000
   15.62    18.85    60.76        15.62    18.85    60.76     0.000
  -41.56   -11.58   -26.00       -41.56   -11.58   -26.00     0.000
  -39.08    -0.02   -33.52       -39.08    -0.02   -33.52     0.000
    4.42    -9.92   -21.26         4.42    -9.92   -21.26     0.000
  -19.21   -24.13   -48.45       -19.21   -24.13   -48.45     0.000
   -1.69   -12.21    12.38        -1.69   -12.21    12.38     0.000
   25.92    13.57    46.13        25.92    13.57    46.13     0.000
    5.77     9.88   -14.30         5.77     9.88   -14.30     0.000
  -33.68   -24.71   -38.99       -33.68   -24.71   -38.99     0.000
   -2.12    14.29     0.01        -2.12    14.29     0.01     0.000
   22.47    19.09    19.14        22.47    19.09    19.14     0.000
  -15.78   -27.99   -19.12       -15.78   -27.99   -19.12     0.000
  -18.17    -7.54    -4.08       -18.17    -7.54    -4.08     0.000
  -23.73   -31.99   -26.66       -23.73   -31.99   -26.66     0.000
   -1.18    -1.80    53.72        -1.18    -1.80    53.72     0.000
  -20.12   -25.66   -15.30       -20.12   -25.66   -15.30     0.000
  -28.10   -17.86   -48.81       -28.10   -17.86   -48.81     0.000
   -2.94   -12.13     5.11        -2.94   -12.13     5.11     0.000
  -25.27    -8.98   -10.03       -25.27    -8.98   -10.03     0.000
  -39.17   -22.53   -38.12       -39.17   -22.53   -38.12     0.000
   35.50    -1.39    10.47        35.50    -1.39    10.47     0.000
   -6.84    10.73    -2.46        -6.84    10.73    -2.46     0.000
  -30.43   -29.28   -29.89       -30.43   -29.28   -29.89     0.000
   24.91    14.90    26.22        24.91    14.90    26.22     0.000
  -38.21   -22.54   -37.61       -38.21   -22.54   -37.61     0.000
   -5.32     7.89    -9.18        -5.32     7.89    -9.18     0.000
  -40.77    -4.75   -37.46       -40.77    -4.75   -37.46     0.000
   -7.07     6.91   -25.70        -7.07     6.91   -25.70     0.000
   -7.47    10.17    -2.42        -7.47    10.17    -2.42     0.000
  -32.49    -7.93   -47.03       -32.49    -7.93   -47.03     0.000
   14.50    24.73    21.12        14.50    24.73    21.12     0.000
   -0.10     7.05   -11.36        -0.10     7.05   -11.36     0.000
   11.15   -14.94   -11.01        11.15   -14.94   -11.01     0.000
  -15.63     9.39   -32.33       -15.63     9.39   -32.33     0.000
  -10.61     8.18   -28.49       -10.61     8.18   -28.49     0.000
  -23.74     4.12   -18.56       -23.74     4.12   -18.56     0.000
   31.20     3.47   -12.75        31.20     3.47   -12.75     0.000
  -39.31    -1.49   -36.50       -39.31    -1.49   -36.50     0.000
   18.54    -5.44    23.01        18.54    -5.44    23.01     0.000
  -25.33    -7.35   -10.33       -25.33    -7.35   -10.33     0.000
    0.78    20.87    54.13         0.78    20.87    54.13     0.000
   -1.51     8.53   -10.06        -1.51     8.53   -10.06     0.000
   20.81    -4.75    54.65        20.81    -4.75    54.65     0.000
  -32.75   -25.54   -21.67       -32.75   -25.54   -21.67     0.000
    3.08    17.48   -11.21         3.08    17.48   -11.21     0.000
  -38.38     0.43   -31.36       -38.38     0.43   -31.36     0.000
   -3.17    -0.47    46.62        -3.17    -0.47    46.62     0.000
   28.45    10.18    30.36        28.45    10.18    30.36     0.000
   -0.71   -19.65   -17.48        -0.71   -19.65   -17.48     0.000
   -6.21     6.57    27.78        -6.21     6.57    27.78     0.000
   -3.45     8.90    45.17        -3.45     8.90    45.17     0.000
  -39.80    -3.13   -36.86       -39.80    -3.13   -36.86     0.000
   26.81     3.66    55.92        26.81     3.66    55.92     0.000
    6.13    -0.93   -16.70         6.13    -0.93   -16.70     0.000
   20.50    21.93    18.61        20.50    21.93    18.61     0.000
   18.80    19.85    53.05        18.80    19.85    53.05     0.000
   17.91    -5.90    16.12        17.91    -5.90    16.12     0.000
    2.78    14.95    -4.20         2.78    14.95    -4.20     0.000
   -3.45     7.50    45.24        -3.45     7.50    45.24     0.000
   22.44    20.54     0.29        22.44    20.54     0.29     0.000
    1.38    21.30     7.03         1.38    21.30     7.03     0.000
    0.79     2.08   -18.81         0.79     2.08   -18.81     0.000
  -35.32    -1.64   -41.60       -35.32    -1.64   -41.60     0.000
  -16.72     8.76   -38.72       -16.72     8.76   -38.72     0.000
   13.20    23.41    -1.70        13.20    23.41    -1.70     0.000
    4.05    -8.74    14.63         4.05    -8.74    14.63     0.000
   31.53     3.96    24.46        31.53     3.96    24.46     0.000
   12.98    24.65    29.35        12.98    24.65    29.35     0.000
   25.81     1.86    58.30        25.81     1.86    58.30     0.000
  -27.83     4.31   -21.23       -27.83     4.31   -21.23     0.000
   12.32    23.81    41.32        12.32    23.81    41.32     0.000
  -34.93   -25.36   -26.38       -34.93   -25.36   -26.38     0.000
   27.94    14.14    13.29        27.94    14.14    13.29     0.000
    8.24    20.98   -17.82         8.24    20.98   -17.82     0.000
  -16.39    -3.82     1.08       -16.39    -3.82     1.08     0.000
   21.04    19.18    48.66        21.04    19.18    48.66     0.000
