400 PA5-E-Debug-Output.txt 6
  -69.5753 -161.0949   75.2687  108.1199   47.7515  -20.8395
    9.90   -13.04   -18.73        10.00   -13.13   -18.77     0.147
   32.72    -2.23    26.80        32.76    -2.28    26.82     0.069
  -33.35    -0.56    -8.81       -33.38    -0.63    -8.94     0.153
   24.47    15.48    30.82        24.41    15.43    30.81     0.078
   12.74   -14.22     4.43        12.69   -14.26     4.47     0.075
  -43.06    -6.88   -17.91       -43.15    -6.90   -17.94     0.098
    0.30    18.76    50.57         0.26    18.87    50.58     0.112
   -3.17   -21.97   -28.57        -3.19   -21.96   -28.57     0.027
   29.72   -13.75   -11.62        29.71   -13.74   -11.62     0.012
  -14.58     7.74    -3.81       -14.67     7.94    -3.84     0.219
   20.59   -10.17   -15.49        20.57   -10.14   -15.47     0.049
  -25.08   -16.97    -5.17       -25.08   -16.98    -5.14     0.025
  -14.62    11.87    30.61       -14.66    11.86    30.64     0.049
  -30.70   -28.54   -18.57       -30.72   -28.62   -18.54     0.081
    6.95    23.55    -7.03         6.94    23.55    -7.04     0.013
    2.15    23.56    24.53         2.15    23.53    24.53     0.033
  -36.90   -13.44    -7.63       -36.83   -13.44    -7.67     0.079
   23.45    -9.32    14.10        23.46    -9.37    14.12     0.045
    9.13   -10.01    18.29         9.08    -9.88    18.25     0.142
   22.54    -0.13    56.62        22.54    -0.13    56.63     0.007
   -4.72   -24.16   -24.15        -4.73   -24.15   -24.15     0.018
   31.08    15.83   -26.07        31.15    15.87   -26.15     0.116
   18.65    -8.09    20.52        18.65    -8.11    20.53     0.011
  -37.28     4.98   -16.04       -37.28     4.98   -16.05     0.010
  -37.64     5.25   -27.91       -37.73     5.30   -27.94     0.106
  -17.53    -0.92   -43.80       -17.53    -0.92   -43.81     0.017
   -6.56     7.91   -19.17        -6.56     7.86   -19.16     0.045
  -11.81    23.70    22.97       -11.80    23.60    22.92     0.109
  -15.91   -29.37   -19.05       -15.94   -29.30   -19.07     0.080
  -10.08    -5.90   -42.14       -10.07    -5.90   -42.16     0.017
   30.15     6.45    34.91        30.12     6.44    34.89     0.034
    0.91     1.64    56.43         0.90     1.65    56.48     0.049
   30.25    -5.73    20.25        30.26    -5.74    20.25     0.017
   23.24    24.67    11.60        23.25    24.72    11.61     0.048
   44.70     3.84    11.64        44.64     3.86    11.63     0.056
   34.92    -2.67    21.11        34.81    -2.53    21.08     0.185
  -13.60   -23.30   -37.85       -13.61   -23.26   -37.82     0.049
   -8.03    16.05     6.26        -8.06    16.08     6.23     0.055
    9.13   -16.27   -14.84         9.09   -16.20   -14.83     0.083
   17.80     4.65   -19.53        17.82     4.64   -19.48     0.061
   24.94    -9.59    12.96        24.90    -9.43    12.92     0.170
  -32.92     4.83   -36.66       -32.92     4.85   -36.67     0.029
    6.47    20.33    50.53         6.47    20.32    50.53     0.009
  -32.88   -17.33   -42.91       -32.86   -17.32   -42.86     0.061
   -2.21    -7.78    55.09        -2.18    -7.71    55.09     0.078
   22.21    -6.33    42.61        22.28    -6.44    42.63     0.132
    5.37   -16.93   -21.51         5.47   -17.02   -21.54     0.137
   -4.19    -9.25   -39.75        -4.18    -9.26   -39.78     0.041
  -18.32    11.44   -18.89       -18.33    11.21   -18.86     0.233
   11.79   -15.13     2.29        11.76   -15.17     2.32     0.052
   33.97     0.72    28.25        34.01     0.70    28.27     0.043
   41.41    10.79    13.43        41.41    10.79    13.43     0.002
   -7.48     1.41   -36.85        -7.47     1.41   -36.86     0.009
   10.23    -8.58    38.90        10.24    -8.66    38.89     0.077
  -14.89     3.81    24.20       -14.95     3.81    24.22     0.064
  -11.87    10.48     0.51       -11.78    10.32     0.55     0.183
   -8.95   -23.50   -12.80        -8.95   -23.54   -12.79     0.039
   23.32    25.60   -17.31        23.31    25.54   -17.30     0.057
   21.55    14.37    47.33        21.45    14.23    47.27     0.185
   22.42    -5.65    48.22        22.33    -5.52    48.20     0.162
   -0.25    23.47    10.14        -0.27    23.51    10.14     0.041
   -8.97   -24.55   -31.00        -8.96   -24.58   -31.02     0.033
  -11.89     9.59    -1.81       -11.90     9.61    -1.81     0.024
  -16.24    10.98     6.61       -16.23    10.97     6.62     0.012
   28.17    24.08   -18.31        28.12    23.97   -18.30     0.113
    7.92   -10.93   -21.56         7.95   -10.94   -21.58     0.034
   26.84     7.74    45.55        26.72     7.71    45.52     0.126
   36.06    -7.89     2.72        36.03    -7.86     2.72     0.040
   37.91     1.68   -15.52        38.00     1.71   -15.58     0.109
  -18.17     6.98   -11.06       -18.19     7.05   -11.03     0.085
   25.06   -13.12   -14.45        24.99   -13.08   -14.50     0.091
   -0.32   -13.16     7.62        -0.32   -13.18     7.62     0.018
   -5.14    -6.46    49.21        -5.08    -6.37    49.21     0.101
   32.07   -10.54     0.22        32.12   -10.62     0.24     0.098
  -40.64    -8.63   -36.52       -40.58    -8.63   -36.50     0.056
   26.79    25.33    -4.53        26.78    25.27    -4.53     0.057
   -1.06    18.60    52.99        -1.04    18.56    53.00     0.040
  -21.58     6.00   -11.65       -21.60     6.00   -11.62     0.033
   -9.21   -26.86   -23.83        -9.15   -26.91   -23.80     0.088
   19.22    -7.02    48.39        19.28    -7.13    48.40     0.123
  -10.74    18.54     9.89       -10.75    18.55     9.86     0.025
  -19.90   -17.38    -4.94       -19.90   -17.42    -4.87     0.080
  -21.43    20.62    15.18       -21.45    20.65    15.15     0.045
  -24.67    11.80   -20.90       -24.68    11.82   -20.89     0.029
   -7.99    -7.84    26.23        -7.94    -7.75    26.22     0.099
  -17.87    -9.15   -45.82       -17.85    -9.12   -45.87     0.055
   38.91    15.49    15.24        38.91    15.50    15.24     0.002
   13.13   -16.44    -1.15        13.11   -16.48    -1.14     0.045
   11.48    24.03   -12.61        11.52    23.99   -12.58     0.066
  -21.82     2.31    -3.53       -21.85     2.35    -3.53     0.048
  -35.00   -21.25   -10.69       -35.08   -21.34   -10.60     0.147
   23.26   -11.26   -13.73        23.26   -11.25   -13.73     0.001
  -15.95   -15.37   -43.81       -15.94   -15.40   -43.85     0.050
  -38.15    -0.20   -36.61       -38.23    -0.14   -36.65     0.104
   44.01    10.15     6.93        44.12    10.20     6.93     0.123
  -18.85   -21.57    -7.33       -18.84   -21.60    -7.30     0.039
   -1.56   -19.78   -32.62        -1.65   -19.88   -32.66     0.141
   -8.74   -23.99   -32.63        -8.77   -23.92   -32.61     0.072
   15.92    -8.11    36.65        15.92    -8.11    36.65     0.004
    2.59    -9.14    35.42         2.60    -9.30    35.43     0.163
   -7.23    11.79    -2.70        -7.22    11.76    -2.69     0.032
    0.22    -6.61   -34.59         0.20    -6.63   -34.57     0.035
  -22.35   -15.98    -4.46       -22.34   -15.97    -4.52     0.067
  -36.75     6.34   -29.45       -36.65     6.27   -29.42     0.124
   -0.69   -13.37   -33.94        -0.68   -13.35   -33.99     0.058
   -2.74    -8.64    38.49        -2.78    -8.80    38.49     0.170
  -33.55   -27.22   -19.33       -33.65   -27.36   -19.31     0.171
   -0.63   -17.55    -4.59        -0.59   -17.62    -4.56     0.080
  -22.29    17.68    12.16       -22.28    17.67    12.17     0.025
   22.21    26.48     2.91        22.20    26.43     2.91     0.054
  -12.35     6.07    36.19       -12.35     6.06    36.19     0.002
  -32.79   -21.00   -40.77       -32.78   -20.99   -40.75     0.025
   21.20    24.00   -27.46        21.19    23.93   -27.41     0.082
   33.50    22.22     0.93        33.51    22.25     0.93     0.032
   -5.35   -15.65   -37.76        -5.35   -15.65   -37.76     0.003
  -24.63    10.85   -15.97       -24.64    10.95   -15.94     0.100
   43.07     8.91    12.71        43.13     8.92    12.76     0.075
   27.57   -14.50   -16.77        27.57   -14.47   -16.76     0.032
   20.45    20.44   -31.30        20.46    20.44   -31.31     0.010
   35.36    21.01     5.03        35.37    21.01     5.03     0.010
    1.48    21.93    31.22         1.47    21.96    31.23     0.031
  -17.24   -12.19   -45.14       -17.23   -12.19   -45.17     0.027
  -17.01     5.20    19.15       -16.95     5.19    19.12     0.062
    8.64    -9.05    21.53         8.62    -8.97    21.52     0.084
   -5.74   -22.93   -11.80        -5.73   -23.02   -11.78     0.091
   31.72    18.04   -24.15        31.75    18.05   -24.17     0.033
   34.37    17.24   -19.32        34.37    17.24   -19.32     0.006
   24.84   -14.95     0.44        24.86   -15.00     0.46     0.056
   40.83    12.36    14.53        40.82    12.36    14.52     0.014
   38.56    -5.16   -15.43        38.56    -5.16   -15.45     0.013
   27.16     4.46   -30.33        27.17     4.46   -30.35     0.021
   10.54    28.02     2.32        10.56    27.96     2.31     0.066
   40.09     2.14    17.85        40.16     2.12    17.91     0.085
   30.32    10.80    29.09        30.14    10.65    29.03     0.241
   27.13    10.44    38.08        27.18    10.47    38.08     0.060
   36.79     4.46   -18.97        36.86     4.44   -19.00     0.082
  -27.76   -25.74   -38.10       -27.74   -25.65   -38.02     0.127
  -16.29     6.49   -37.49       -16.29     6.54   -37.54     0.080
   10.95   -14.96     1.96        10.97   -14.91     1.93     0.060
  -41.48    -4.90   -14.72       -41.53    -4.88   -14.70     0.062
   -5.33   -21.08   -32.35        -5.24   -21.13   -32.41     0.115
  -26.44   -28.77   -15.70       -26.46   -28.86   -15.67     0.098
   30.22    -5.09    23.29        30.23    -5.11    23.30     0.021
   27.96    -3.10   -22.50        27.90    -3.17   -22.56     0.114
   11.76    12.30    56.94        11.76    12.29    56.96     0.018
    7.36    -8.77    31.19         7.38    -8.88    31.19     0.106
   30.94    23.52    -8.52        30.92    23.49    -8.52     0.034
  -14.00    -4.11    17.71       -13.94    -4.05    17.69     0.086
    0.98    20.02    39.74         0.97    20.09    39.75     0.072
   29.43    -7.43    15.49        29.37    -7.28    15.46     0.161
   36.62    -7.23     4.05        36.63    -7.24     4.05     0.016
   37.20    -6.87     5.34        37.13    -6.80     5.34     0.100
  -25.41    11.95   -23.48       -25.41    11.94   -23.48     0.006
  -23.08    -8.20   -47.30       -23.07    -8.19   -47.31     0.008
  -16.67    -0.79    18.70       -16.61    -0.74    18.68     0.084
  -12.58    -7.09    15.04       -12.58    -7.09    15.05     0.005
  -31.53     9.17   -14.71       -31.52     9.16   -14.73     0.019
    6.36    24.52    20.09         6.36    24.43    20.08     0.094
   28.48    -2.60    36.89        28.52    -2.63    36.89     0.046
   29.24    -1.00   -26.20        29.25    -0.98   -26.18     0.023
  -26.81   -11.76   -45.45       -26.80   -11.76   -45.43     0.029
   29.45    24.58     0.28        29.45    24.55     0.27     0.026
   23.03    19.93   -30.35        23.03    19.92   -30.33     0.023
   -9.48    -4.03   -41.79        -9.45    -4.02   -41.83     0.046
  -15.92    -6.00    11.57       -15.93    -6.00    11.57     0.008
  -31.21     2.77   -39.49       -31.22     2.82   -39.55     0.079
   -2.68    10.92    -9.67        -2.74    11.06    -9.72     0.161
  -11.14   -27.76   -24.89       -11.15   -27.73   -24.88     0.036
  -24.61    10.61   -32.10       -24.63    10.66   -32.12     0.057
  -40.19   -16.18   -13.46       -40.20   -16.19   -13.44     0.025
   28.03     0.90    42.56        28.18     0.89    42.63     0.168
   -2.37   -18.97   -32.55        -2.40   -18.97   -32.57     0.043
    4.30    -9.04    35.89         4.31    -9.21    35.89     0.166
   -1.72    18.12    50.92        -1.75    18.19    50.91     0.075
  -24.65    11.18   -17.31       -24.65    11.16   -17.32     0.023
   22.80     9.16    56.13        22.85     9.20    56.19     0.085
   -1.28   -13.46   -34.43        -1.32   -13.46   -34.39     0.054
  -41.63   -15.97   -20.99       -41.60   -15.96   -20.98     0.031
  -14.11   -27.40   -32.87       -14.14   -27.33   -32.85     0.076
   14.28    -4.54   -19.48        14.28    -4.55   -19.50     0.018
   26.33    -1.08   -23.37        26.33    -1.08   -23.38     0.002
  -21.21     6.02   -11.37       -21.24     6.02   -11.34     0.045
  -25.59     8.36   -36.55       -25.57     8.32   -36.52     0.051
  -14.77     8.65     0.90       -14.76     8.64     0.90     0.020
  -22.17     8.84   -13.05       -22.18     8.88   -13.03     0.036
   18.33    26.31    11.21        18.31    26.26    11.20     0.052
  -22.22   -21.53   -41.61       -22.22   -21.51   -41.60     0.018
  -20.35    12.96     9.05       -20.36    12.96     9.02     0.031
   25.01     4.45    53.15        24.99     4.45    53.14     0.030
  -40.61   -18.18   -27.49       -40.50   -18.13   -27.49     0.125
   -0.37     8.71   -14.83        -0.36     8.83   -14.88     0.127
   23.14    10.53    53.77        23.10    10.51    53.76     0.040
  -12.64    16.58     9.23       -12.63    16.57     9.26     0.038
   17.26   -10.63    13.21        17.26   -10.56    13.17     0.083
   33.32     9.01    25.05        33.31     9.00    25.04     0.007
   -8.53    -9.27    17.83        -8.52    -9.25    17.83     0.017
   17.62    -8.53    42.53        17.62    -8.46    42.54     0.074
  -26.86   -30.04   -18.24       -26.84   -29.99   -18.25     0.059
  -20.34    -9.85   -46.67       -20.31    -9.90   -46.59     0.101
   24.90     8.41    50.46        25.09     8.50    50.52     0.223
   14.06    27.70     5.39        14.06    27.71     5.39     0.003
   37.48     1.40    21.34        37.36     1.44    21.24     0.164
    8.45   -16.40    -9.03         8.45   -16.36    -9.03     0.034
    1.44    -2.87   -24.50         1.38    -2.91   -24.44     0.096
    3.15    15.01    57.21         3.15    15.00    57.24     0.025
  -19.04     2.64   -41.28       -19.03     2.69   -41.34     0.073
   -7.43   -22.23    -7.76        -7.43   -22.26    -7.72     0.051
  -36.46     6.89   -28.35       -36.53     6.93   -28.37     0.082
   10.90    21.98    37.46        10.89    22.05    37.50     0.086
  -11.68     9.46    35.90       -11.82     9.46    35.94     0.149
  -13.83    13.15     7.30       -13.84    13.17     7.27     0.036
    5.60    16.31    -9.39         5.62    16.31    -9.35     0.046
   -2.36   -14.82     2.55        -2.37   -14.94     2.60     0.133
  -16.11     8.50   -35.48       -16.11     8.50   -35.47     0.013
  -40.83   -17.49   -14.34       -40.85   -17.50   -14.32     0.030
   26.92     1.99    46.85        26.91     1.99    46.85     0.013
  -12.73   -28.64   -23.62       -12.76   -28.55   -23.63     0.092
  -38.68   -23.40   -19.91       -38.54   -23.31   -19.91     0.163
   14.15    -8.11    34.19        14.15    -8.11    34.19     0.004
  -23.81    -6.16    -1.32       -23.80    -6.16    -1.32     0.014
   -7.85    -4.35    50.18        -7.84    -4.34    50.18     0.021
  -40.38   -19.34   -21.71       -40.37   -19.34   -21.70     0.016
   11.88   -12.31   -17.46        11.82   -12.29   -17.41     0.079
  -27.56   -27.44   -12.88       -27.57   -27.60   -12.82     0.182
   21.62    13.87    49.27        21.64    13.90    49.27     0.034
   -9.80   -25.16   -16.68        -9.81   -25.14   -16.69     0.025
   18.11    25.78   -16.46        18.12    25.72   -16.46     0.059
    8.13    27.14     5.53         8.14    27.10     5.53     0.040
   -7.94   -10.34    15.57        -7.86   -10.24    15.55     0.128
  -10.41     8.85    42.13       -10.50     8.88    42.16     0.105
   -5.41     7.12   -20.52        -5.41     7.12   -20.53     0.005
   -3.51    -8.47    38.53        -3.54    -8.61    38.53     0.147
  -41.97   -11.93   -14.76       -41.95   -11.92   -14.77     0.029
  -14.81    10.54   -16.05       -14.82    10.52   -16.06     0.025
  -17.01    10.48   -28.64       -16.99    10.52   -28.64     0.046
  -41.24   -15.84   -24.82       -41.14   -15.83   -24.82     0.096
   -0.23    22.35    28.78        -0.25    22.44    28.82     0.099
   13.58    19.45    51.24        13.57    19.45    51.24     0.008
  -22.38     0.53   -44.04       -22.37     0.56   -44.08     0.050
   19.10     1.82    57.04        19.11     1.81    57.10     0.056
   36.79    -7.34     6.10        36.73    -7.29     6.12     0.084
   27.77     7.98    41.87        27.62     7.93    41.84     0.160
   29.46    -6.62    18.47        29.47    -6.64    18.48     0.022
  -37.69   -24.12   -24.88       -37.66   -24.10   -24.88     0.036
  -40.26   -19.76   -20.34       -40.33   -19.78   -20.34     0.067
   21.66     1.82    56.60        21.66     1.82    56.56     0.038
  -22.02    14.46    17.05       -22.38    14.46    17.11     0.364
  -16.28     8.82     4.05       -16.25     8.78     4.05     0.052
  -20.46    21.82    15.70       -20.49    21.85    15.68     0.049
  -22.71     8.50   -12.83       -22.70     8.50   -12.85     0.021
   26.58   -11.30     6.49        26.58   -11.29     6.47     0.021
   -8.54    12.16    45.56        -8.54    12.16    45.56     0.009
    7.25    -4.01    57.33         7.25    -4.01    57.31     0.021
    3.84    -9.15    40.46         3.84    -9.24    40.46     0.087
   -4.29    -8.45    38.84        -4.29    -8.45    38.84     0.010
  -22.25    12.53    15.60       -22.23    12.53    15.60     0.021
   -9.55   -24.49   -32.18        -9.65   -24.38   -32.15     0.152
   -6.56   -22.78   -32.23        -6.57   -22.76   -32.20     0.044
   -9.99    -2.71    36.23        -9.97    -2.70    36.23     0.027
   26.58    -6.20    29.22        26.51    -6.01    29.19     0.208
   20.60    26.53     5.04        20.61    26.55     5.04     0.025
   25.62     2.76   -29.19        25.62     2.75   -29.20     0.012
   27.32     0.48    44.75        27.35     0.48    44.76     0.031
   34.06    11.61    20.27        33.95    11.49    20.19     0.180
   15.71    24.61    24.42        15.70    24.83    24.43     0.222
   -8.00     4.12   -30.29        -7.98     4.14   -30.29     0.033
   31.87     6.72    30.39        31.96     6.76    30.44     0.112
    0.66    23.75    15.66         0.66    23.70    15.65     0.053
   20.75    15.46    44.89        20.76    15.50    44.89     0.037
   -8.38    -4.76    46.23        -8.31    -4.70    46.22     0.086
  -21.60    -2.40     2.85       -21.61    -2.40     2.85     0.009
    2.46    -0.37    56.92         2.47    -0.37    56.88     0.035
  -41.73    -8.27   -14.58       -41.72    -8.27   -14.58     0.000
  -32.03     5.42   -36.29       -32.04     5.42   -36.30     0.017
  -21.91   -11.50    -2.05       -21.94   -11.53    -1.99     0.074
   -4.27   -12.07   -38.56        -4.29   -12.06   -38.55     0.017
  -35.49     3.03   -12.19       -35.47     2.99   -12.23     0.060
   12.77    17.11   -25.70        12.75    17.10   -25.70     0.024
  -30.30   -25.32   -11.96       -30.31   -25.33   -11.95     0.022
  -26.75     9.33   -34.00       -26.76     9.37   -34.02     0.046
  -10.07    12.97     3.73       -10.07    12.96     3.74     0.008
   33.75     9.96   -26.48        33.83     9.96   -26.52     0.094
   15.69    -8.19    32.03        15.69    -8.10    32.04     0.093
   24.16   -14.94   -11.55        24.15   -14.96   -11.55     0.016
   28.69    -5.31    26.67        28.68    -5.30    26.66     0.019
   -0.26   -16.84   -35.05        -0.25   -16.85   -35.06     0.020
   16.97    17.20    49.74        16.90    17.09    49.74     0.133
   14.50    26.63    -9.12        14.49    26.64    -9.12     0.016
   41.95    -1.02     9.02        41.95    -1.02     9.02     0.009
  -13.21     4.51   -38.37       -13.24     4.49   -38.35     0.038
   28.09    24.07   -18.14        28.07    24.01   -18.14     0.066
   12.94    -9.21    47.70        12.91    -8.93    47.70     0.283
  -13.50     9.92     2.74       -13.57    10.04     2.69     0.148
   13.83   -13.73     6.55        13.81   -13.81     6.57     0.079
   32.84    22.85     3.82        32.86    22.89     3.82     0.052
    4.26    20.36    43.96         4.24    20.47    43.96     0.104
   36.35     5.37   -20.92        36.34     5.38   -20.91     0.015
   35.21     5.10    25.23        35.06     5.06    25.16     0.169
   38.29    -4.55     3.50        38.25    -4.50     3.52     0.068
   24.65    -1.26    52.51        24.64    -1.26    52.50     0.015
    5.82    21.86    35.10         5.83    21.83    35.09     0.030
  -39.92   -19.38   -27.70       -39.84   -19.33   -27.69     0.093
   15.71   -17.11    -0.61        15.71   -17.11    -0.61     0.001
   -3.31   -22.31   -28.18        -3.34   -22.29   -28.17     0.037
  -19.60    17.29    24.80       -19.58    17.29    24.79     0.022
  -13.48   -25.50   -35.90       -13.46   -25.56   -35.93     0.060
  -23.17    10.42   -32.92       -23.17    10.38   -32.90     0.043
   -8.30    -4.17    49.51        -8.22    -4.07    49.50     0.133
   36.01    18.28    12.69        36.03    18.28    12.67     0.028
   21.85    27.00    -3.82        21.82    26.90    -3.80     0.101
   -7.39   -24.04   -16.56        -7.38   -24.06   -16.56     0.022
  -14.94     8.39     0.05       -14.89     8.31     0.07     0.105
   -3.66   -18.20   -34.90        -3.70   -18.15   -34.86     0.076
   37.01    18.12    -7.71        36.99    18.09    -7.70     0.034
  -39.52     4.41   -21.18       -39.48     4.38   -21.17     0.056
   12.19    19.13   -25.16        12.14    19.14   -25.16     0.054
   -1.58   -21.47   -25.92        -1.70   -21.38   -25.94     0.150
  -23.19    14.71    11.43       -23.15    14.71    11.43     0.040
   38.00     5.18    20.05        38.02     5.18    20.07     0.035
   -3.22   -21.97   -28.30        -3.17   -22.00   -28.31     0.062
   16.06   -17.46    -3.40        16.10   -17.32    -3.39     0.151
   15.67    16.90   -33.22        15.66    16.90   -33.22     0.004
  -38.08    -9.73    -9.15       -38.08    -9.73    -9.15     0.002
   24.79   -17.41    -6.16        24.80   -17.41    -6.16     0.012
   -2.99   -13.60     6.69        -2.99   -13.61     6.70     0.012
  -32.73    -6.75    -5.03       -32.72    -6.75    -5.04     0.013
   14.28    -8.23    40.69        14.29    -8.51    40.68     0.274
  -14.13   -28.54   -28.48       -14.12   -28.58   -28.49     0.045
   10.37    -8.54   -20.21        10.38    -8.54   -20.23     0.030
   10.70    -7.06    56.73        10.70    -7.06    56.75     0.023
   25.30    -9.66   -17.40        25.30    -9.62   -17.37     0.054
    1.62    16.08    56.85         1.62    16.08    56.85     0.007
  -36.00     5.09   -32.83       -36.04     5.14   -32.85     0.075
    3.05    23.92     2.61         3.04    23.92     2.61     0.008
  -34.10     9.86   -23.98       -34.11     9.88   -23.98     0.017
  -11.15     0.80    51.09       -11.01     0.83    51.09     0.151
  -28.00   -28.95   -32.36       -27.99   -28.91   -32.34     0.041
   -9.11    -6.93   -41.79        -9.13    -6.94   -41.72     0.073
  -19.69   -23.19    -8.20       -19.68   -23.19    -8.19     0.021
   27.21     8.80    42.49        27.16     8.77    42.47     0.058
   40.90    14.23    -3.10        40.92    14.24    -3.11     0.025
  -37.85     6.49   -23.70       -37.80     6.48   -23.69     0.050
  -36.36   -12.41   -42.98       -36.34   -12.40   -42.96     0.032
   -3.52     1.60   -25.47        -3.52     1.60   -25.47     0.000
    4.99    23.08    -4.56         4.98    23.08    -4.57     0.005
   -0.14   -18.53   -33.07        -0.14   -18.53   -33.07     0.008
  -37.59    -4.31    -8.67       -37.58    -4.32    -8.69     0.019
  -19.61    10.78   -31.62       -19.61    10.78   -31.62     0.007
   -8.73     8.92   -14.10        -8.74     8.99   -14.11     0.070
  -35.53   -25.37   -16.61       -35.53   -25.36   -16.61     0.012
  -31.75   -24.29   -11.40       -31.71   -24.22   -11.46     0.101
   -8.07     5.82   -26.06        -8.10     5.79   -26.05     0.050
   -9.33    11.19    52.49        -9.43    11.26    52.48     0.124
  -11.11    16.34    33.67       -11.20    16.45    33.83     0.217
  -21.04     7.93    11.99       -20.90     8.00    12.04     0.160
    5.90    23.11    -5.99         5.79    23.17    -6.05     0.142
   39.91    14.90    -6.71        39.90    14.89    -6.70     0.009
    9.03    -6.10    57.09         9.03    -6.11    57.09     0.007
   17.44     2.65   -19.62        17.43     2.65   -19.63     0.015
   -8.13   -25.22   -19.04        -8.15   -25.17   -19.06     0.060
   15.52    12.32   -25.27        15.47    12.27   -25.29     0.072
   23.35   -14.85     1.90        23.37   -14.90     1.93     0.054
  -11.23     1.13    41.62       -11.33     1.10    41.62     0.105
  -17.39    -9.40   -45.73       -17.35    -9.35   -45.81     0.095
  -39.11   -21.60   -16.27       -39.11   -21.59   -16.27     0.001
  -33.44    10.04   -26.42       -33.39     9.95   -26.40     0.104
   27.00    -8.97   -19.96        26.99    -8.98   -19.97     0.014
   24.55    -0.82    52.55        24.70    -0.85    52.58     0.166
  -13.48    -6.55    15.15       -13.40    -6.45    15.09     0.143
  -42.48    -8.23   -15.31       -42.47    -8.23   -15.32     0.013
  -39.05     4.26   -25.27       -39.05     4.27   -25.27     0.007
   16.13    25.39    18.57        16.13    25.30    18.57     0.088
    7.41    -9.08    41.38         7.41    -9.09    41.38     0.004
  -11.89   -26.64   -31.13       -11.91   -26.63   -31.12     0.021
   -8.48   -25.38   -19.30        -8.46   -25.41   -19.29     0.039
   -1.39   -12.89    10.29        -1.39   -12.94    10.30     0.049
   -4.21   -23.62   -23.77        -4.17   -23.67   -23.76     0.062
   -8.40   -22.65    -8.25        -8.39   -22.55    -8.28     0.104
  -27.88   -18.59    -5.64       -27.88   -18.60    -5.70     0.055
  -22.87    10.73   -32.12       -22.87    10.69   -32.11     0.035
   29.39    -6.75    18.01        29.40    -6.78    18.01     0.025
  -31.06   -28.07   -31.02       -31.08   -28.12   -31.03     0.057
    2.12    19.82    -2.48         2.21    19.78    -2.43     0.108
   20.92   -16.39   -10.27        20.94   -16.39   -10.24     0.036
   40.14     3.38    18.26        40.17     3.39    18.29     0.042
   15.21    -8.34    53.90        15.25    -8.46    53.90     0.120
   32.25    11.52    22.90        32.37    11.61    22.95     0.162
  -14.76     3.30    24.81       -14.75     3.30    24.81     0.002
  -14.18    22.96    23.81       -14.18    22.92    23.79     0.039
  -37.89   -20.82   -35.48       -37.89   -20.82   -35.48     0.002
   35.90    -8.04     3.07        35.87    -8.01     3.07     0.046
    3.67   -18.74   -10.75         3.67   -18.74   -10.75     0.008
  -38.30   -15.80   -11.12       -38.31   -15.80   -11.11     0.017
  -30.21     8.63   -33.82       -30.14     8.55   -33.78     0.114
  -20.26    12.46    22.95       -20.36    12.45    22.98     0.100
    7.79    26.86     5.77         7.76    26.99     5.78     0.134
  -17.80    -6.81   -45.21       -17.79    -6.81   -45.23     0.026
   -4.60    22.78    26.38        -4.60    22.82    26.40     0.041
   10.96    -9.36    56.05        10.93    -9.07    55.96     0.304
  -22.32    20.09    16.88       -22.21    20.05    16.86     0.124
