400 PA5-F-Debug-Answer.txt 6
   72.1084  -85.8641 -101.4834   60.1998  -51.9621   80.1085
   13.52   -18.15   -18.27        13.53   -18.14   -18.27     0.012
   -9.08     1.37    42.75        -9.00     1.38    42.74     0.081
    7.56    22.76   -14.75         7.52    22.80   -14.77     0.059
   35.32    17.14    -3.59        35.35    17.16    -3.60     0.035
  -19.91   -28.30   -34.30       -19.90   -28.26   -34.27     0.056
  -10.99     9.52    37.05       -10.83     9.71    36.96     0.266
  -18.34    11.79   -29.04       -18.34    11.82   -29.05     0.040
  -33.94   -16.84    -7.97       -34.04   -16.92    -7.91     0.140
  -10.31    11.83   -26.09       -10.38    11.67   -26.06     0.176
  -14.73   -30.70   -31.43       -14.74   -30.74   -31.46     0.048
   27.73    -6.75    14.39        27.68    -6.70    14.37     0.072
   29.57    -4.17    16.19        29.59    -4.19    16.20     0.036
  -36.15   -19.51   -32.45       -36.16   -19.38   -32.35     0.164
   35.22    11.89    10.86        35.20    11.89    10.85     0.023
  -33.83   -16.06    -6.83       -34.00   -16.04    -6.74     0.193
  -37.30     0.98   -24.19       -37.40     1.03   -24.20     0.107
   41.62     8.69    -0.65        41.64     8.70    -0.65     0.025
   29.27     5.64   -33.80        29.36     5.63   -33.87     0.108
  -19.95   -30.25   -13.60       -19.93   -30.19   -13.63     0.063
   37.69     9.95   -15.95        37.60     9.91   -15.94     0.094
  -15.06     4.23    11.74       -15.15     4.23    11.76     0.099
   37.98     2.87   -15.95        38.03     2.87   -15.98     0.059
   10.44    13.48   -21.93        10.45    13.48   -21.94     0.018
    6.14    22.39    28.36         6.11    22.32    28.34     0.083
    1.66    11.14   -15.44         1.66    11.07   -15.39     0.090
  -25.10   -30.73   -21.39       -25.12   -30.77   -21.39     0.039
   28.45    -0.01   -34.37        28.53    -0.01   -34.39     0.085
   -9.27    -8.97    11.13        -9.29    -8.99    11.13     0.027
    7.02    21.93    27.39         7.11    22.19    27.46     0.279
  -18.11    23.68    22.99       -18.01    23.62    23.02     0.116
   28.58    21.61     4.18        28.65    21.79     4.21     0.188
  -18.25    20.04    21.16       -18.29    20.05    21.15     0.040
  -29.96    -3.81   -38.66       -29.95    -3.81   -38.65     0.015
  -27.80   -19.20   -40.01       -27.82   -19.21   -40.06     0.063
   -1.60     4.51   -25.16        -1.55     4.54   -25.18     0.052
  -17.21    -4.73     3.06       -17.23    -4.73     3.07     0.023
  -20.15     9.69   -33.73       -20.16     9.72   -33.76     0.042
   34.82    17.78     6.84        34.81    17.77     6.83     0.016
  -30.00     1.93   -12.68       -30.00     1.96   -12.66     0.032
   40.09    10.10     5.89        40.02    10.08     5.89     0.078
  -31.94   -26.20   -24.09       -31.97   -26.23   -24.09     0.041
    6.38   -13.31   -22.04         6.37   -13.35   -22.07     0.050
  -22.04    12.11   -25.35       -22.05    12.26   -25.38     0.148
   -8.75    15.08    57.16        -8.77    15.08    57.16     0.014
   13.27     1.04   -23.96        13.23     1.07   -24.01     0.074
    1.24   -16.88   -10.84         1.23   -16.82   -10.86     0.066
  -12.22    -9.43     4.57       -12.23    -9.47     4.59     0.042
   26.52    20.28    10.49        26.52    20.30    10.50     0.026
    4.79     2.26    64.12         4.79     2.26    64.15     0.024
   38.50     9.40     9.97        38.50     9.40     9.98     0.006
   16.10     4.14   -28.48        16.15     4.16   -28.46     0.053
   10.78    20.23    36.51        10.82    20.50    36.50     0.273
  -25.79   -15.31    -4.14       -25.79   -15.31    -4.10     0.043
   31.47    17.15   -22.91        31.36    17.09   -22.86     0.139
  -21.41   -16.77    -2.39       -21.40   -16.77    -2.38     0.017
    3.23   -15.46    -7.86         3.23   -15.51    -7.85     0.046
   -8.73    12.42    -1.03        -8.71    12.40    -1.03     0.031
    2.70    -9.30    21.01         2.70    -9.32    21.01     0.013
  -13.13     5.98    23.89       -13.19     5.97    23.91     0.072
   36.48     0.29    11.85        36.48     0.29    11.85     0.006
   20.46    16.04    55.88        20.28    15.85    55.89     0.271
  -34.54   -13.83   -32.99       -34.58   -13.77   -32.98     0.071
   43.29     2.37    -6.03        43.19     2.36    -6.01     0.098
    4.42   -15.11   -18.13         4.43   -15.34   -18.24     0.255
   27.28    -9.14   -32.49        27.23    -9.14   -32.44     0.073
   20.71    -3.69    38.82        20.64    -3.65    38.81     0.082
    9.95   -12.24   -24.20         9.94   -12.34   -24.30     0.140
  -16.76     6.13   -37.50       -16.76     6.10   -37.47     0.045
   28.52   -17.08   -26.09        28.49   -17.03   -26.08     0.057
  -13.64     1.44    17.81       -13.62     1.45    17.80     0.026
    1.46   -16.28   -24.64         1.39   -16.23   -24.65     0.089
  -37.00     0.12   -18.29       -37.03     0.13   -18.28     0.038
  -16.91     4.14    -4.51       -16.89     4.13    -4.51     0.016
   -7.05    -8.96   -44.17        -7.06    -8.95   -44.13     0.036
    2.07    -4.08   -26.30         2.07    -4.08   -26.28     0.016
    1.90    12.64    63.10         1.88    12.70    62.92     0.199
  -18.22   -12.20   -43.51       -18.23   -12.21   -43.48     0.038
   24.46   -14.61   -31.09        24.47   -14.61   -31.09     0.004
  -18.10    -9.23   -44.54       -18.05    -9.27   -44.49     0.086
   28.77    19.53    10.72        28.76    19.51    10.69     0.036
    4.34   -16.38   -10.59         4.34   -16.38   -10.59     0.001
   -6.43    -5.65    49.07        -6.49    -5.68    49.07     0.061
   14.13     6.13   -24.89        14.11     6.13   -24.89     0.016
  -22.97    -6.55   -42.74       -22.98    -6.54   -42.70     0.035
  -37.41    -2.89   -32.18       -37.49    -2.83   -32.23     0.110
  -31.52   -19.39   -36.68       -31.51   -19.38   -36.67     0.028
   27.01   -15.03    -6.96        26.98   -15.08    -6.93     0.064
   20.09    -5.72    33.93        19.98    -5.57    33.87     0.192
  -17.66    14.88    34.92       -17.81    14.81    35.01     0.187
   16.45    -7.66    32.90        16.54    -7.86    32.92     0.226
   13.56    20.43    61.45        13.53    20.39    61.45     0.053
    0.06    26.21    20.61        -0.03    25.97    20.58     0.253
   -4.71   -14.59    -4.89        -4.70   -14.64    -4.86     0.061
  -18.48     7.55   -12.63       -18.47     7.53   -12.64     0.023
   25.68    12.00    32.96        25.76    12.02    32.98     0.084
   13.44    -0.32    64.42        13.44    -0.32    64.39     0.037
   17.92     3.42    64.63        17.90     3.42    64.59     0.045
   19.81    18.39    27.53        19.81    18.39    27.53     0.003
   -7.84    -5.76   -43.80        -7.85    -5.79   -43.74     0.073
   19.06   -13.31    -4.27        19.11   -13.43    -4.22     0.137
   -3.04    25.36    13.64        -3.05    25.41    13.61     0.059
   -1.56    12.56   -12.45        -1.57    12.59   -12.46     0.031
  -24.13   -12.64   -42.22       -24.13   -12.64   -42.25     0.030
   -6.36   -19.00   -10.58        -6.33   -19.02   -10.56     0.043
   30.43    19.07   -22.72        30.33    19.03   -22.69     0.110
   -4.26    -7.39    37.37        -4.24    -7.32    37.36     0.073
   -2.43   -12.05    11.49        -2.42   -12.03    11.49     0.022
   33.38    -2.47    13.25        33.38    -2.47    13.24     0.008
  -23.73   -13.24   -42.31       -23.74   -13.24   -42.33     0.022
   -3.56    12.38    63.96        -3.56    12.38    63.95     0.002
   15.93    -9.57    16.42        15.94    -9.64    16.43     0.072
    0.46    25.90    19.28         0.47    25.92    19.28     0.031
   35.19   -11.00    -9.49        35.15   -10.96    -9.51     0.062
    0.45    -7.56   -33.13         0.52    -7.51   -33.09     0.097
   24.76    18.81    16.99        24.76    18.80    16.99     0.009
   -6.18    -6.41    57.34        -6.06    -6.28    57.34     0.173
  -10.78    10.17    -3.27       -10.76    10.14    -3.27     0.041
   -8.68    -6.42   -44.06        -8.68    -6.41   -44.08     0.020
   -6.82    23.01    41.26        -6.81    23.03    41.26     0.018
  -11.54     3.35   -39.41       -11.53     3.38   -39.43     0.030
    8.36    -6.19    64.83         8.37    -6.17    64.76     0.073
   -6.59    -6.19    54.69        -6.26    -5.90    54.69     0.445
  -15.01   -13.71   -44.36       -15.01   -13.70   -44.34     0.023
   -7.05     7.80    64.28        -7.06     7.80    64.26     0.023
  -15.13   -11.10   -45.08       -15.13   -11.10   -45.10     0.016
   -4.59   -19.73   -14.57        -4.48   -19.77   -14.53     0.126
   35.90    -9.23    -4.32        35.99    -9.29    -4.32     0.110
   -2.69    -2.63    63.78        -2.70    -2.63    63.75     0.030
   11.40    18.74   -35.08        11.40    18.73   -35.10     0.016
  -17.59   -11.78   -43.10       -17.59   -11.78   -43.10     0.000
  -19.45     2.46   -40.43       -19.45     2.51   -40.48     0.069
   28.18    22.66   -14.06        28.21    22.72   -14.06     0.061
  -23.72     7.94   -34.09       -23.73     7.95   -34.11     0.022
   -6.73    -4.74    44.27        -6.89    -4.81    44.26     0.179
   30.00    21.55   -15.10        29.93    21.44   -15.08     0.127
  -34.51    -9.53   -36.29       -34.55    -9.55   -36.30     0.048
   33.50    16.60    10.91        33.49    16.55    10.87     0.065
   -8.83    15.17    56.52        -8.89    15.20    56.54     0.061
  -33.63   -22.75   -29.56       -33.63   -22.74   -29.55     0.011
  -11.78    24.44    37.84       -11.77    24.34    37.81     0.101
  -11.48    25.02    35.64       -11.48    25.09    35.67     0.070
  -31.06   -26.28   -15.37       -31.07   -26.30   -15.36     0.021
  -37.23   -18.90   -31.98       -37.24   -18.90   -31.99     0.005
  -15.34    -3.86   -43.35       -15.34    -3.86   -43.34     0.012
   -5.03    26.96    23.88        -5.04    26.78    23.87     0.177
   -7.12   -15.81    -5.87        -7.12   -15.85    -5.84     0.052
   -4.35    -3.47   -41.41        -4.36    -3.48   -41.39     0.021
   -5.65   -26.42   -33.21        -5.65   -26.42   -33.21     0.000
  -37.39   -14.46   -30.63       -37.38   -14.47   -30.61     0.027
   27.55    20.06    10.72        27.53    20.01    10.67     0.077
   42.88     5.18    -5.83        42.82     5.18    -5.81     0.060
   -6.30    -8.06   -43.93        -6.30    -8.06   -43.94     0.014
  -28.53   -20.89    -5.71       -28.53   -20.89    -5.72     0.014
  -18.78    23.34    29.78       -18.80    23.35    29.78     0.024
    5.62    25.84    12.95         5.59    25.76    12.92     0.088
  -12.69    11.83    38.62       -12.64    11.88    38.57     0.079
  -13.63   -30.47   -14.59       -13.64   -30.42   -14.61     0.057
  -26.04   -28.21   -13.73       -26.05   -28.24   -13.72     0.034
    9.69    -4.67    64.87         9.68    -4.68    64.85     0.021
    2.12   -12.01   -23.62         2.15   -12.02   -23.62     0.031
   -5.15    25.63    32.07        -5.22    25.30    31.96     0.358
    9.55    -8.92    57.03         9.44    -8.57    56.99     0.370
   26.27   -17.37   -11.25        26.28   -17.43   -11.23     0.062
  -37.18   -21.19   -28.24       -37.13   -21.13   -28.22     0.075
   36.76    13.90    11.40        36.76    13.92    11.42     0.023
   -9.96    -7.34    22.82       -10.03    -7.42    22.82     0.107
   15.64   -19.04   -16.65        15.62   -19.14   -16.68     0.106
   13.51     6.85   -20.21        13.41     6.84   -20.23     0.103
   -3.96     7.91   -26.61        -4.00     7.88   -26.62     0.049
   14.27    19.76    31.00        14.25    19.66    31.01     0.097
   13.22   -10.70     8.08        13.23   -10.60     8.07     0.103
    5.51   -10.14    10.54         5.50   -10.12    10.54     0.023
   -9.78   -10.18     5.33        -9.79   -10.20     5.33     0.022
   -8.71    11.09   -23.68        -8.70    11.12   -23.68     0.035
   33.37     6.71   -24.09        33.35     6.70   -24.08     0.030
  -39.34   -17.44   -17.39       -39.23   -17.40   -17.41     0.117
    8.71    16.08   -16.06         8.72    16.12   -16.04     0.038
   12.93    22.14   -34.08        12.93    22.15   -34.12     0.047
   -9.23   -25.23   -37.75        -9.23   -25.24   -37.75     0.010
   -2.48    -7.88    35.83        -2.49    -7.92    35.83     0.040
   23.07     9.41    51.49        23.08     9.41    51.49     0.008
   -1.58    24.85    29.80        -1.50    25.03    29.83     0.197
   -6.99   -28.01   -32.20        -6.98   -28.04   -32.22     0.032
   -6.00    13.22    -5.36        -6.02    13.24    -5.37     0.033
  -18.43    12.07   -27.97       -18.43    12.09   -27.98     0.021
   17.44    18.22    59.08        17.38    18.07    59.07     0.165
    7.95    12.82   -13.98         7.95    12.82   -13.99     0.007
  -37.01   -20.57   -16.74       -37.00   -20.56   -16.74     0.020
   18.72    17.09    61.92        18.73    17.09    61.92     0.004
  -23.56     6.19   -13.98       -23.54     6.16   -14.00     0.045
  -40.30   -16.91   -24.89       -40.29   -16.91   -24.89     0.011
  -26.28   -29.00   -15.93       -26.30   -29.09   -15.88     0.099
   15.05    22.42    15.88        15.07    22.52    15.91     0.105
  -34.17     0.56   -11.73       -34.18     0.56   -11.71     0.019
   14.06    -6.13    56.44        14.11    -6.20    56.45     0.084
   20.91   -15.67   -29.24        20.97   -15.61   -29.20     0.092
   34.51   -10.99    -1.75        34.46   -10.92    -1.77     0.087
  -13.86   -18.69   -42.48       -13.85   -18.73   -42.55     0.082
    4.46    -9.32    57.68         4.47    -9.37    57.68     0.051
   25.57    11.19    34.89        25.56    11.18    34.89     0.011
  -40.51   -14.34   -18.26       -40.60   -14.37   -18.24     0.089
   22.97    12.95    48.75        22.95    12.94    48.75     0.024
   21.74    13.02    61.98        21.60    13.01    61.95     0.141
  -15.78    14.82    38.32       -15.69    14.87    38.26     0.117
    1.72    -9.71    54.42         1.77    -9.41    54.44     0.307
   40.61     9.97     2.21        40.64     9.99     2.21     0.036
  -18.32    21.21    21.59       -18.22    21.19    21.63     0.108
   19.24    24.90   -30.01        19.25    24.90   -30.02     0.014
  -38.25   -11.75   -12.63       -38.18   -11.74   -12.68     0.085
   -9.63    10.11    60.28        -9.65    10.12    60.27     0.029
  -39.83   -13.80   -29.07       -39.84   -13.80   -29.10     0.025
  -33.37     3.39   -12.77       -33.30     3.40   -12.68     0.110
  -34.31     1.58   -12.19       -34.31     1.57   -12.19     0.011
   36.96    15.25    -2.60        36.92    15.22    -2.60     0.050
   10.83    13.57   -18.82        10.84    13.58   -18.81     0.018
  -33.71   -11.30   -36.99       -33.68   -11.29   -36.97     0.034
   19.49     3.92    63.68        19.52     3.91    63.70     0.040
   -0.30   -18.93   -30.80        -0.21   -18.98   -30.80     0.110
  -32.58     3.64   -13.13       -32.61     3.63   -13.18     0.057
  -11.77    10.94    38.50       -11.80    10.91    38.54     0.062
  -15.84    11.49   -31.18       -15.84    11.48   -31.18     0.004
  -12.31    -2.71    20.40       -12.54    -2.73    20.41     0.227
   -9.54     4.67    54.13        -9.49     4.68    54.13     0.057
  -37.30   -20.85   -28.77       -37.29   -20.83   -28.76     0.024
    8.93    27.23    -3.74         8.93    27.36    -3.73     0.132
  -18.64    -9.46   -43.88       -18.71    -9.42   -43.95     0.105
   36.43    -8.41     5.25        36.43    -8.40     5.25     0.012
    5.68    -6.80   -25.80         5.70    -6.80   -25.86     0.061
   29.14     5.37   -34.17        29.12     5.37   -34.15     0.025
   -5.64    10.69   -13.80        -5.58    10.57   -13.77     0.136
   -5.38    19.15    55.40        -5.42    19.22    55.43     0.087
   -9.30    12.70    58.23        -9.30    12.70    58.23     0.001
  -11.54   -30.60   -29.61       -11.48   -30.78   -29.68     0.196
   12.56    18.38   -35.24        12.55    18.38   -35.26     0.018
    2.75   -13.00   -21.26         2.74   -13.08   -21.31     0.091
   12.52    10.52   -27.66        12.46    10.47   -27.68     0.085
    4.23    24.64    19.22         4.26    24.76    19.24     0.127
   21.56   -12.38    -1.29        21.57   -12.26    -1.32     0.121
   -1.50   -19.73   -36.35        -1.56   -19.70   -36.32     0.075
   -4.27   -22.16   -16.13        -4.44   -22.15   -16.18     0.174
  -42.00   -13.62   -27.95       -41.92   -13.59   -27.94     0.081
  -15.38    24.17    36.16       -15.40    24.21    36.17     0.051
  -33.48     5.78   -23.41       -33.51     5.80   -23.42     0.033
  -21.92   -12.24    -2.33       -21.92   -12.23    -2.35     0.022
   -5.23    -8.74   -43.52        -5.24    -8.73   -43.49     0.030
  -12.69     0.06    21.64       -12.72     0.06    21.65     0.035
   -4.43    -7.22    53.12        -4.48    -7.30    53.11     0.100
   20.34     0.25    50.24        20.47     0.18    50.27     0.143
  -16.03     0.25     6.94       -16.16     0.26     6.97     0.128
   33.47    12.28   -24.36        33.35    12.21   -24.30     0.151
   -5.60    -6.39    54.78        -5.73    -6.51    54.78     0.177
   -6.04   -10.37    17.37        -6.11   -10.49    17.38     0.137
   31.17    19.61   -17.67        31.19    19.62   -17.67     0.015
  -25.92   -30.23   -21.44       -25.97   -30.35   -21.42     0.137
  -30.15    -1.90    -8.66       -30.16    -1.88    -8.64     0.031
  -18.42     9.47   -33.82       -18.42     9.49   -33.84     0.028
    1.56   -10.83    12.56         1.50   -10.66    12.51     0.179
   -9.27    20.04    11.98        -9.38    20.14    11.91     0.160
   -4.49    18.73    57.69        -4.44    18.67    57.68     0.072
  -10.56    24.15    16.70       -10.56    24.15    16.71     0.010
  -37.35    -8.71   -31.28       -37.37    -8.73   -31.33     0.052
  -41.37   -11.58   -19.77       -41.39   -11.58   -19.76     0.014
   13.92    26.16   -17.76        13.91    26.20   -17.76     0.049
  -12.05    13.25    10.30       -12.15    13.28    10.25     0.109
  -27.28     1.30   -12.36       -27.28     1.26   -12.39     0.044
  -26.21   -16.11    -4.11       -26.21   -16.11    -4.11     0.003
   15.15    26.67   -13.81        15.15    26.82   -13.82     0.157
   -6.71    22.52    10.56        -6.73    22.54    10.54     0.032
   31.09     8.30   -30.21        31.14     8.30   -30.22     0.047
    9.49    18.34   -33.94         9.45    18.29   -33.99     0.084
   -1.92     6.19   -23.89        -1.91     6.20   -23.90     0.019
   40.61     2.26     7.20        40.63     2.25     7.26     0.067
   28.77    16.14    15.87        28.63    16.01    15.83     0.197
   -9.46    14.99    55.12        -9.51    15.02    55.15     0.066
  -23.95   -28.09   -32.94       -23.99   -28.25   -33.00     0.180
   -0.69    -8.84    45.93        -0.70    -8.91    45.93     0.075
  -36.24   -17.22   -32.67       -36.22   -17.23   -32.64     0.039
  -14.66    13.31   -24.41       -14.67    13.24   -24.40     0.070
   31.02   -10.07   -27.94        31.06   -10.12   -27.98     0.079
    7.24    -9.89    11.77         7.24    -9.92    11.77     0.024
   40.09     2.43     7.71        40.06     2.43     7.67     0.050
   23.58   -18.35   -11.62        23.58   -18.32   -11.63     0.026
    7.11    -9.30    39.37         7.10    -9.13    39.38     0.173
  -22.02    11.45   -27.48       -22.01    11.43   -27.47     0.021
   39.03     7.68     9.02        39.02     7.68     9.01     0.014
   29.26    17.88   -25.53        29.23    17.86   -25.51     0.038
  -37.06   -19.57   -14.63       -37.00   -19.52   -14.67     0.090
   -5.54    26.38    28.41        -5.55    26.33    28.39     0.057
  -28.96     6.52   -16.01       -28.96     6.52   -15.99     0.020
  -16.70     3.24     2.22       -16.70     3.23     2.22     0.004
   -3.84   -23.38   -34.82        -3.74   -23.48   -34.89     0.159
   -4.94     8.73   -23.01        -4.95     8.72   -23.02     0.015
   -5.77   -22.88   -37.70        -5.79   -22.85   -37.68     0.036
    5.27    21.63    34.75         5.24    21.54    34.73     0.105
    2.97    -9.31    46.18         2.97    -9.35    46.18     0.044
   -1.92   -11.16    14.57        -1.89   -11.26    14.61     0.111
   -1.51   -12.67     1.68        -1.52   -12.78     1.69     0.108
    8.12    14.85    64.35         8.12    14.85    64.32     0.033
  -35.29   -19.85   -11.63       -35.30   -19.85   -11.62     0.011
   13.18     9.51   -23.32        13.26     9.54   -23.32     0.078
  -10.70   -26.46    -8.86       -10.69   -26.50    -8.84     0.048
   -9.64     6.18    52.32        -9.55     6.19    52.32     0.086
   15.65    -4.21    57.86        15.79    -4.30    57.87     0.168
   -2.51    20.74    48.42        -2.43    21.05    48.48     0.329
    4.46   -16.02   -16.20         4.47   -16.10   -16.22     0.077
  -18.59    11.05   -17.36       -18.59    11.04   -17.37     0.015
  -33.64   -21.07   -10.66       -33.57   -21.00   -10.73     0.123
   29.43   -11.68   -29.00        29.54   -11.68   -29.05     0.115
  -20.56     4.78   -11.07       -20.49     4.73   -11.18     0.135
  -11.53    27.29    27.68       -11.56    27.14    27.63     0.161
  -41.27    -3.78   -26.61       -41.25    -3.78   -26.60     0.027
    0.17     6.90   -20.67         0.17     6.91   -20.68     0.012
  -21.05    12.20   -26.25       -21.04    12.15   -26.24     0.059
   22.73    15.36   -33.50        22.74    15.36   -33.51     0.012
  -19.45    -9.88   -44.53       -19.45    -9.87   -44.52     0.007
    9.17   -10.98     5.22         9.17   -10.99     5.22     0.012
   30.28    19.05    10.04        30.30    19.07    10.06     0.039
   40.39     1.82   -13.93        40.40     1.83   -13.95     0.024
  -12.97   -28.83   -11.74       -13.00   -28.76   -11.78     0.085
  -17.41    -3.24     2.88       -17.37    -3.24     2.87     0.035
   25.50    -5.26    21.48        25.38    -5.10    21.38     0.222
    2.29   -15.46   -29.56         2.29   -15.45   -29.56     0.006
    4.43    20.38    47.39         4.44    20.46    47.39     0.073
  -20.69    12.32   -23.88       -20.66    12.23   -23.89     0.096
   30.11    19.73   -22.13        30.17    19.76   -22.14     0.064
   -9.50    12.96     2.90        -9.47    12.93     2.92     0.045
  -30.24     7.46   -15.93       -30.28     7.51   -15.91     0.067
    5.62    23.82    22.09         5.66    23.95    22.12     0.135
    4.59   -16.34   -10.55         4.59   -16.35   -10.54     0.011
    8.93    -8.45   -25.01         8.93    -8.46   -25.05     0.043
  -15.32    -1.28   -42.56       -15.34    -1.27   -42.66     0.102
   28.15    22.31    -0.66        28.14    22.28    -0.66     0.040
   31.80   -15.74   -18.59        31.80   -15.74   -18.59     0.004
   41.91     7.01     3.72        41.92     7.01     3.72     0.012
   34.69    16.20   -11.66        34.76    16.30   -11.70     0.132
  -11.31    12.46    41.06       -11.39    12.40    41.09     0.104
  -35.96    -6.10   -35.64       -35.97    -6.10   -35.65     0.015
    1.61    21.46    -4.07         1.51    21.56    -4.11     0.149
   -0.34   -19.08   -33.87        -0.42   -19.00   -33.86     0.115
  -32.65   -25.33   -16.59       -32.61   -25.29   -16.59     0.055
   32.61    10.93    15.14        32.63    10.94    15.15     0.023
  -14.68     9.52   -15.27       -14.69     9.44   -15.31     0.090
  -23.86   -19.11    -3.56       -23.86   -19.12    -3.54     0.014
   -1.58     5.10   -24.64        -1.60     5.08   -24.63     0.029
   -4.82    21.29    47.37        -4.83    21.22    47.33     0.080
   38.48    10.49    10.51        38.49    10.49    10.52     0.019
   39.38    -0.31   -15.68        39.36    -0.41   -15.53     0.186
   25.23     6.59    35.85        25.35     6.58    35.88     0.118
    9.93    25.32   -14.04         9.94    25.29   -14.02     0.033
  -21.47   -12.23    -2.26       -21.48   -12.24    -2.22     0.044
  -20.44     7.29   -36.26       -20.44     7.30   -36.27     0.010
   -9.45    27.34    26.60        -9.47    27.11    26.58     0.234
    5.27    -7.79   -26.05         5.26    -7.79   -26.02     0.025
   -8.80   -10.94     5.16        -8.73   -10.79     5.12     0.168
   11.04   -17.71   -15.78        11.03   -17.73   -15.78     0.024
  -26.09   -30.28   -20.71       -26.04   -30.18   -20.73     0.112
   18.25    -8.86    21.02        18.24    -8.74    21.00     0.123
    0.17    -5.95    64.23         0.17    -5.97    64.14     0.092
   33.10    19.01     6.95        33.22    19.16     6.95     0.193
  -36.96     1.10   -27.11       -37.01     1.14   -27.13     0.068
   31.90    15.27    12.39        31.93    15.30    12.40     0.036
   -2.98    22.25     5.85        -3.02    22.32     5.83     0.080
    5.32    18.26    64.29         5.31    18.22    64.27     0.038
  -15.23   -32.40   -22.04       -15.23   -32.47   -22.03     0.070
    5.38   -13.28   -21.53         5.38   -13.30   -21.55     0.027
   11.34    -8.82   -25.24        11.33    -8.83   -25.27     0.039
    1.62   -15.88   -17.91         1.56   -15.82   -17.87     0.093
  -25.47   -27.99   -13.25       -25.47   -28.04   -13.23     0.048
   23.33    19.41    17.35        23.31    19.37    17.35     0.039
   25.69    19.50    12.44        25.66    19.45    12.42     0.063
   37.03    13.97    11.31        37.02    13.96    11.30     0.017
  -38.56    -3.79   -31.40       -38.58    -3.77   -31.42     0.036
  -36.84    -2.22   -32.65       -36.81    -2.24   -32.63     0.043
    0.72    -9.30   -36.42         0.73    -9.29   -36.42     0.018
   12.08    27.45    -6.44        12.08    27.48    -6.44     0.035
   -9.41   -25.19    -8.37        -9.50   -25.15    -8.43     0.118
  -20.72     3.51   -39.16       -20.74     3.59   -39.26     0.136
  -34.05     1.62   -31.52       -34.07     1.64   -31.53     0.027
  -10.01    -9.70   -44.56       -10.01    -9.70   -44.56     0.004
   -6.44   -14.30   -42.61        -6.46   -14.29   -42.58     0.032
  -40.48    -3.01   -23.37       -40.58    -2.97   -23.35     0.104
  -34.41    -0.93   -33.95       -34.38    -0.97   -33.88     0.081
   36.72    -9.10   -13.41        36.56    -9.03   -13.40     0.176
   42.83    -0.01     5.61        42.86    -0.02     5.63     0.034
    8.01    -5.63    64.85         8.01    -5.63    64.85     0.001
  -38.24     0.13   -22.50       -38.21     0.11   -22.50     0.037
   -2.52    22.23     4.92        -2.53    22.25     4.92     0.020
   -0.46     3.66   -24.48        -0.51     3.62   -24.44     0.077
  -30.32   -20.09    -6.48       -30.32   -20.10    -6.48     0.006
   -9.97    22.64    14.54        -9.88    22.52    14.62     0.172
  -34.56    -3.01   -35.36       -34.50    -3.08   -35.26     0.134
  -29.91     2.09   -13.23       -29.89     2.23   -13.15     0.160
  -28.68   -15.18    -3.67       -28.68   -15.18    -3.65     0.021
  -14.76     7.55    -9.03       -14.74     7.54    -9.04     0.020
   34.86    -6.86   -18.21        34.94    -6.90   -18.27     0.104
   24.06    24.49    -6.13        24.06    24.50    -6.13     0.010
   -3.31     3.76   -29.66        -3.33     3.75   -29.66     0.011
   36.75    12.79   -11.90        36.85    12.89   -11.90     0.138
   -9.71    11.52   -23.95        -9.70    11.54   -23.95     0.022
  -22.61   -30.98   -17.43       -22.54   -30.75   -17.46     0.244
