"15  OUTPUT\PA3-J-Unknown-Output.txt"
"19.69562417856848   3.060231037968124   50.576492661160714   21.6683561120783   2.236921561273895   50.91220341149941   2.163841834283849"
"24.403901235591903   10.955673178282929   27.183394616648684   26.18314707594337   11.514608268442712   27.689835998399772   1.932513148356274"
"8.692266813514621   16.555649172152616   -10.862746691700394   9.650840841913936   16.91376218477634   -9.732338424020488   1.5247727533541564"
"-18.4661950533686   -1.6183057388089344   -0.3171933787229477   -17.755397834599194   -1.8477735788635063   -0.6214717083971523   0.8065193598041893"
"-40.70919492434922   -10.983769447127033   -40.8798153896802   -39.4144690229681   -10.78398395147202   -40.170301447318096   1.4898454411070614"
"-25.182907437169757   15.95070022468865   -26.946749875945144   -24.47793455390782   12.072777516777787   -27.070863304762543   3.943434472370268"
"-14.674140017052299   5.464051747170175   9.271709507140145   -12.71278266254154   4.326550200716916   9.156649141619933   2.270257987099845"
"37.482497994311466   5.329383155316826   -12.511509229484432   37.81620601442505   5.480018470059564   -12.683847771251676   0.40466358090916915"
"25.037306318202617   12.399467344304568   27.33968428464199   25.857458170539097   12.657111138733702   27.57313085392606   0.8908011486349254"
"20.637316010628606   22.405576504514492   24.94284957072695   20.060594560108477   21.48276937871862   24.80216688397908   1.097256688865592"
"-2.500609985615317   -7.654188248721919   16.91654598166741   -3.214265810493664   -9.645288974035996   17.217511833722984   2.136437965126199"
"10.17450139297372   27.624842270170348   -6.917854697044362   11.54723949609767   25.40031786487772   -6.0925921871477255   2.7411634281362636"
"-28.103437389359545   -26.131135782889007   -18.52953839131787   -29.33383793813982   -29.101079236501175   -17.452604396755245   3.3903150969691858"
"32.27506755557207   18.904368454183196   4.383626124494086   32.18387523886116   18.81727903734576   4.374956649691273   0.1263952726392255"
"3.837060045314428   -11.020345884908195   -22.262255940679267   5.156698077970106   -11.568014060681273   -23.37631865747766   1.8117728072101587"
"-9.253061369887092   10.692984021505065   35.73965035552608   -9.142063880822217   10.74925523191978   35.70494094129602   0.12919611115059845"
"-10.186443573119506   -3.2430961675571974   16.71991310508487   -9.658449517464456   -3.1409520369823682   16.601135282769928   0.5507443302402995"
"4.7118526720584715   -4.302591847591124   62.62046069724447   4.711642181853188   -4.2837390039166525   63.401493590733004   0.7812604269587803"
"-2.776368856692865   25.920956192652657   29.728314457688967   -3.112034125547249   23.969667501317186   29.28272323280537   2.0294704406179567"
"-43.05347169447674   -13.94875554442931   -20.10204514419256   -42.62525758142921   -13.847700333514746   -20.231004887229652   0.45848674745325396"
