"15  OUTPUT\PA3-H-Unknown-Output.txt"
"2.2274251162739644   -14.497360806979547   7.265796359162906   2.6807290342059087   -12.085250782211249   7.019646888452835   2.4666472742431207"
"-4.471756445626006   -8.432986927784402   -38.5161352160777   -3.0463536099225497   -8.070100292772421   -39.75326582172929   1.9219656837055266"
"-36.11383532963683   -2.6538118620426285   -42.69819071201726   -35.74972184907471   -2.764429855448654   -42.29250797306118   0.5562314732907001"
"-12.557564322111986   -0.5374199394475916   -43.44721610282811   -11.985676280935674   -0.08017981082966563   -44.158199423678035   1.0205987210386882"
"-37.990844919538716   -21.2605750524214   -13.02965564427592   -36.80327794453188   -20.694454923141127   -13.714282020547621   1.4830780815554283"
"17.234434695306927   -13.343572451822332   5.768201571281537   16.609964   -11.663953   4.927456   1.9793782528527961"
"-4.813430079296752   7.677412009156417   -9.135249996042589   -5.197954098555171   8.873790527675157   -9.041831373773077   1.2601219464585467"
"-2.5597427269035338   -9.470211998767645   42.65929734314514   -1.2579689736295308   -6.0671615170679125   42.802105620675604   3.646335378135298"
"19.261497212245498   -10.744462482126906   14.066180255448842   18.703604070272714   -7.604787036655135   13.415542691514329   3.254556175634593"
"28.99328064633138   18.659331401179987   0.1927195912993227   31.035940272988324   20.044647763534943   0.16550942796899892   2.4682585292410333"
"12.286080624012556   15.230661739400622   61.81776920773882   12.316921944705113   15.233297122424437   63.091765839655565   1.2743726105189777"
"11.424841108101784   19.04597714590616   29.497853516208053   11.443415330276833   22.568342618038557   30.16075522741233   3.584249182146443"
"-30.731301850067172   -28.13286379781718   -14.796908772315135   -30.183663435508485   -27.549326011945038   -15.227368255516636   0.908691117662662"
"23.195300941264346   8.208585483598977   40.27926703503714   24.058864041276912   8.240677662219314   40.40810511964144   0.8737107002185672"
"-32.40460828708563   -11.01480951095846   -6.836291131743536   -32.2823072083708   -11.057274994074858   -7.090609364332174   0.28537455131480777"
"-20.73333406214206   -13.165829687176442   -3.9519542604692646   -20.573152345923337   -12.755616194705334   -4.7106875555868095   0.8772739051949778"
"-2.128021260523748   -17.267277590143767   -34.778954135700886   -1.1846613420019092   -17.575524971702517   -35.16006264577996   1.0631030432493584"
"-33.524783478282   8.377566515107146   -31.111003562215245   -33.20114884102392   7.862913317593009   -30.871879282199888   0.6532899153037294"
"16.757556940002033   -9.153893828388291   42.897702800550036   15.51040790496359   -5.453689651961338   42.66694528612068   3.9115394275541187"
"-41.6424987841284   -15.610530985821319   -34.72645753418763   -39.91772025267732   -15.471665756474671   -34.57884876502873   1.7366441440918874"
