"15  OUTPUT\PA3-G-Unknown-Output.txt"
"-11.086768461757519   11.912523738938265   30.48279481676265   -12.075519459940299   10.856718259194036   30.897851408955052   1.504867343717631"
"18.04936796146943   22.93726482868825   7.769014766501158   18.87495654570221   25.412637967164905   8.493260655833701   2.7080621841682926"
"10.791434861585632   14.207059379398643   -10.617189578461748   10.654785243414462   14.241371898796226   -10.788351534156691   0.22169096104950617"
"6.71580136654583   -15.183150477818504   5.908573850292129   6.923932620512727   -12.630344546889948   5.285389884140463   2.635999809470852"
"-38.36328639972333   -18.3144538431604   -36.04076166918591   -39.16070493889452   -18.514829631064227   -36.203467670730156   0.8381527461808553"
"26.74119225179119   -18.26993553579918   -14.801544303446477   24.53830760187935   -14.71537455186363   -14.627095055570205   4.185455424373636"
"-0.65554977840596   -8.45060640236634   -32.45555419434369   -1.4605884344712239   -8.62318631509553   -32.013881316925335   0.9343157895936421"
"-8.421796556778865   4.533262743280417   8.298194767819083   -11.55587565144945   6.181798250103662   8.069994682526007   3.5485484874573614"
"5.416517624649338   -8.806555812022971   43.85488383006421   5.262029760943653   -6.9567587682577905   43.88688581533229   1.8565127875174592"
"-13.916812900153346   -1.821746526804704   -45.592662211919105   -13.647730132331981   -1.41735017501569   -46.19617141293724   0.7747033632250587"
"-13.650582727490384   7.799497133144033   -24.138651010031495   -11.994866405982334   10.191449123839385   -24.67119685549223   2.9574373942007797"
"41.50285526721955   6.499614748865559   -1.6044927640178344   40.30105942996035   6.107918298483883   -1.6857360096127119   1.2666253623901378"
"26.094075935530633   -7.703317524869837   18.98624650000788   24.638391559997736   -4.965872340603133   17.866106335045846   3.296564443052303"
"12.36573989902818   9.528775246315359   61.25756395647373   12.347486123843828   9.411166300711757   63.08727636536144   1.83357916753876"
"16.924016388687303   8.925462126032322   -19.67762882394041   15.917546790533587   8.727015285878704   -19.898437650769473   1.0493420502297073"
"17.896369178479777   15.298180363465503   -33.15973184008587   17.991190344597875   15.26060304955773   -31.16130680773992   2.0010261662385695"
"0.6324886860976777   -14.156101642817868   -34.532349762494505   -0.3265092027280865   -14.148781072245622   -34.13121277588335   1.0395390437849148"
"-8.047524968170755   -6.026801028351451   11.701666295757747   -8.955695474130625   -6.785583282836059   12.015963797304847   1.2244619622899278"
"5.484585205380474   -4.592493344000378   61.944038410279276   5.46207138776877   -4.554603754253208   63.41304439589921   1.4696669958809936"
"0.6760853168388494   6.842185967781247   -9.53419592637188   0.3585308933683955   9.968446517615288   -10.281879601793422   3.2300737941734643"
