"15  OUTPUT\PA3-D-Debug-Output.txt"
"-26.31938708083556   -16.08581870469271   -49.893957474903615   -25.759275001103745   -15.836268338483826   -47.77681514072928   2.2041534861006453"
"33.13405524098752   14.14405383716435   -13.3801293141521   34.700632177731876   14.85513983791605   -13.976385747709745   1.8208043095740012"
"31.71908279522073   5.509571960276897   -25.26458932787709   32.30179164126497   5.465028137531654   -25.5973107888419   0.6724859269825113"
"2.857748934373535   -10.654372230736671   14.821208867197555   2.850594650843048   -10.600491020744665   14.80785276858843   0.05597100975589018"
"-30.75322403791064   -22.20760508916481   -10.123376615320751   -30.986495772773953   -22.538888630093613   -9.818374361265573   0.5071398838143217"
"12.435886366235035   -9.52992670361541   12.140404628715885   12.415833154524831   -9.439380843274996   12.100274020689996   0.10105023416700885"
"-15.009903683226362   17.94738560520821   34.50571973647874   -14.078361397485915   17.734525593140106   33.941980970362096   1.109451130642033"
"-2.1929221557039975   -17.517815776490387   -6.987821789565942   -2.227013722260322   -17.138251177835933   -7.174583840029804   0.42439555011268376"
"-8.482492341975188   -27.258389306168173   -37.97146062548483   -9.169110024208377   -26.221462170733453   -37.32667561526179   1.40086024826335"
"-11.51067310694411   6.438214705600538   49.4445312222941   -7.163013973001488   5.877097638488459   49.686087198276816   4.390369186924048"
"-9.592480233332925   -27.5508806866904   -18.083497084811896   -9.473773900515221   -27.78243848695052   -18.025608052330938   0.26657334524275755"
"-44.2220594367353   -10.727371879749706   -23.830719526526266   -43.904055553843605   -10.67821322392765   -23.92194528496052   0.33446252701660123"
"15.422731550026974   19.93007168699242   35.51360999875328   15.446136291439243   21.763730304236397   36.083153513549796   1.9202165299154246"
"-5.152041219922786   -18.606128000244723   -8.497933593809606   -5.196295353513696   -18.177950490330087   -8.687829600494906   0.47048368908135846"
"3.3344844064148544   22.299654909150718   27.7913909648624   3.4589775132392035   23.179459735889285   27.914687270633532   0.8970825189557913"
