"15  OUTPUT\PA3-C-Debug-Output.txt"
"-6.629801271778458   -11.231708008247718   -45.619761265251334   -7.42447556513636   -11.128871144644625   -44.723227246713655   1.2024374825473967"
"1.273365069424058   20.50701011718979   40.690591397433806   1.269409025378579   20.567343155577202   40.70116865310761   0.06138081249980086"
"9.174351384781822   -6.246284448344161   41.38853336963892   9.211759882129918   -6.567611075089496   41.38261044192457   0.3235510435805881"
"33.32071003229469   10.739257176664667   -22.809552806172164   33.24291295202287   10.71688046063208   -22.772967761096872   0.0888345014191244"
"19.806544903758915   17.708954252451555   33.46226828716222   20.986314785052322   18.413260152163538   33.83265676564433   1.4230570607563349"
"27.51715780350393   -8.177268164149005   6.196352581762795   27.515005401416968   -8.149672184471386   6.186648872839863   0.029331431877296844"
"-8.774655317775693   6.259571249674412   46.45507406280021   -6.954419436084436   6.250808858115756   46.40285523542254   1.8210058348162628"
"27.630569057888273   -11.794756074916808   -12.06240217124865   27.822575428208022   -12.015273979834287   -11.994641415526607   0.3001434867668817"
"-18.01971337094692   -16.24858224390847   -49.98850001458939   -18.333406848876095   -15.501767404139322   -48.2853691584396   1.8859455761405837"
"-38.99211352637465   4.331034385899523   -25.796822935594165   -38.556005411762754   3.9290978282368334   -25.85199085071174   0.5956398096790514"
"9.9802832658908   18.35264923584584   60.8593703298653   9.671235754803563   18.97260012280304   61.32234103790346   0.8331814585368517"
"-26.5891040815063   -31.381797971592853   -34.63345004810117   -26.459851464869264   -30.85010712479687   -34.345330335246196   0.6183966076958866"
"2.6047838598425326   -16.25048418591291   -23.46766474481609   2.674883645960686   -16.290317092523143   -23.499278182179363   0.08660282838771478"
"15.068725225627784   6.585682917996959   -21.158728634763463   15.99697126199623   6.310170995597219   -20.377676680264642   1.2440215749915908"
"20.796742581554728   17.234453301338796   30.85509822607858   21.732529437434184   18.225454565449514   31.02184257591715   1.3731657668718977"
