"15  OUTPUT\PA3-E-Debug-Output.txt"
"17.655465562978073   10.818462400781904   54.130180781427526   21.1369269243611   12.026019712369978   54.317162529557216   3.6896788540069996"
"-32.65384104832998   -30.133290785560924   -39.42845956062162   -30.956284123536847   -27.180091016482958   -37.64087308710129   3.84688884545786"
"-17.776010356049476   -19.370853200368632   -49.0596283626899   -18.09330010839765   -18.815904900730338   -47.16639620325659   1.9982413297019743"
"-31.031333655452336   6.135434486706805   -36.12440534595096   -31.276603383831162   6.585597660228798   -36.34287470670172   0.557254864529024"
"-27.783734674574553   4.923334255919174   -41.20355480466767   -27.72283119608226   4.813248236565753   -41.086162600413004   0.1720729350284686"
"6.278668894827707   10.045690114376374   -13.410061013344205   6.32519251359577   9.640653081383563   -13.157122367235711   0.47978891597669554"
"14.3012804759949   1.4145451398501283   -24.56371423603649   15.4590025444541   1.2286602278097063   -21.523549168712368   3.258447057249757"
"-19.879760527502523   5.496655795125772   -40.409331288408126   -20.025934380247804   6.134812779292106   -40.92062903362185   0.8306843660063118"
"23.73556628253507   3.841940666460477   24.540732173560812   27.51105218479845   3.4725261420793383   25.801092327988336   3.997407736006154"
"14.13613898195634   -7.965628742074414   23.203106564432034   13.97368968271638   -6.789318241073195   23.08041061607294   1.1937966599605776"
"-18.06895871640264   -7.062716524013972   0.07389338622509456   -17.229707124610883   -6.901771159946302   -0.4343568518607555   0.9942660353518052"
"-2.2819675120270975   -5.0655645409131305   -27.61830760291535   -0.7839086708699862   -4.328548853888647   -28.669125122188266   1.9727113000386145"
"-41.51150728827615   -13.619476026937186   -42.49448038707119   -38.683691182711364   -13.277699406221737   -40.83609427325813   3.2959975254613383"
"30.09726037653877   15.198250608707927   -6.444150529862014   33.029891735694164   17.645700634144653   -6.298402583364788   3.822509748793325"
"14.249911573451204   -9.294510967827037   11.871443130658449   14.182224873940477   -9.091607969245498   11.782563105481563   0.23162636939579956"
