"15  OUTPUT\PA3-B-Debug-Output.txt"
"11.162984982652796   19.128156841701827   -26.09251042391844   11.244331057120535   19.10910354034705   -26.075800040624507   0.08520240039844525"
"-29.93086003941391   -33.22950488179466   -31.156796034066275   -28.966283389348558   -30.94548756507814   -30.728319707046822   2.516095224694074"
"-8.328065927793903   2.9194700453423597   31.067834009758897   -7.635890892302171   3.0322743447136986   30.916518718647875   0.7174450550659976"
"1.1550727800465213   11.016611976047587   -8.298990242625678   1.1842091803479526   10.946442451898342   -8.26507525210515   0.08320407756753362"
"-31.617571501086157   -5.263278629517911   -12.851902943181983   -32.463662159651314   -3.968382415223866   -9.86384819107772   3.364683760753325"
"-24.43960821057712   -0.7518348356820551   -14.42152328011548   -25.33479751931187   0.9842986256795921   -12.443316205795869   2.7800767117151155"
"-16.622419161407002   15.473508502872336   17.482266729657937   -14.829398150237202   16.0601326638066   18.884818356067903   2.350787807828142"
"12.62851872029608   22.048942329135688   16.64072509196349   12.702615994851582   24.553143588575967   16.98670821329632   2.5290746675663898"
"30.57245803211948   4.126560077409782   -29.961883990887628   29.803899002444446   3.900383440341032   -28.739287576130415   1.4617047741004174"
"17.562031662043136   24.277494830630815   -10.293124650805382   17.567499054671103   25.91983029779475   -10.53765596638646   1.6604491089420785"
"-22.812074202981226   3.8926177855249313   -44.379195970286816   -22.82804370303744   3.4800541991065495   -43.78945692305876   0.7198999108180945"
"-16.488487235847288   -33.902171785009855   -28.164963117868254   -16.71815251782857   -32.36988595009312   -28.037414981751187   1.5546429006884364"
"27.774536461460023   17.553760300390312   -24.53950771632084   27.671679685581275   17.47053561476857   -24.45104277338659   0.15916001623953693"
"31.58843350327026   -2.0866941958389873   11.521786374022255   32.6115023752896   -3.000478150295436   12.405289640582904   1.6316399891950184"
"27.254756380713488   5.823290199352723   -32.88885552090309   27.02836636276409   6.163996489548939   -30.05042381270819   2.8677565758781958"
