"15  OUTPUT\PA3-A-Debug-Output.txt"
"5.757702967972698   19.752643748686484   -3.01776922892995   5.756296450827846   19.753254462292265   -3.0183390375822086   0.0016358311304153323"
"17.90665500043917   25.328378902753983   -18.842871524445215   17.907302997577297   25.324097459897583   -18.843042851110916   0.004333590434041287"
"-39.300087745467984   -22.325701208859204   -30.752572887983177   -39.303304149688756   -22.327730553345354   -30.753377025015528   0.003887175262535559"
"-9.827568111163908   -13.442348207032182   -1.2212581313319788   -9.82755476038131   -13.442309065712246   -1.2212837556977656   4.865073940164519e-05"
"-24.992931427093236   -28.757792451593502   -38.54037064616525   -24.993141915486188   -28.760974812988046   -38.54293407377019   0.004091807729453737"
"-41.37003603874838   -14.705596318877372   -29.901576787536186   -41.37131773386132   -14.70519114289598   -29.90240961389814   0.001581299999237314"
"33.83442568162332   16.25334857304813   7.0108616775683   33.83171295591219   16.25087271643712   7.009500773376308   0.003916734221505927"
"-2.4850215187013562   -7.411320188624057   29.482013899125008   -2.485806089734803   -7.416575695599424   29.48322957260243   0.005451033597251624"
"26.653597412023085   23.296557845258995   -10.089417125823829   26.651621900838663   23.292117782422693   -10.089178418938571   0.004865571231331403"
"3.4844054456541875   8.814668633378666   -14.499236983822982   3.4844522353624523   8.816244193629146   -14.499959856626612   0.0017341062452799272"
"-22.846996760468397   -12.857199132132006   -48.78798083526068   -22.84707992148837   -12.857325820028306   -48.788366130994326   0.00041402702891908135"
"23.772357594995864   -6.1917421956064915   13.76862693905153   23.772474664110913   -6.19226354495049   13.768721254669016   0.0005425916990588758"
"-6.247742694949296   10.36584919001463   2.0608695455483996   -6.248355310484867   10.36657632836121   2.0606374244709587   0.0009787278294206877"
"-39.00797015533644   -17.633165260317273   -14.571157718324585   -39.00704485012935   -17.63273908875191   -14.571887635707645   0.0012532323469670798"
"-24.844666953202573   -11.013595590154736   -6.087988453808137   -24.84498031652852   -11.013603854685005   -6.086955370381551   0.001079595406991117"
