"15  OUTPUT\PA3-F-Debug-Output.txt"
"-33.93536805000799   -28.708848675589973   -20.336426211740303   -33.41650686743038   -28.05823896040168   -20.53325871775555   0.8551333017181988"
"4.311021182761012   -20.115472937147505   -14.889425776685599   3.1331348944243405   -18.038852128485534   -14.909128885740289   2.3875004300996183"
"-6.378255833751281   -5.714462779348505   33.409029369585724   -5.160634550115781   -4.612910464788173   32.81486018667052   1.7461546638260614"
"-9.274435420545323   -29.372420184486376   -38.63569904148218   -10.815944790204773   -27.29781191724156   -37.41409810526159   2.858768869048953"
"-38.3704573493602   0.914743308132965   -25.07241077531387   -39.95337184997018   1.996880511284309   -25.06008076098137   1.9174960943738575"
"-5.782498157163851   -29.913100784894265   -19.62802664119063   -7.3577611937977325   -27.209453545211733   -20.302050401119025   3.2008545827912864"
"21.23344351122405   -13.607386676062145   2.3127712750899434   20.347320388007937   -11.57047776694837   1.0972524223172666   2.532133127418689"
"8.053457473086837   -18.534974481951316   -3.2994890931743015   8.604524356597649   -15.89527319406498   -4.33914114080822   2.8900820022138642"
"24.071219753867652   7.795975137012448   -30.113016359091603   23.98060696268058   7.754763329384166   -30.48276602177285   0.3829150089348795"
"-37.64734903657516   -2.077301033320294   -36.55148153677464   -39.0592410652699   -1.6239106845603817   -37.337589816179246   1.6783825952353264"
"2.32704749163237   -9.329455978205495   -27.275589237515064   1.8614255179590455   -9.318148087869432   -26.853368016594153   0.6286512945562417"
"0.7372874321698104   -14.460382256558486   -31.424243655056614   0.15170217933954216   -14.435126362644384   -31.40179431656913   0.5865593928224279"
"-15.779457767236465   9.294156671679108   -23.209791676338   -15.941075966284135   11.057833315048352   -22.41677916001679   1.9405011197295694"
"-9.893975180086466   9.514445059341888   35.96004455284262   -8.818029924095477   10.059905523399724   35.62359163040551   1.2523521392787964"
"-1.2643106301042524   -22.15120734330477   -37.617153650693815   -3.3417867115029027   -20.653407114462112   -36.26683541827374   2.895284394167639"
